# step temp[K] press[bars] vol[A^3] density[gcc] enthalpy[eV] etotal[eV]
0 309.018152424972 1061155.98156735 282.274920953925 5.46675626248073 -219.564545363411 -406.521301261845
100 356.887706359445 1052646.14452066 282.500291746017 5.46239503799691 -221.0908469314 -406.696392220827
200 317.691207239649 1018199.95822977 284.149095417091 5.43069894205021 -227.250306558409 -407.830034874677
300 318.816119189252 976978.80286961 285.761829615907 5.40005008345672 -234.748649526101 -409.001143058479
400 267.415209280826 951004.190603123 286.812893729418 5.38026087949142 -239.625757411275 -409.869337850562
500 247.964476322623 948572.228871914 287.069815704197 5.37544564927785 -240.254491217999 -410.214826377315
600 242.678923533071 963857.895181678 286.250456277878 5.39083225204759 -237.570048435363 -409.776270585538
700 266.536972116521 990252.714061302 285.009838444148 5.41429797753639 -232.830611112228 -408.98583873758
800 257.076883194176 1025654.58878075 283.556384369936 5.44205060060615 -226.439927208435 -407.9623167873
900 292.238029577529 1045198.06881985 282.696361058021 5.45860649245996 -222.819407425008 -407.239594988764
1000 336.864535605668 1045725.52139448 282.889082783975 5.45488774851206 -222.665343112624 -407.304384810638
1100 242.301785432372 1029692.24350616 283.659282502165 5.44007648279355 -225.443230077263 -407.74634274369
1200 338.295040959898 992036.20619305 285.102767199253 5.41253319645143 -232.064030326346 -408.594061535446
1300 296.752984391458 973858.665055539 286.007856363151 5.39540490771265 -235.233537661822 -409.079071654622
1400 280.03480475699 972370.172231818 285.988829279482 5.39576386865832 -235.423155803927 -408.991428202671
1500 305.082042297293 985647.318229337 285.695928710509 5.40129570215103 -232.99599169488 -408.754047041812
1600 266.13926055095 1007199.5747895 284.619232394261 5.4217284576488 -229.159901452155 -408.084239591189
1700 363.207265826261 1021328.34678108 283.796842307515 5.43743961109345 -226.719736533086 -407.629742250699
1800 284.914973183994 1023429.43951678 283.711382581535 5.43907748016648 -226.436770069607 -407.664357204952
1900 299.335245434313 1017647.74206373 283.843116936561 5.43655315133468 -227.630471110301 -407.917915752526
2000 264.071737396122 1011455.06215969 284.299110210847 5.42783335031081 -228.870440393671 -408.348652806758
2100 268.28641656065 997078.552923324 284.993249357394 5.41461313678686 -231.54523834872 -408.904384898546
2200 274.227210852636 991205.520606726 285.040080460838 5.41372353449828 -232.63796565954 -408.981396827684
2300 240.950296636944 988571.83536912 285.094603473541 5.41268818513198 -233.013189928779 -408.92170900247
2400 280.403831574297 996095.785656106 284.892371910978 5.4165303953744 -231.442391945468 -408.56400808832
2500 296.95739000153 999030.939312643 284.937021115951 5.41568163316401 -230.620999800438 -408.292373616254
2600 284.121420227361 1005868.75911123 284.567422491637 5.42271556720964 -229.321109798124 -407.976507717856
2700 312.758509900719 1005256.79097699 284.510065811043 5.42380877621035 -229.395116875795 -407.905833864754
2800 278.656023847034 1006518.22487342 284.700806650039 5.420174990101 -229.232569105578 -408.087115111855
2900 282.78301448216 1010695.9937688 284.41085640801 5.42570073222656 -228.62379033619 -408.037801935991
3000 254.167430755327 1016374.02742498 284.298767323019 5.42783989672676 -227.792523302016 -408.143366755314
3100 250.637636557635 1018634.19496125 283.953285779561 5.4344438650521 -227.521664185815 -408.05391307766
3200 271.681188766172 1010317.10668649 284.326199121909 5.42731621859611 -229.081858654775 -408.375227925897
3300 256.751792633508 1002599.99603974 284.502788389091 5.42394751420051 -230.524390959233 -408.558767641326
3400 263.628525690814 998007.826714623 284.491169108729 5.42416904081954 -231.292572751009 -408.504267843094
3500 251.469360132013 996476.415132207 285.044071269905 5.4136477387209 -231.323606947096 -408.607254718564
3600 299.273326979789 991022.076678138 285.226316731245 5.41018868648133 -232.022680892795 -408.448671868355
3700 349.881173000798 994061.931437307 285.089286022868 5.41278914193339 -231.305392118915 -408.187531069258
3800 360.633753181927 997008.630999765 284.984785612174 5.4147739450418 -230.75061574636 -408.092057815292
3900 354.350338203523 994952.390993326 285.144489158134 5.4117412418598 -231.186599470233 -408.261466856227
4000 376.49014778815 990887.180961206 285.271566575842 5.40933052104886 -232.094003984394 -408.523965610171
4100 289.800831718261 990771.905516623 285.198890972145 5.41070894983543 -232.354060661758 -408.718555247529
4200 313.098806145247 991998.266620452 284.943605009712 5.41555649867462 -232.283935464078 -408.708669102486
4300 259.163919553327 989023.045534164 285.257307050031 5.40960092424721 -232.862214718178 -408.951459928987
4400 323.429661842825 985973.836119877 285.231819945609 5.41008430321827 -233.351620721204 -408.882288968571
4500 249.725018861094 998975.922017336 284.756146998324 5.41912161732967 -231.032393784831 -408.581205977342
4600 267.605817926749 1008846.32069165 284.472018913621 5.42453418708534 -229.172939108102 -408.297117761784
4700 304.962955413978 1015851.32138991 284.190342522582 5.42991073577211 -227.85135596214 -408.040701504168
4800 283.652423286134 1016711.89421628 284.041475256565 5.43275657356823 -227.589080434253 -407.83660393999
4900 372.73814095308 1012824.10048067 284.267695210956 5.4284331911896 -227.943515802677 -407.644798837192
5000 392.979142144871 1014173.09618563 284.327779566328 5.42728605069748 -227.307856691728 -407.286519800549
5100 339.082224560222 996956.869312224 285.143742179135 5.41175541876941 -230.252709153017 -407.68385516401
5200 413.482900038249 973215.798052593 286.056095483357 5.39449505265272 -234.646825247584 -408.406901777007
5300 351.241038023045 965682.27076679 286.542069112023 5.38534602143477 -236.237381468066 -408.945317185706
5400 338.642210718859 960227.830541467 286.680242366187 5.38275040906037 -237.416043489767 -409.231288056384
5500 312.065811419849 981216.085406422 285.711613642836 5.40099918302643 -233.791390949052 -408.768886308505
5600 305.93799705533 1006685.15647843 284.5067225189 5.42387251241001 -229.365431126459 -408.127692636414
5700 316.558080004361 1027614.39372215 283.767742846725 5.43799720287315 -225.77615827328 -407.780960505331
5800 247.319292570696 1042296.44212332 282.84282238806 5.45577992341256 -223.318016011971 -407.321505924096
5900 251.79747140449 1045176.52929849 282.680520504997 5.45891237609647 -222.860716900491 -407.266770366949
6000 279.950821420296 1027503.41084551 283.475840482584 5.44359684846204 -225.999040876738 -407.796984479177
6100 300.874040264693 996405.776949801 284.714710712205 5.41991029548853 -231.469191705047 -408.535440358821
6200 313.518240169589 962963.336122506 286.315852433512 5.38960095555472 -237.271551598345 -409.357254043821
6300 353.520164681336 948405.59495044 286.978083828944 5.37716389794393 -239.627004774901 -409.503182793694
6400 398.918174196632 943937.508163745 287.261521416798 5.37185831313321 -240.221940855555 -409.464795633102
6500 315.900223974534 958681.578088228 286.900807635888 5.37861222692875 -237.495576105157 -409.166124898727
6600 301.60107978098 998316.963132706 284.743011292021 5.41937161113869 -230.503873748073 -407.92738377104
6700 361.333530208672 1042678.36357059 282.947898816288 5.4537538476935 -222.803092019274 -406.942387604687
6800 325.992008085844 1076711.50755969 281.289536961276 5.48590682944087 -217.05632278871 -406.091476782256
6900 254.108822993521 1077101.79929482 281.198427237629 5.48768429121436 -217.159364176909 -406.201789862546
7000 322.155816259407 1045478.70868519 282.717954269945 5.45818957926072 -222.780058881765 -407.263854363886
7100 268.249055519331 998249.6610118 284.759163918196 5.41906420370521 -231.144882327735 -408.566495271966
7200 255.316979321375 954547.88004618 286.826140296 5.38001240149743 -238.872720243216 -409.758564693796
7300 261.621413236749 936589.47481973 287.715321589841 5.36338552753879 -242.03872361115 -410.229395453746
7400 293.648885528753 951386.958248937 286.973387399256 5.37725189729604 -239.306897518618 -409.714301531953
7500 336.783467142444 973780.577950656 285.859986554937 5.39819584567691 -235.172056499391 -408.91377778942
7600 297.945322979963 1006801.10052318 284.349132428935 5.42687849505496 -229.108661357534 -407.792482685748
7700 356.007655607652 1028340.19612234 283.660243930352 5.44005804438711 -225.072260102019 -407.136614981428
7800 410.332430759147 1026882.21903037 283.655851900398 5.44014227638065 -225.128100967214 -406.931510666725
7900 346.357712841272 1016997.39804432 284.073527933592 5.43214358300524 -226.793242418731 -407.111727156046
8000 435.060486566534 994099.177422886 285.018111197785 5.41414082558173 -231.025270423272 -407.869875179578
8100 300.54841125542 984307.52393507 285.746884632955 5.40033251402998 -233.238197989182 -408.788649818443
8200 330.573435278796 975777.404030314 285.694684768417 5.4013192199112 -234.987986894995 -408.985307320419
8300 285.122639648531 980491.845903468 285.600432020526 5.40310174235036 -234.24292886435 -409.023232272016
8400 261.369988455078 984104.678466934 285.384842246923 5.40718343594073 -233.653087371425 -408.944984624159
8500 291.636432236638 986710.245296576 285.1507756471 5.41162193356921 -233.192978190358 -408.80483605075
8600 310.428620027989 993053.900428722 285.009939213242 5.41429606323856 -232.025306492078 -408.678897277278
8700 315.993086426449 1002117.29004639 284.529087711196 5.42344617304095 -230.311119806919 -408.27623058998
8800 302.181468132818 1003899.88440692 284.404060119974 5.425830387988 -229.835953919194 -408.039293613229
8900 361.345878128309 1002709.69124198 284.709953140575 5.42000086349003 -229.884448657982 -408.067956659194
9000 349.874411697166 998543.139021226 285.053137776938 5.41347555021009 -230.50567436571 -408.162664705809
9100 310.900747066192 997508.314824985 284.996922146263 5.41454335803028 -230.666996160598 -408.104874908929
9200 358.244359827412 997226.435337956 284.855243457637 5.41723639394972 -230.851568937022 -408.151123025217
9300 273.224244293304 1002489.33088981 284.512880619833 5.42375511612795 -230.261008401786 -408.28204873168
9400 297.992282890033 1005350.25837032 284.388733904268 5.42612279565749 -229.968278377846 -408.419458449619
9500 260.875088800149 1004260.54464216 284.388430748749 5.42612857985577 -230.221816337053 -408.479380565257
9600 257.158157237634 1007034.57987848 284.339566079567 5.42706107750866 -229.703258592677 -408.422504237439
9700 294.380523384801 1006052.34448304 284.318458919701 5.42746397025858 -229.747613472719 -408.279287215262
9800 282.403244372896 1005387.92417966 284.463321907238 5.4247000334522 -229.697414486035 -408.2020852995
9900 349.096043450545 994846.92551276 284.88130401799 5.41674083241586 -231.40777450897 -408.300451088837
10000 303.645856319487 984104.757866291 285.662843408556 5.40192127703194 -233.216749901047 -408.679417930427
10100 325.283020676627 978237.136074679 286.109897613513 5.39348063362223 -234.213097930822 -408.902544969936
10200 284.134563903251 980532.82113862 285.893607355978 5.39756102326804 -233.84711802732 -408.814149041852
10300 276.727738662228 998179.798431037 284.994707932963 5.41458542531638 -230.746652545025 -408.30259604965
10400 320.588297796467 1023044.22744513 283.679818942124 5.43968265920583 -226.402291512005 -407.541511324192
10500 256.162312832926 1032829.20472887 283.427426435225 5.44452670397722 -224.691622533998 -407.400658300933
10600 294.345386725835 1036270.54780189 283.115190095859 5.45053125317522 -224.094389516116 -407.210252925467
10700 268.520408600181 1029180.01644937 283.714170830112 5.43902402672071 -225.371954768957 -407.619637843733
10800 285.983877054703 1012338.55743929 284.135678284072 5.43095538436162 -228.366950677896 -407.89867060459
10900 323.78066705651 989801.352993111 285.10855795104 5.41242326416282 -232.366419657959 -408.502342516555
11000 250.572912190334 981408.542141729 285.688263240376 5.40144062749874 -233.84734293526 -408.844855340254
11100 318.882842492571 976793.668016893 285.919708276801 5.3970682929356 -234.664815462051 -408.980541979084
11200 276.485142853771 988279.550562916 285.199399957402 5.410699293535 -232.643506519792 -408.564658035068
11300 269.271760369529 1004201.18335845 284.663614481188 5.42088315248347 -229.842218719556 -408.261724011951
11400 308.20181266832 1015162.01343705 284.052140981987 5.43255258183031 -227.920313304205 -407.899824525583
11500 241.760834798867 1020360.16230187 283.938629568894 5.43472437762013 -227.051789396579 -407.880597053343
11600 274.643154064527 1021784.39652525 283.660655543257 5.44005015045452 -226.866081743114 -407.770015699344
11700 330.720105503647 1014187.8114541 284.12149894465 5.43122642108381 -228.258572883481 -408.109270482487
11800 248.447716837632 1010561.85036666 284.139757141653 5.43087742239752 -228.958272875961 -408.177477963418
11900 269.535940609922 999141.759874598 284.812009604226 5.41805871883861 -230.959467165903 -408.572590632255
12000 336.053033980315 987543.624556412 285.417439545793 5.4065658858191 -232.943850958379 -408.868396575334
12100 312.258949371727 983765.166130071 285.430179074377 5.40632457601484 -233.484332591387 -408.743592439251
12200 320.257978443564 979455.855446751 285.68049832631 5.40158744088835 -234.042203914877 -408.686780759345
12300 365.069252129099 986098.808716737 285.26987713779 5.40936255642851 -232.696216841617 -408.272556906737
12400 349.090726838875 993442.378076052 285.202253660189 5.41064515466529 -231.35668745782 -408.198630345402
12500 351.82674542043 1007149.07445343 284.383761373277 5.42621767295861 -229.063542041032 -407.830888869974
12600 290.151991367158 1019907.18124052 283.785876717036 5.43764971575658 -227.081333333598 -407.732624622879
12700 209.030427034381 1031016.77377957 283.285272973483 5.44725878500067 -225.355587485288 -407.652524308657
12800 325.036904990842 1028198.52847234 283.360767756972 5.44580749156357 -225.910858441711 -407.757942351949
12900 296.212993988331 1015014.709576 283.974853724238 5.43403111799689 -228.220461334297 -408.124893636102
13000 225.870732940205 992434.504923515 285.090444822373 5.41276714071415 -232.18734538719 -408.780619889541
13100 265.852449477481 970887.049714006 286.091500545909 5.39382746052078 -235.884917347938 -409.250668819933
13200 374.910363876633 949164.977144173 287.031416228474 5.37616478412874 -239.589068184471 -409.632860253671
13300 340.460512053868 951599.412432217 286.832999471373 5.37988374667516 -239.037919785963 -409.399995227169
13400 325.018458049 975650.286124254 285.76013066062 5.40008218885791 -234.6722864381 -408.68679310571
13500 316.924149008509 1006637.28364788 284.544686427341 5.4231488601709 -229.198471358114 -407.976084325011
13600 328.243960814078 1030632.52192173 283.493221892802 5.44326309307538 -225.108831936227 -407.471595481376
13700 294.487532154521 1044514.41391589 282.639392917995 5.45970671651508 -223.026993532272 -407.289413960534
13800 210.321053884354 1042926.20999885 282.711806603267 5.45830826949372 -223.520010916707 -407.549394060619
13900 276.128233546723 1014277.61162664 283.873599908498 5.43596936229196 -228.566806314485 -408.276493055644
14000 288.047901948513 983738.682379256 285.169010304298 5.41127589642185 -233.909831520661 -409.004015246453
14100 275.371153426975 958076.650205504 286.66133272554 5.38310548267621 -238.358867356719 -409.777889793468
14200 269.703707033757 949890.428549465 287.089082554567 5.37508489746496 -239.668840816261 -409.876787106592
14300 311.640492034355 947705.969091718 287.236165393227 5.3723325186213 -239.891128353981 -409.794649272043
14400 383.907907275311 968839.008045762 286.23475825329 5.39112790243525 -235.992139830121 -409.078812399801
14500 291.312440152117 1010454.92649614 284.19628312765 5.4297972333896 -228.526698203312 -407.762590365148
14600 319.291863307963 1038407.03102764 283.211657063218 5.44867470452201 -223.587817327813 -407.143733897202
14700 365.136879817793 1053713.4334052 282.453326504313 5.46330330382057 -220.972584552689 -406.735429312663
14800 251.355458448938 1055152.22954664 282.419485903715 5.46395793805892 -220.961981291372 -406.956189931132
14900 257.334053834304 1034478.73968849 283.266471091118 5.44762034815531 -224.933662829598 -407.830579623938
15000 266.741862927365 1001495.20509469 284.654381679672 5.42105897952639 -230.879270414745 -408.812224968369
15100 246.533797656802 972451.777786759 286.102655471708 5.3936171592742 -236.005037173607 -409.656963751593
15200 229.966545429859 952673.533494628 287.075487743983 5.37533944117966 -239.430380355719 -410.128939028097
15300 309.401585008766 948341.5580067 287.08063514368 5.37524306052133 -240.052464803199 -409.977873649048
15400 266.32706682264 963985.383312208 286.55665603377 5.38507188499669 -237.111602990407 -409.524834558451
15500 255.284292342978 997261.669842481 285.113777929058 5.41232417133514 -231.060505999158 -408.527247193172
15600 349.98973413026 1026646.72424581 283.646627841124 5.44031918733211 -225.772299028858 -407.528105156622
15700 371.477019254558 1059078.30724154 282.419818195048 5.46395150924 -220.010667767413 -406.69715517094
15800 281.859405290079 1067303.75495857 281.962563656945 5.47281231895591 -218.590455418871 -406.422259810461
15900 341.633201082673 1039217.32382953 283.130742402659 5.45023185674247 -223.572139060151 -407.218804963414
16000 296.268819483389 996692.783236975 284.882845361674 5.41671152542385 -231.248663410755 -408.470508844136
16100 210.334597263533 959252.322010664 286.47193869407 5.38666439338083 -238.216067322493 -409.732047230564
16200 269.208246137428 933190.761245885 287.608750624442 5.36537288422468 -243.10835063499 -410.626616529041
16300 210.804909223394 937225.947488619 287.575810479243 5.36598745664494 -242.408440944384 -410.63179926428
16400 261.288052785785 960465.8770907 286.562480203936 5.38496243739912 -238.187896566217 -409.975139663566
16500 309.243581397885 999504.425572133 284.74565821773 5.41932123399111 -231.050269150539 -408.686469376339
16600 252.671006741385 1045152.54605139 282.847534548839 5.45568903164568 -222.780725520366 -407.29149626134
16700 302.340675813925 1073310.78254182 281.393622614432 5.48387762852938 -217.717968676892 -406.2257949311
16800 283.250194469656 1066833.25326453 281.825679772192 5.47547048627179 -218.762511630535 -406.42036755643
16900 303.414336467255 1033293.83302528 283.278766268949 5.44738390452129 -224.616310443644 -407.311664053383
17000 303.023096679065 985925.241841571 285.304053901465 5.40871456526541 -233.004709201183 -408.571176654165
17100 288.505738290112 953466.645201567 286.960043330989 5.37750194749667 -238.793871363714 -409.565836763091
17200 311.058104242088 940320.679365474 287.576315875465 5.36597802627938 -241.211435534374 -409.990566119198
17300 267.113289032907 948381.765337054 287.140778445065 5.37411718468733 -239.935394238245 -409.903608328258
17400 264.528267849794 975007.814724529 285.755570982603 5.4001683556331 -235.423640435682 -409.320782734991
17500 254.667089821316 1010756.36577638 283.921996575525 5.43504275990691 -229.232700703826 -408.349024918201
17600 258.293680123737 1038031.26263595 282.823091622875 5.45616053841804 -224.420169900198 -407.657916115983
17700 247.996865834714 1049855.19295579 282.517583260609 5.46206071160767 -222.247193724076 -407.371961118599
17800 242.843655634454 1042823.91497111 282.718949251524 5.4581703700846 -223.301306219573 -407.317287913845
17900 289.251329262636 1023784.68073794 283.646539287181 5.44032088579005 -226.479279675624 -407.728337857758
18000 296.358388702258 1005654.67215639 284.426206555547 5.42540791354526 -229.601712629072 -408.130447450925
18100 344.827449876337 985316.679680573 285.710212760049 5.4010256649877 -233.180101039683 -408.88798227971
18200 284.103763476248 970206.143382224 286.199719359061 5.39178792810114 -235.872157608187 -409.181855981887
18300 301.438114082434 965607.329319704 286.374585483573 5.38849559314208 -236.709511143378 -409.303104092613
18400 346.866086987696 968454.569198764 286.15722217485 5.39258866205805 -236.231975169679 -409.203098715967
18500 299.335304302501 988632.828706 285.157438468237 5.41149548879121 -232.699294499727 -408.657439572639
18600 264.33098249365 1015861.10921574 284.040681233981 5.4327717605879 -227.954162134982 -408.050350976066
18700 305.078119841366 1030156.95894807 283.305368565369 5.44687239666644 -225.572129347165 -407.729960856343
18800 280.44835120991 1037611.61827544 282.930319507639 5.4540927057641 -224.417229475814 -407.650341859816
18900 233.453117588139 1030742.87558655 283.264774664246 5.44765297307154 -225.704321397558 -407.939642156414
19000 245.873904752404 1003189.97742654 284.431258451052 5.42531155074041 -230.550246932512 -408.644600298021
19100 270.213001791116 980505.635445353 285.666896397713 5.40184463557071 -234.410974792006 -409.234411397238
19200 309.786067423857 962899.247177247 286.742245447824 5.38158648181094 -237.257476173885 -409.587985500182
19300 324.289651927714 961265.335906726 286.713317921662 5.38212944920734 -237.394727460898 -409.415459172354
19400 320.353035883854 979884.744131787 285.727532839718 5.40069826848558 -234.028613811053 -408.778430955452
19500 333.056454497083 1008951.89131299 284.275492120299 5.4282843039213 -228.846671385089 -407.865834023354
19600 315.914060189085 1036300.01837775 283.172835563265 5.44942168904249 -224.049007592628 -407.207364177119
19700 301.250582966387 1048520.10754914 282.815103289479 5.45631465193227 -221.979360723436 -407.06341514416
19800 300.522602380358 1051723.94812861 282.68298949117 5.45886469731962 -221.605105715889 -407.167975834413
19900 314.871944258999 1025879.23675568 283.451003616291 5.44407383349774 -226.339166781179 -407.83383933911
20000 233.89132685518 983405.365744896 285.411482030047 5.40667873937764 -234.019714813543 -409.203399553366
20100 247.720405611613 943693.218987359 287.247554781993 5.37211950520269 -241.179529576723 -410.370358189218
20200 273.235063830035 921793.16328613 288.103095896515 5.3561666425841 -245.076187029953 -410.832871214858
20300 281.501731196533 928645.73371545 288.132524744051 5.35561958247124 -243.508587734072 -410.514557331195
20400 317.281323885282 966240.242472449 286.25807256681 5.39068882155619 -236.403181130257 -409.039635008248
20500 365.843116763502 1016079.53200119 283.911390976209 5.43524578763883 -227.448231362745 -407.501148923895
20600 329.914593550991 1068698.82951301 282.026571742793 5.4715702223741 -218.150024038282 -406.270038976143
20700 282.068731609103 1091085.65072059 280.926797024388 5.49299037404452 -214.304959532998 -405.616713972166
20800 294.154307654735 1077708.41036704 281.429231501995 5.48318376037346 -216.767201821981 -406.071345100098
20900 306.834414644423 1038979.66548569 283.107494226358 5.45067941801751 -223.761781329608 -407.351373142866
21000 249.287131134577 996626.370169269 284.867896177566 5.41699578145599 -231.427020450971 -408.627757913544
21100 289.580510817643 966388.421738447 286.12216209281 5.39324944484927 -236.905520910879 -409.486472291244
21200 218.691479635137 956780.931899018 286.819937745718 5.38012874556228 -238.656248394557 -409.938156051776
21300 263.410104947976 965541.080453302 286.264074226107 5.39057580326085 -237.000837772277 -409.515990455667
21400 290.66339653681 980120.501897026 285.717923319774 5.40087990958503 -234.136755688842 -408.922738634636
21500 317.388785137082 1008587.15151486 284.459960896622 5.42476412849865 -228.751651597164 -407.822223210685
21600 361.940100001617 1024323.1398352 283.849574529673 5.43642946945762 -225.876263346406 -407.350456372654
21700 392.176081152042 1035572.83789992 283.304048950491 5.44689776790233 -223.936029756194 -407.050672843393
21800 319.207248531397 1031817.70181651 283.472372504323 5.44366344498912 -224.723715522843 -407.282760625478
21900 284.559610885442 1013846.32034929 284.330342383246 5.42723713175203 -228.07386503908 -407.996159111492
22000 292.39815152627 993661.009395371 285.01695982087 5.4141626969706 -231.809946994611 -408.575890066679
22100 298.126616193041 979930.027525384 285.68042899133 5.40158875186006 -234.376949850165 -409.106032847536
22200 258.190686766372 977365.027458175 285.932411998224 5.39682850601668 -234.897145011646 -409.322584221263
22300 222.178421958969 983881.597746933 285.569062579299 5.40369526701659 -233.754573730176 -409.119863108478
22400 307.523681862615 991866.805075806 285.052481461927 5.41348801438948 -232.231765915309 -408.700522052084
22500 352.074031670414 1012077.95876522 284.373806020777 5.42640763387813 -228.30936312334 -407.945290328492
22600 388.291359870188 1011629.53902095 284.264903386113 5.42848650496299 -228.05229371414 -407.539867756282
22700 368.407863612994 1022245.75369108 283.92258371857 5.43503152040806 -226.166780096016 -407.319515505197
22800 361.016632735519 1017195.90653029 284.173865912919 5.4302255659885 -227.130991657968 -407.548375853472
22900 347.846451815834 1005095.45389298 284.626921325057 5.42158199471159 -229.372583068716 -407.927957385696
23000 322.13234035473 989036.911898247 285.301647261219 5.40876019006386 -232.458011634602 -408.577097245156
23100 280.693517894725 984279.668255177 285.705713043382 5.40111072833819 -233.451439956535 -408.971630430524
23200 332.794998457714 977244.245962905 285.699603681215 5.40122622496862 -234.770239011184 -409.032122000574
23300 294.191011372293 982522.035115096 285.482010703248 5.40534301290937 -233.865873908554 -408.935453411752
23400 275.798128111012 993454.415963749 285.067585770943 5.41320118067038 -231.95248767069 -408.71307049803
23500 295.90748096536 1003399.52596861 284.782330652855 5.41862336869196 -230.150865553297 -408.50228662414
23600 356.189024490231 1012668.45638757 283.99313050697 5.43368140317833 -228.422537099434 -407.922664017514
23700 257.231741237691 1021339.52125901 283.67766870455 5.43972389124957 -226.731976565575 -407.567992039885
23800 307.838975094646 1019062.85222912 283.914085893961 5.43519419618534 -226.826366503381 -407.409653150715
23900 374.769507351069 1011071.87102989 284.672389004949 5.42071606333165 -227.994757075711 -407.640535790967
24000 323.188151812416 999187.057914288 284.911603339787 5.41616478155781 -230.127533147744 -407.810820043242
24100 291.602092792431 996725.980009089 285.121796916036 5.41217195092435 -230.79490744638 -408.171309143128
24200 327.84120978702 991304.748096526 285.109147529495 5.41241207178904 -232.02448276568 -408.428300741878
24300 284.748334461496 992249.091909977 285.29531130785 5.40888030999219 -231.947321154014 -408.63447988552
24400 275.796621716573 1005238.05102021 284.620584081608 5.4217027093995 -229.70357988306 -408.280310488227
24500 252.393288388398 1015927.15402496 284.026278568688 5.43304725056606 -227.867726275803 -407.966491208747
24600 295.857134138115 1026333.88980092 283.526873307659 5.44261703966118 -226.065460411754 -407.689169625403
24700 291.690269311959 1030655.88466725 283.342644530449 5.44615581753806 -225.313331645184 -407.583364917103
24800 288.216979248843 1013979.97547345 284.009697117038 5.43336445033498 -228.243305826213 -407.986390134938
24900 295.919470017584 993561.388896805 285.089056177844 5.41279350584221 -231.759155249573 -408.552085750887
25000 356.178591069178 977633.029526144 285.662300883142 5.40193153627709 -234.350711684016 -408.659160618197
25100 348.077627900343 964330.292965552 286.344388431369 5.38906384832465 -236.504003156018 -408.851162151961
25200 362.099805148541 970275.785910108 286.328780245718 5.38935761379579 -235.37667132616 -408.776969159512
25300 330.487129577688 985282.506583613 285.293713456206 5.40891060364357 -232.80495575666 -408.250610531073
25400 339.753922350798 1001057.06025346 284.681600253604 5.42054066891379 -230.228460626866 -408.10057762404
25500 306.918630823717 1017340.58411809 283.933547971774 5.43482164361756 -227.541370017137 -407.831819630101
25600 301.081323662574 1030945.40528684 283.231881754675 5.44828563192162 -225.235846169509 -407.485808720906
25700 271.620384825757 1033175.58846095 283.260073563904 5.44774338455429 -224.885690163005 -407.548082971711
25800 279.645541789313 1019619.17957509 283.646094053467 5.44032942535511 -227.298116670377 -407.809438430792
25900 292.162748282371 998197.378845925 284.682100361519 5.4205311465192 -231.051902938539 -408.416211043932
26000 298.90795886632 979744.893891821 285.58116905385 5.40346619134101 -234.273183083709 -408.90855700922
26100 313.977687648091 961354.510767342 286.627649948009 5.38373807323204 -237.436748044322 -409.42203442704
26200 301.799703846347 960605.288790837 286.423190436327 5.38758118543186 -237.391033550603 -409.119698629314
26300 318.442958579367 977279.535113611 285.924838907365 5.39697144803173 -234.225553532651 -408.63111599398
26400 409.337881733323 1009203.71644908 284.444438029669 5.42506017187499 -228.301849625184 -407.472112066814
26500 368.327230791252 1039321.06996029 283.286260172885 5.44723980232708 -222.881203697209 -406.647086562131
26600 417.571293240348 1053850.8035039 282.342666093832 5.46544457206933 -220.548037236646 -406.262311242298
26700 343.333447509874 1041907.34117815 282.797207261496 5.45665993949943 -223.084918080181 -406.99005356958
26800 333.68087936124 1001790.75562955 284.364448291428 5.42658620350693 -230.383954632287 -408.188132591488
26900 325.360196550238 960376.544711141 286.427450165546 5.38750106169728 -237.847863419983 -409.538188986742
27000 294.94105609745 930671.938139926 287.756910505804 5.36261036843108 -243.232141786308 -410.384313606076
27100 265.761774912295 928757.791994581 287.932181743423 5.35934601864409 -243.540977949268 -410.450964058916
27200 270.582409806247 948019.534992903 287.00624930612 5.37663620773716 -240.060130373729 -409.883823960075
27300 318.409426555856 982818.691719825 285.581644406278 5.40345719723785 -233.709931484082 -408.893488435875
27400 300.341633325032 1029399.23272871 283.639446231046 5.44045693351525 -225.288194387073 -407.526685790384
27500 338.726198059091 1057318.7989087 282.208129386779 5.46805010620794 -220.168110234649 -406.404745465225
27600 368.763410226357 1062418.24706949 282.091893835867 5.47030320823036 -219.125119143618 -406.18289671158
27700 344.826640160798 1040563.00094971 283.119699974476 5.45044443041313 -222.959691800596 -406.836989110488
27800 349.335276567211 1002088.68283332 284.483312971861 5.4243188317297 -229.964317704057 -407.895718135927
27900 290.946441764276 977822.249537758 285.562473085513 5.40381995992878 -234.64764961535 -408.928910023327
28000 266.515129646064 959445.148433389 286.613023414017 5.38401281799763 -238.147954519275 -409.782899103971
28100 289.512013990462 957053.662405431 286.584757744417 5.38454383970524 -238.627584122035 -409.817831881172
28200 240.226229378642 972779.392463684 285.982362552471 5.39588587944123 -235.79722965479 -409.434621602008
28300 261.224091555867 997310.072571805 284.827017130698 5.41777324149706 -231.333162049504 -408.630016125835
28400 343.698865035135 1023454.12951854 283.487356941866 5.44337570646076 -226.527532130001 -407.616386028712
28500 280.8951295056 1046737.55098074 282.868613925776 5.45528247354806 -222.241574400681 -407.04593284058
28600 362.089948173871 1033538.96147715 283.114002753821 5.45055411197 -224.446948574854 -407.079356668358
28700 331.318508096681 1019748.49741863 284.013763926594 5.43328664967433 -226.824891633144 -407.593120982627
28800 376.592968740868 994997.884393459 284.968940261053 5.41507502695731 -231.265226628609 -408.239169685191
28900 300.566777096804 972549.785247248 286.040988574233 5.39477995638953 -235.345040989025 -408.977035971963
29000 308.612004885221 963790.742819468 286.318664041189 5.38954803045648 -237.068446983881 -409.303701900761
29100 332.397859724296 962466.11817279 286.37943292991 5.38840438392723 -237.574820244415 -409.609862036986
29200 296.447337037475 971488.464626648 285.696544741222 5.40128405565372 -236.256884014762 -409.490543102752
29300 260.839097066052 989740.518186875 284.909887674528 5.41619739652189 -233.080875574368 -409.083244766246
29400 297.061992854139 1009251.61388278 284.14931863388 5.43069467590174 -229.552196994214 -408.545059774898
29500 279.522776042728 1025481.30699364 283.564774823861 5.44188957469999 -226.553907061185 -408.050999237814
29600 282.334089160065 1032775.94179825 283.39140925961 5.44521866734672 -225.070131875846 -407.746528387483
29700 313.499945002221 1027859.45080499 283.37731301737 5.44548953278956 -225.748716994782 -407.546446101799
29800 290.924317902702 1013852.47408492 284.252593750375 5.42872158704474 -228.058404243302 -407.932591287534
29900 301.657044619663 986880.745760164 285.436695822284 5.40620114530365 -232.763621162519 -408.581940330484
30000 303.646401571896 966200.817356419 286.211945919105 5.39155759872536 -236.402976819759 -409.004569767983
30100 320.276795428038 948934.961527026 287.334372337236 5.37049632911651 -239.52170088134 -409.70371987814
30200 297.568908870229 964654.582837069 286.332594870327 5.38928581485795 -236.795281819693 -409.19329780438
30300 286.185063951426 998033.980277483 284.730383494463 5.41961196036575 -231.122444958927 -408.487796369907
30400 309.438587252024 1027708.3164725 283.30246527558 5.44692821633253 -226.051778802077 -407.774766026566
30500 235.184500170403 1054008.92214789 282.30196492237 5.46623255807116 -221.439522215987 -407.154884891733
30600 296.532312899207 1053216.0707071 282.389666136723 5.46453492076085 -221.56805357608 -407.201368368057
30700 290.810204955389 1032890.88100021 283.075498975917 5.45129549342383 -225.123730341186 -407.616796196795
30800 269.945389325087 1000997.75971048 284.501620907918 5.42396977191765 -230.66736715774 -408.416501015856
30900 268.338778314751 965514.439134384 286.266720950124 5.39052596384398 -236.891031533678 -409.403019146152
31000 266.9634335688 942989.424779965 287.495512494213 5.36748618605719 -240.868474566039 -410.079062758875
31100 319.350151694382 944883.974795692 287.309550404414 5.37096030986102 -240.480583252653 -409.921459450054
31200 277.73110525305 966829.194655506 286.124886594542 5.39319808994049 -236.482608412326 -409.143918621968
31300 261.800331799269 1001541.08092714 284.554522844859 5.42296139396613 -230.303441456315 -408.182123606968
31400 337.32727274552 1032736.34452043 283.277865554212 5.44740122510846 -224.806285560647 -407.402489759128
31500 303.569310746086 1045447.32206705 282.667192765379 5.45916976345732 -222.607777824217 -407.052912122951
31600 294.181588036898 1043116.58879334 282.790733178265 5.45678486180581 -223.046824901075 -407.161187416866
31700 293.972248766232 1024664.16672267 283.417617191886 5.44471514211256 -226.415169170199 -407.67352401091
31800 270.298879822508 997583.790031236 284.831828700676 5.41768172084365 -231.291405551215 -408.639915654033
31900 311.914269174913 972958.69917313 285.855325691291 5.39828386311969 -235.79036217925 -409.382613617409
32000 240.753688388905 959919.188712437 286.28481128003 5.39018533664613 -238.208291212093 -409.731393557321
32100 255.912761599656 964710.530444279 286.140544160253 5.39290297498663 -237.325881089105 -409.618257202756
32200 278.505573164601 981796.931820768 285.706392772208 5.40109787846591 -234.182530309272 -409.260407075866
32300 293.100658394589 1002268.29062943 284.596416175919 5.42216311997499 -230.310716747976 -408.344762035683
32400 297.870414212042 1022556.65545817 283.653785761454 5.44018190246844 -226.492920293183 -407.529195932152
32500 346.207582853216 1032763.15221716 283.352142628453 5.445973259816 -224.599175377276 -407.24799840548
32600 304.036294415014 1038487.19264862 283.084727300964 5.45111778575582 -223.609358710731 -407.097172778955
32700 314.798801657003 1024550.0949779 283.572695546479 5.44173757241446 -226.126657364581 -407.464002005002
32800 320.370593149368 1004242.5877251 284.175943080974 5.43018587406048 -229.839385988287 -407.960575787825
32900 295.713738257104 978621.854289119 285.80977748307 5.39914416314021 -234.539354576807 -409.114187258751
33000 255.452344594665 965628.651624608 286.074818763956 5.39414198891576 -237.009601632222 -409.426336933727
33100 282.995033753042 962169.763766982 286.243379488667 5.39096552948298 -237.706159066173 -409.606523865228
33200 254.00445292327 969848.177337039 286.026015145848 5.39506237248826 -236.393259529549 -409.533865112128
33300 246.569088034469 987112.366262587 285.140011890323 5.41182621700835 -233.469561452161 -409.146356020798
33400 247.355449609278 1009772.87252269 284.204711039625 5.42963621616734 -229.521964301878 -408.642184484213
33500 239.106318265132 1033341.27390503 283.102401313692 5.45077747382388 -225.333058865153 -407.923051927131
33600 235.751174851205 1038470.99235958 282.801310263273 5.45658077195452 -224.248385497151 -407.54963683225
33700 293.583037141763 1032124.15471633 283.199194464133 5.44891448150484 -225.113000576762 -407.550284610475
33800 293.192222174818 1015343.72710978 284.185616762227 5.43000103047871 -227.872783713091 -407.96909851633
33900 297.12159308757 986546.490010269 285.434825259006 5.40623657420175 -232.866453573335 -408.624071405058
34000 298.352764551647 966448.703583034 286.254410209904 5.39075779036759 -236.404897261854 -409.076387351921
34100 348.083306387131 956023.833699397 286.831414314669 5.37991347828181 -238.276259222091 -409.42948006794
34200 315.604606189257 961048.763149119 286.553195208868 5.38513692280185 -237.495749230508 -409.381676799606
34300 298.77447249779 983206.208557058 285.220142105429 5.41030580966374 -233.717330438604 -408.74811794771
34400 291.817849428561 1011149.14937304 284.132914565485 5.43100821045663 -228.91041169536 -408.229453556087
34500 296.701500915232 1045574.63629883 282.355523488196 5.46519569655463 -222.952624743576 -407.216826458017
34600 256.227959826137 1060389.11809931 281.857709279323 5.47484826940416 -220.385897864624 -406.931417520038
34700 259.151625375196 1050266.60972013 282.271992236529 5.46681298289439 -222.151118617898 -407.187441585564
34800 326.100600975941 1011479.0722587 283.92375717443 5.43500905744247 -228.803503758289 -408.049010416885
34900 280.416691969703 961170.499425889 286.391783296811 5.38817201423287 -237.395123300194 -409.205990194613
35000 322.867421880483 927984.379016501 288.235207908696 5.3537116546669 -243.141748151898 -410.08825524512
35100 399.471549830954 921700.13409669 288.304747475102 5.35242033084934 -244.259762877623 -410.115724694885
35200 300.708855824899 942468.629524952 287.40390530513 5.36919701987981 -240.676217923316 -409.739467042901
35300 272.875490866685 982862.310677173 285.386977281344 5.40714298376991 -233.670204810957 -408.742117255008
35400 357.797945644506 1016575.91611794 284.018816338862 5.43318999690858 -227.80810437949 -408.01714402925
35500 299.233552223204 1050603.99890332 282.3330597363 5.46563053334034 -221.93509306883 -407.070901502898
35600 219.756636337274 1068413.12107245 281.798643762799 5.47599580771948 -218.872728181743 -406.790456657098
35700 253.311920611203 1058198.23381269 281.967891879159 5.47270890164844 -220.724999382776 -406.957867720574
35800 327.068133268547 1031354.84796863 283.399780460831 5.44505782381649 -225.341391298737 -407.771814845408
35900 306.330453234226 1001350.27699684 284.568287460888 5.42269908440944 -230.449587999883 -408.302985221398
36000 318.945881000504 962328.126724757 286.324282639558 5.3894422702831 -237.082196229763 -409.05944751783
36100 333.665679987696 946297.771625662 287.490692081045 5.3675761837573 -239.821641915343 -409.623034757774
36200 302.619469119779 953342.751667622 286.938510794327 5.37790548781446 -238.604130363442 -409.341093138812
36300 278.047133827533 973213.812089757 286.020198691172 5.39517208549423 -235.107746569168 -408.845663648157
36400 297.411904444739 998306.653432949 284.755660842596 5.41913086925115 -230.785867516798 -408.215427132645
36500 307.598212807117 1025675.85974275 283.558117843894 5.44201733175438 -226.048955070535 -407.576218955989
36600 295.299523285652 1042279.14348856 282.63760907204 5.45974117504229 -223.236257085975 -407.103193781939
36700 277.965044560755 1041198.97559953 282.770516127943 5.45717500182344 -223.495469465199 -407.258227015423
36800 258.804156073191 1031700.37891139 283.283490578766 5.44729305867212 -225.22556900253 -407.642228196729
36900 293.152995251499 1008067.55668401 284.38270520895 5.42623782530062 -229.394636532797 -408.324347961703
37000 297.887111725829 990487.800410671 285.038434318328 5.41375479961684 -232.500014443102 -408.714739749872
37100 284.848527167371 977545.541116305 285.753376043109 5.40020983560776 -234.810101414135 -409.158519712538
37200 270.36713009273 972980.455625419 285.900808691293 5.39742506825976 -235.623514441829 -409.247268818535
37300 360.330457147941 972546.992407535 286.058249976762 5.3944544231515 -235.415277839548 -409.057252159021
37400 390.338509574472 986213.958103538 285.395619948837 5.40697923865391 -232.529654992703 -408.203898108337
37500 362.96745118047 997697.401416503 284.980329583873 5.41485861188873 -230.33298081384 -407.794162076109
37600 402.7623685326 1002488.34409735 284.634556808505 5.42143655769914 -229.610220499647 -407.707218881436
37700 362.719505105002 1016857.4164584 283.920911150616 5.43506353798475 -227.376727342301 -407.573530997286
37800 332.675022361587 1018348.12389443 284.193867379885 5.42984338857462 -227.296659682752 -407.931122657717
37900 285.596227780795 1012268.70096728 284.117970334912 5.43129387432662 -228.536860701015 -408.045004000072
38000 304.228502928656 996212.476672265 284.870016032395 5.41695547098449 -231.463363685054 -408.591828745739
38100 253.011634263842 991641.289241388 285.008174111891 5.4143295948428 -232.327691845426 -408.728901837365
38200 325.733259698916 978741.461623126 285.501332914379 5.40497718912192 -234.658057034774 -409.065802917934
38300 246.879525941087 987712.513750972 285.230155739204 5.4101158689443 -233.044104798933 -408.883279897776
38400 294.472037755443 994361.021549012 285.034973264497 5.4138205364511 -231.770539702713 -408.672190171609
38500 322.812002740873 1007327.08277353 284.336313189608 5.42712316466273 -229.246066676287 -408.015177877125
38600 352.048779137993 1021853.76093736 283.944331952634 5.43461523339559 -226.403346508948 -407.500487493507
38700 390.211757382404 1016057.73051857 283.923485510168 5.43501425777917 -227.321143945343 -407.37786823782
38800 340.51384186419 1003262.59129036 284.618268047614 5.42174682760689 -229.658655578893 -407.883002977587
38900 303.595728002299 994128.089207641 285.26227790676 5.4095066588878 -231.599962427461 -408.60121245108
39000 287.451180603112 988209.202121136 285.523945222713 5.40454913741983 -232.806323739875 -408.915129539371
39100 280.497834739206 985088.139022469 285.392716566749 5.40703424540692 -233.352866254784 -408.824782147512
39200 261.590744500202 988267.612445998 285.266386752478 5.40942874284405 -232.884904132237 -408.845249916218
39300 273.65999957121 998586.123244805 284.77952079385 5.41867683309707 -231.121799300247 -408.615900386516
39400 264.90806990708 1007245.46980181 284.325349456459 5.42733243735073 -229.542267506198 -408.290002346793
39500 254.904141974367 1013664.49074165 284.098046405218 5.43167477352206 -228.362980218024 -408.106036947444
39600 299.522475747711 1011808.39778754 284.506796605029 5.42387110002294 -228.604268479101 -408.276337088645
39700 268.342778601129 1007128.20358856 284.498317709582 5.42403274750242 -229.379976546864 -408.215628947719
39800 319.22555907205 998978.134782953 284.64854714151 5.42117009681758 -230.663519179121 -408.145634721387
39900 326.429571065445 993863.652463725 284.884079508318 5.4166880596817 -231.416995287067 -408.136558823858
40000 366.625785463912 993826.231968824 285.021880013208 5.4140692349465 -231.14153955911 -407.939926654537
