# step temp[K] press[bars] vol[A^3] density[gcc] enthalpy[eV] etotal[eV]
0 268.046584093309 184352.67079533 342.42797653042 4.50643141807964 -387.811491794483 -427.212589007196
100 317.85430845421 205698.768776697 339.914667490862 4.53975170667681 -383.25019640518 -426.890849349479
200 312.552276921977 211381.29840006 339.562034788727 4.54446620578842 -381.931236787428 -426.730960039522
300 294.081274479228 191045.08383879 342.102694522698 4.51071627488668 -386.044369898025 -426.837027858346
400 316.508106176865 202114.154539129 340.913199061606 4.52645481639818 -383.424670930877 -426.43078355303
500 412.996550876339 209886.54159971 339.793657265661 4.54136844190607 -381.615033736039 -426.12830401619
600 328.507671063875 190603.118988353 342.369463816239 4.50720159054363 -385.76725818004 -426.497282400059
700 308.122262365544 194610.959549509 341.638323626405 4.51684745284487 -385.059373774755 -426.557025238136
800 339.542947044681 215722.726793367 339.11121493994 4.55050769152363 -380.769300543284 -426.428437331931
900 319.183095182236 195439.133045391 341.157691939863 4.5232109031214 -385.238492069334 -426.854109040681
1000 235.556190813502 181276.346744034 343.067422235131 4.49803184986914 -388.23087264396 -427.046826435366
1100 324.098989646031 220943.155519569 338.527159188711 4.5583586131295 -379.82577868825 -426.509311233029
1200 277.30184314409 216761.656379695 338.95016229116 4.55266987168622 -380.734570188425 -426.591814136516
1300 325.803659915664 159017.976722335 344.929312296909 4.47375197425327 -393.117449858956 -427.352105874495
1400 297.469908464493 203419.421244451 340.653118093677 4.52991066249912 -383.527223731309 -426.778051669264
1500 285.411857061111 240603.590925442 336.647706546988 4.58380723188065 -375.724270365646 -426.279653665813
1600 362.509200500169 170413.598099697 343.874465230675 4.4874753664276 -390.481209291872 -427.057007847505
1700 334.904836449516 175160.407680709 343.532345091722 4.4919443945056 -389.316259253899 -426.87346073437
1800 332.889976159598 239393.406097825 337.113131848445 4.57747873363728 -375.587719162436 -425.958362392757
1900 371.275956964651 204556.150115122 340.442104965507 4.53271839575327 -382.93328758272 -426.398864770273
2000 257.731192407764 166493.365409846 344.858903964494 4.47466536060498 -391.192453777376 -427.029154360988
2100 320.724538319926 215649.868522896 339.16537982416 4.54978097312336 -380.954756316635 -426.605762661191
2200 242.388013204301 229043.953673021 337.923760980232 4.56649803905441 -378.343858901838 -426.652765102228
2300 268.854861036967 178147.119737142 342.978161748661 4.49920246816457 -389.238767612517 -427.374748041804
2400 289.465994096104 188564.604479865 341.618518450564 4.51710931498999 -387.024231782299 -427.23026452253
2500 280.511032366589 218930.461711785 338.560037102426 4.55791594623222 -380.534762236061 -426.797521201752
2600 274.630941739022 199373.534002926 340.702463958463 4.52925456991779 -384.555423634946 -426.952159751661
2700 277.055489211476 186882.842359844 342.511107475108 4.50533766113926 -387.052107212684 -427.003666422774
2800 384.687055550625 208068.441785882 340.066311565361 4.53772731783674 -382.271516500108 -426.434608114095
2900 318.880696412366 206539.117793884 340.855950583095 4.52721505734702 -382.417356482422 -426.357638547618
3000 381.618269512013 200100.649266544 341.048364083862 4.52466088207558 -383.811298855877 -426.405856374648
3100 393.312013803545 196126.096539129 341.355738792782 4.52058663880518 -384.716721217658 -426.502859374508
3200 286.042440157266 194379.991930956 341.951866187894 4.51270586433416 -385.184002978738 -426.670444073323
3300 286.153531710089 211002.855632037 339.923576768213 4.53963272138181 -381.852041531787 -426.619172615503
3400 273.845815189126 205183.229160064 340.132064209518 4.53685010689133 -383.236925281027 -426.796043315392
3500 255.093041130352 189817.809128441 342.201470901748 4.50941425762947 -386.538476785411 -427.080785006197
3600 250.138970666685 206920.36190678 340.168353305206 4.53636611657873 -383.023892887687 -426.956480074646
3700 290.735523910974 210932.18575408 339.42263537467 4.54633259848079 -382.235214974444 -426.921401779699
3800 273.950495338529 185902.456211848 342.001316130447 4.51205337255935 -387.499307410099 -427.182129306647
3900 272.257188231442 194608.108296897 341.599050022697 4.51736675427987 -385.360412751216 -426.852685869025
4000 293.625141459795 214729.236307347 339.92655917302 4.53959289212432 -380.804993005113 -426.363126239377
4100 350.18985706945 205104.159185671 340.435235426693 4.53280986009571 -382.738947178054 -426.320089904444
4200 349.2266151493 189917.278695173 342.345263788727 4.50752019989514 -386.002016981313 -426.582615231841
4300 305.535351524915 196452.229525639 341.263975482059 4.52180219047833 -384.753522171415 -426.597893774815
4400 314.342481810505 207920.262859484 340.156632869023 4.53652242159952 -382.543745105414 -426.687106663597
4500 304.001253634477 201195.724137403 340.539951927641 4.53141601486456 -384.053831982145 -426.817648718814
4600 270.9807839226 187054.012054976 341.939345835588 4.51287110026843 -387.131848045846 -427.053246542204
4700 270.88408569996 200115.509925562 340.838132416201 4.52745172885114 -384.370901903663 -426.942364330271
4800 249.356203699338 210897.84022676 339.723268748554 4.54230938478419 -382.065120802618 -426.783604473952
4900 340.878684840614 194520.003496054 341.10063465556 4.52396751892401 -385.515070381968 -426.928046196871
5000 344.669286419738 192958.230825184 341.545364452753 4.51807681342309 -385.776353450398 -426.91039159872
5100 254.53967147011 204710.725700586 340.378001934706 4.53357203783732 -383.284291729953 -426.774523791508
5200 271.222338096017 202355.149724664 340.908765650237 4.52651368152066 -383.742328066471 -426.799160017011
5300 273.136791490844 203657.521063019 340.40769468944 4.53317658777938 -383.420739780572 -426.690995742527
5400 329.6237103363 198067.114852316 340.912262903853 4.52646724621146 -384.58200027577 -426.726862799431
5500 317.478008912389 192796.384728649 341.633454268681 4.51691183221333 -385.746903507842 -426.857040178404
5600 271.912853487065 210502.529094565 339.541404967675 4.54474231798926 -382.023162318322 -426.633930531448
5700 295.56070445375 201787.47612433 340.636495905789 4.53013171052847 -383.992665087456 -426.894417038421
5800 285.55609711282 182599.517646174 342.116916624884 4.51052876042985 -388.353503598318 -427.344453692955
5900 228.288750465489 207322.566329102 339.747048430811 4.54199145803727 -383.258260049468 -427.221724738542
6000 253.390611642824 218975.78362961 338.426123639836 4.55971948994212 -380.794302575565 -427.048336150995
6100 245.348885518666 177700.79948278 342.731420931926 4.50244155516929 -389.499576049913 -427.512646087747
6200 295.786078653251 193366.352369321 341.139492245019 4.52345221513606 -386.018623766717 -427.190678945745
6300 285.777925221107 229926.848382063 337.736872738936 4.56902493160386 -378.012867510986 -426.48116968074
6400 281.704804153031 188245.344410361 341.968550042174 4.51248569985694 -386.681141607201 -426.860227669317
6500 262.523633079639 182428.91066151 342.950252494735 4.49956861276785 -387.907801545369 -426.957207758545
6600 275.530414310723 227847.552441874 338.282238305362 4.56165892597992 -378.222256662586 -426.329802886386
6700 303.811091975634 214496.120947161 339.581412189903 4.54420688669249 -381.025518145003 -426.487984771179
6800 365.613662585217 164042.925691523 344.604870536499 4.47796396337549 -391.841202306879 -427.124450544732
6900 276.585903781945 206463.98034681 340.291549086789 4.53472381552606 -382.917027972582 -426.768593454188
7000 287.699688889668 234835.589629316 336.781393749428 4.58198766471713 -377.131557654766 -426.494569268861
7100 230.990061021974 171692.305012171 343.858879238272 4.48767876893134 -390.708824731416 -427.55740138656
7200 253.092037902189 184867.231186932 342.055955504204 4.5113326256562 -387.988622232814 -427.456769097446
7300 244.254988968467 246798.353356239 335.903981279988 4.59395624304872 -374.875148563482 -426.617606067824
7400 251.89514495817 191422.596334271 341.400538490195 4.5199934326127 -386.407674799098 -427.197049420253
7500 315.724104409706 155870.092420167 345.579730975004 4.46533188596566 -393.749337204956 -427.369568562494
7600 331.68696990232 227116.410321726 337.936027519144 4.56633228245751 -378.369531052079 -426.273627441292
7700 273.560845286127 220833.077179919 339.08216545827 4.55089753771208 -379.590708230572 -426.327480374577
7800 302.386537788978 167038.28587255 344.629521790849 4.47764365585205 -391.090665977061 -427.020742707696
7900 269.565478274469 206086.622037087 340.308382986807 4.53449949813884 -382.850227545007 -426.623809981558
8000 329.537362653577 219569.506736975 338.794809095112 4.55475748281878 -380.038220465277 -426.468191893557
8100 278.896099975122 179774.737371817 343.29386170677 4.49506491084367 -388.578693655884 -427.098522045385
8200 241.103561093943 207781.189064913 340.01713221349 4.53838364502533 -382.758363746021 -426.854107276001
8300 291.047497325608 214068.150570659 339.07471323684 4.55099755783989 -381.558552306763 -426.862610110562
8400 280.663316155419 177566.424133232 342.751155199702 4.50218232223616 -389.403646237623 -427.390158333104
8500 255.538626760789 198780.5611293 340.830621144997 4.52755150544305 -384.895484313456 -427.182025229048
8600 286.122430710052 224782.262220922 337.962672360743 4.56597227465102 -379.315652736714 -426.731161601983
8700 281.83626608273 185676.685118838 342.179980315816 4.50969747102647 -387.397220242209 -427.052554382405
8800 316.891712109761 183048.731640329 342.957841431737 4.49946904676115 -387.730125108543 -426.913072730222
8900 300.726846322674 232557.590324496 337.668412533919 4.56995127345858 -377.082397551287 -426.095319877627
9000 342.244123004354 198295.886485999 341.436595900715 4.519516098722 -384.292777410208 -426.551213021324
9100 322.089661903358 173192.835711493 343.571596450434 4.49143121203485 -389.739223512541 -426.878789009336
9200 306.472518994904 211652.871216117 340.077127299548 4.53758300100817 -381.645840159145 -426.571165445016
9300 317.876564875371 220186.57521939 338.552733642952 4.55801427228631 -380.021155430405 -426.548343260212
9400 250.297704092536 172466.575129093 343.778627441582 4.48872637415001 -390.377798860697 -427.383910532807
9500 253.505080243961 201861.188344876 340.21617286338 4.53572850131905 -384.24378510666 -427.10825162976
9600 285.889499004863 222487.530498087 338.042285300307 4.56489693440349 -379.961055743889 -426.903570042654
9700 221.00912961098 182106.400996582 342.646663074523 4.50355528934628 -388.528912148035 -427.474777741488
9800 302.647826155267 190827.877984175 341.384523223711 4.52020547766573 -386.458268666749 -427.119009941771
9900 321.918618312957 220922.785828174 338.750204548179 4.55535722531689 -379.686919359918 -426.396903490036
10000 289.418192453537 190397.42221077 342.379901482596 4.50706418567201 -385.995351551536 -426.682660758146
10100 296.182073792454 188128.407693057 342.721746420719 4.50256865221445 -386.440146820823 -426.682714625252
10200 335.809714295704 226047.765552669 338.494296748318 4.55880115762626 -378.421858649729 -426.179318225674
10300 315.842595722923 200843.035203492 341.084866480442 4.52417665957808 -383.889645348257 -426.646807150286
10400 332.821062281865 168280.394792943 344.032339555014 4.48541609158624 -391.018835661331 -427.153367607004
10500 320.743213683567 213953.721547176 338.950451835098 4.55266598262823 -381.450536300578 -426.713783258835
10600 285.883619321135 221967.607660081 338.354379000416 4.56068633255143 -379.861357603725 -426.73741155161
10700 204.383529286553 169369.290554071 344.035504573305 4.48537482717084 -391.108814501906 -427.477497562101
10800 271.768006386485 196551.676906102 340.920998270216 4.5263512652366 -385.264027302493 -427.08750549139
10900 338.181789586359 240255.460850579 336.442463673576 4.5866035310076 -375.816415224045 -426.267872450885
11000 307.452783783937 171468.942847881 344.125526493298 4.4842014702916 -390.119245888996 -426.94842184731
11100 357.937241996146 166606.313326089 344.959172773143 4.47336471577445 -390.981412993808 -426.852851642266
11200 356.991545571743 252785.940000018 335.809963955317 4.59524242131019 -372.656249947628 -425.639199953334
11300 296.672105257158 198153.419588488 341.496726766573 4.51872030070997 -384.30821672199 -426.543728344506
11400 290.920909238204 147273.47748914 346.961501121622 4.44754875361575 -395.411974938756 -427.304982247897
11500 324.384861211409 234250.695145456 337.075141340847 4.57799464454047 -376.918154846753 -426.201168406961
11600 319.583683743601 216467.116184865 339.421847058636 4.54634315745604 -380.750665930573 -426.609326573095
11700 254.922776435884 160870.488537396 345.178615050569 4.47052083930533 -392.740184347773 -427.398695713935
11800 334.532576369426 205832.606573405 339.906044978801 4.53986686809986 -383.200542140528 -426.868482113461
11900 251.344070010373 230440.598467961 337.689087033945 4.56967148515226 -378.054077640697 -426.623804703978
12000 239.68957823684 177884.051371557 343.443064184219 4.49311211315773 -389.155736415777 -427.287018251799
12100 332.20934580679 196335.684945711 341.285430323932 4.52151792826742 -384.940022722533 -426.76219944566
12200 329.086817743533 220085.886951596 339.581107680235 4.54421096158034 -379.496830841233 -426.144006901929
12300 413.69808860135 191917.310539424 341.963785767553 4.51254856827163 -385.344712260106 -426.306972077541
12400 372.680054731689 183594.743059616 343.193163975376 4.49638382650547 -387.209419840206 -426.536211089407
12500 320.479712936563 219611.235547076 339.378645921367 4.54692188330452 -379.741684930643 -426.260507138487
12600 301.381790594772 206054.443203605 340.29085209493 4.53473310365581 -382.846337967337 -426.610830865405
12700 276.40779740011 177759.841086906 343.502431235714 4.49233557478728 -389.042301460197 -427.153544253626
12800 266.607513247552 210470.831169598 339.824660189781 4.54095412323618 -382.176001341416 -426.817261952884
12900 323.584692098328 216656.225076352 339.010481396849 4.55185982895826 -380.89357848047 -426.736674519363
13000 272.991429782298 183165.540759965 342.562447682175 4.5046624412779 -388.010692729793 -427.173441636522
13100 267.316365267263 186050.814151866 342.251559482707 4.50875430399343 -387.383277471525 -427.126827128197
13200 262.501831598631 225239.815099676 338.49737323809 4.55875972420243 -378.896930342808 -426.484125486336
13300 304.413694818155 207339.241676664 340.325471878262 4.53427180560294 -382.373773482644 -426.415628585681
13400 376.237824299117 171808.226457728 344.430939821077 4.4802252453503 -389.752698711291 -426.68749890829
13500 325.684324303463 208034.056710572 340.729863076709 4.52889035886682 -381.957730191303 -426.199682097529
13600 355.953038474351 217278.22272675 339.332500544994 4.54754021317657 -380.053901581201 -426.07227885227
13700 373.55791475293 184693.984984104 342.683313490237 4.50307362838688 -387.159762756082 -426.66324240147
13800 339.202289709342 193691.37399818 341.49583419218 4.51873211137829 -385.441255178608 -426.725593913658
13900 321.216889950905 203547.970551792 340.35834423167 4.5338338783778 -383.490956873282 -426.731667387214
14000 275.088697205763 196880.493094094 341.257419804753 4.52188905591856 -384.947723496352 -426.8825097594
14100 301.249608845449 201693.890655437 340.555064583929 4.53121492628931 -383.978606704962 -426.850210400526
14200 292.313961622018 203047.644975534 340.493212089114 4.53203804680327 -383.711153983562 -426.86266996501
14300 259.043319498996 194235.804755363 341.310212630323 4.52118962387305 -385.624579413444 -427.00245745714
14400 297.917927742744 205338.806346986 340.53180788383 4.53152438668092 -383.189898054952 -426.833276268305
14500 348.220820799272 207262.197526421 339.954755767627 4.53921636831259 -382.559433557387 -426.536966457136
14600 329.748432027269 184308.585149761 342.981949519167 4.49915278057479 -387.142692520798 -426.59809449916
14700 341.705801026067 207514.021278702 340.927829881956 4.52626056488383 -382.041948038528 -426.198946312205
14800 381.82194717512 211800.751950516 339.7906475653 4.54140866713986 -381.178246721559 -426.097089720494
14900 344.654472808622 180226.527070682 342.939207394396 4.4997135311258 -388.119787629591 -426.696525176961
15000 271.802257218837 197551.209191367 341.641104416504 4.51681068793423 -384.640778493438 -426.765733694662
15100 294.009956571663 222218.588033114 338.406592785901 4.55998265034514 -379.579931279995 -426.51623026452
15200 268.710769097487 193791.877547039 341.517056808244 4.51845130749227 -385.696365655831 -427.004693204767
15300 321.781157307458 184319.585440942 342.01271084735 4.51190304606796 -387.693462189228 -427.03971466448
15400 301.214009673884 202253.261101025 340.462314954602 4.53244933164448 -383.867634624427 -426.846428459921
15500 278.266805396812 208569.545112497 339.948934830082 4.53929409320676 -382.489744216944 -426.743916400213
15600 315.226088521733 183389.224686598 342.62191334228 4.50388060942422 -387.754962107097 -426.97234361811
15700 283.040242837776 203732.473361115 340.693072680931 4.52937941979028 -383.33290573721 -426.655375112016
15800 307.654110754154 211922.695177013 340.257957294011 4.53517150381506 -381.281421080192 -426.287937756209
15900 339.641062906876 191671.447209244 342.547779727885 4.50485533169112 -385.275726292237 -426.255374089316
16000 399.610889215837 207542.025365914 340.787345282077 4.52812644961578 -381.928805696554 -426.073564940567
16100 376.797424299022 203792.978386077 340.48936192734 4.53208929386587 -382.888293334085 -426.197717218375
16200 345.602607380225 175006.036387429 343.936514477501 4.48666578542962 -389.210506243658 -426.778755539298
16300 366.618653612211 211631.730379742 339.701364648094 4.54260227498553 -381.549626840358 -426.420830239507
16400 295.241221334532 219973.18350502 339.053481918571 4.55128253847788 -379.891020947095 -426.441868370017
16500 320.791022034448 173469.392609858 343.494026056696 4.49244550067202 -389.894230111881 -427.084701988837
16600 262.653965419901 189959.552498594 342.145593054916 4.5101507170909 -386.422078957832 -426.98803642012
16700 288.663187114142 238377.106588511 336.79700882123 4.581775227954 -376.228442896834 -426.338213243902
16800 257.822840651191 187156.082609762 342.11312243903 4.51057878418894 -387.147288297306 -427.110770351301
16900 261.383531623868 167147.547937545 344.309958540515 4.48179947628363 -391.477262116994 -427.397502677585
17000 338.620263246214 237312.074495671 336.569786544559 4.58486843905052 -376.583636184077 -426.43586798092
17100 292.438670680324 209167.110908701 339.745067747609 4.54201793743915 -382.474445377842 -426.82879352004
17200 286.58997912684 157815.884533351 345.599083048586 4.46508184643875 -393.302797578986 -427.344630663685
17300 379.28320127988 219004.449270613 338.686090344627 4.55621956690316 -380.063660398821 -426.359284315127
17400 380.818535016524 231017.851976837 337.56748630663 4.57131760155484 -377.360991805781 -426.034852384674
17500 321.161503960369 153189.704345953 346.384984779801 4.45495116610524 -393.847671002313 -426.966752082516
17600 306.814165640863 196377.52258236 341.338121490444 4.52081995743133 -384.592870371154 -426.430417396223
17700 297.836449672877 250424.387583401 335.678251299173 4.5970454919071 -373.390307894196 -425.857698663354
17800 272.536380616211 164856.05702084 344.32243895647 4.48163702761529 -391.853095730915 -427.282175879177
17900 257.96637226616 167893.91075481 344.107811044932 4.48443232712502 -391.308285324582 -427.367737025197
18000 295.690806731768 247455.332399827 335.509039272998 4.59936398497598 -374.452811431511 -426.272009151891
18100 268.542998526102 195886.244733041 340.932179240169 4.52620282223072 -385.354314795742 -427.037565236632
18200 262.0337293189 158672.892775358 345.03411515971 4.47239308829457 -393.248492433962 -427.41923526946
18300 333.187135429257 219572.609197287 338.341685587759 4.5608574337668 -380.142174364698 -426.510702866216
18400 308.310792809472 223157.350071186 338.230115699856 4.56236189575586 -379.278415060558 -426.388415946135
18500 333.41309822997 165612.835384337 344.455183823772 4.47990991088003 -391.472073223372 -427.077513482849
18600 298.267719618788 197763.008868999 341.063550497929 4.52445941412754 -384.521474215722 -426.620302879115
18700 300.944399351764 227943.318670571 338.128349880353 4.56373502077586 -378.001495937612 -426.107368298323
18800 362.394298237368 185463.442792445 342.834497169023 4.5010878561189 -386.805882172226 -426.491438759146
18900 321.721428639482 187098.725849409 342.727005997547 4.50249955463727 -386.2481878602 -426.271110513431
19000 332.966400757465 224103.202990785 339.289536306399 4.54811606825558 -378.332731976079 -425.790594344877
19100 386.107815055297 205098.511675397 340.459034161133 4.53249300805978 -382.560833342627 -426.143822603105
19200 316.161179574419 179548.920811985 343.509316385071 4.49224553239274 -388.348813585813 -426.84440195938
19300 330.954171667518 212481.677261141 339.580059156586 4.54422499277131 -381.53126128318 -426.566587000433
19400 313.026241794073 216090.779743558 339.03433036542 4.55153963376776 -380.880109695091 -426.60677764241
19500 276.972770996891 182550.148759003 342.408857773629 4.50668303939234 -388.09226914634 -427.105940812962
19600 283.79792782312 194062.929588835 341.219515296509 4.52239137179827 -385.675257828498 -427.005322756627
19700 284.304937687248 221221.959044421 338.474754840039 4.55906436093112 -379.915537844354 -426.650743580297
19800 315.973804423141 187149.605140885 341.900881926523 4.51337879905718 -387.121688705586 -427.05899589357
19900 298.820609178441 184875.137559138 342.397447505358 4.50683322293742 -387.471970762471 -426.981210354645
20000 300.232362313813 224577.990204872 338.489128366488 4.55887076584435 -378.803064414827 -426.249277834351
20100 328.886964767844 199278.51531538 341.132521418566 4.52354464900964 -383.991542557639 -426.421563466124
20200 341.021686924505 173890.935555205 343.957705695252 4.48638936216576 -389.335704626701 -426.666877087893
20300 341.444367830936 212505.868342766 340.129206508235 4.53688822464813 -381.057296184507 -426.170585748901
20400 304.628772259067 229993.59404181 337.975873381357 4.56579393205657 -377.611281998766 -426.127962787928
20500 303.481869859805 165018.237829543 344.421063967862 4.48035371033552 -391.797359266299 -427.271451569708
20600 287.650524352699 178849.649382495 342.665278838746 4.50331062748933 -388.93923357523 -427.190677767468
20700 243.568850262361 242355.141407866 336.61877614551 4.58420118311841 -375.421547613602 -426.340588738776
20800 265.287357797708 202327.491676406 340.516591723428 4.53172688019698 -383.842197283324 -426.843619334889
20900 299.918325001298 162604.415683877 344.720395271471 4.47646328164277 -392.305655173203 -427.291225394357
21000 330.984362060627 222881.367529975 338.403411033941 4.56002552442165 -379.381746161022 -426.457592691073
21100 308.424762579349 221629.457541115 338.46278527674 4.55922558991057 -379.57785180023 -426.397489648332
21200 320.962482917311 169094.068431073 344.358671099481 4.48116548637839 -390.696150954228 -427.039842611002
21300 380.251364897537 195334.442554296 341.471761122538 4.51905067286769 -385.007815668722 -426.639431228496
21400 323.611297705109 219526.110731869 339.261893775335 4.54848664167396 -379.835378904645 -426.320172596244
21500 281.659483510911 199198.508322272 341.372760268584 4.520361234013 -384.200373172752 -426.643228018868
21600 340.488012300579 186569.244428442 342.094221156713 4.51082800126932 -387.003788591503 -426.839761946838
21700 285.879435267744 198476.443478791 340.966541815702 4.52574667194239 -384.679738914703 -426.918422708182
21800 234.586380608761 214612.966682365 339.437519540438 4.54613324406609 -381.411183638562 -426.879141177495
21900 280.984243111871 202593.092144971 340.133785076957 4.53682715322437 -384.032337730267 -427.041803454995
22000 257.043116621862 183899.340393404 342.336391960317 4.50763701466187 -388.035229515336 -427.328925730553
22100 247.80114618712 206854.285258587 339.93849705128 4.53943347179457 -383.058652337716 -426.947534017993
22200 323.656419127309 216400.277026593 339.142017688624 4.55009438931542 -380.784306185824 -426.591011364171
22300 336.828152918387 183445.36922876 342.642909056708 4.50360463058855 -387.506634488383 -426.738426344976
22400 332.843885515548 184113.611702192 342.768216460742 4.50195822646485 -387.245875530115 -426.634977984998
22500 352.212817415894 223210.96601034 338.688812983164 4.55618294054144 -378.953492928698 -426.138716980397
22600 319.135893083492 205601.5263656 340.415331006271 4.53307489796249 -382.78852858827 -426.472799112235
22700 311.801853815402 172377.956471879 343.632233320685 4.49063866027388 -390.038280904016 -427.009627168106
22800 303.395320921232 202110.29846994 340.423965487013 4.53295992148646 -383.8205855636 -426.764162173855
22900 257.707559379537 221540.986536348 338.638948051763 4.55685384313869 -379.747319010324 -426.572626104155
23000 227.629165371179 188837.735495505 342.061114036724 4.5112645914509 -386.742814402824 -427.059250310955
23100 289.376998571625 187083.068967881 341.927137506542 4.51303222996331 -387.121256022329 -427.047430353389
23200 271.9488564503 214328.907098169 339.0097168409 4.55187009459768 -381.283646737398 -426.634194636566
23300 299.749426504267 197903.577233569 341.187099132093 4.52282104391258 -384.636573302168 -426.780586414447
23400 375.480950613189 193903.618260153 341.882926124202 4.51361584317761 -385.209073816577 -426.58549919596
23500 421.812854102323 201541.109204904 340.816372520946 4.5277407903028 -383.34958160155 -426.221580880695
23600 395.289035573398 191151.450212649 342.392638527701 4.50689652237156 -385.443243459353 -426.293205618144
23700 319.585483750017 207515.738872278 340.914321679535 4.52643991095418 -382.079202620953 -426.234816784231
23800 305.982463045549 217461.582938359 339.371430622425 4.54701855437843 -380.291649997729 -426.354145925742
23900 292.255223557991 179643.327877016 343.19031239738 4.49642118708564 -388.517094372069 -426.997155597669
24000 278.854196407888 194754.387647152 341.522171331203 4.51838364066155 -385.352088618666 -426.866204788473
24100 294.322741735768 236435.990769445 337.145898120099 4.57703386121704 -376.62971858105 -426.382928951992
24200 291.080377064089 184885.418689103 342.347661465584 4.50748863088481 -387.619237813977 -427.124929432409
24300 261.59285963991 169260.151469674 344.113135934241 4.48436293394218 -390.896943595784 -427.250392489171
24400 305.442430031229 230551.470592925 337.651043680912 4.57018635287978 -377.759453789913 -426.347074859047
24500 309.361592421021 212220.040909665 339.52909699968 4.54490706540999 -381.50362408428 -426.476745869111
24600 321.677120165403 170447.150167256 344.777574327487 4.47572089013069 -390.154191208644 -426.833268067966
24700 425.521820257225 210071.477370757 339.970372956009 4.53900785073937 -381.415615070123 -425.991277307808
24800 369.938052230671 215082.301398264 339.827080091577 4.54092178719329 -380.290942788892 -425.910629798126
24900 323.660220316072 178772.924980446 343.926593268257 4.48679521174016 -388.13550735919 -426.511281225008
25000 373.76474482997 199974.522492786 340.956842506764 4.52587541731328 -383.850885360142 -426.407171618827
25100 254.75179063974 223165.150164205 338.809202504842 4.55456398603596 -379.164030845699 -426.356338655736
25200 245.552220079922 192014.555114294 341.846977750146 4.51409049166433 -385.884155022462 -426.853171450964
25300 300.431405522342 188055.257172059 342.309832546605 4.50798675686894 -386.708631677799 -426.887203509352
25400 313.514812623252 211216.386767736 339.894461585133 4.54002158396339 -381.847038499321 -426.655634842094
25500 315.334882281418 196146.157349035 341.158973339752 4.52319391385129 -385.110087752271 -426.876411041705
25600 275.100754039282 193613.857459268 341.870258942864 4.51378308437183 -385.666710378835 -426.979773942386
25700 304.40977941235 207912.56879558 339.974724802915 4.5389497491635 -382.667637428515 -426.785759470216
25800 337.132515845403 198805.017087933 340.785558340738 4.52815019327553 -384.643106135059 -426.92925797242
25900 278.991992508972 195488.428478632 341.627087723719 4.51699600915159 -385.316362965501 -426.999749599147
26000 291.844148365742 204957.703335099 340.401910428088 4.53325361754136 -383.162214651819 -426.707974917446
26100 345.736580655885 201662.859107577 340.714940383811 4.52908871600349 -383.686058956047 -426.571189912884
26200 284.485745766813 195449.217926054 341.852429979498 4.51401849610566 -384.873921650148 -426.576437000744
26300 329.153680011117 200633.164663587 341.146972717986 4.5233530274993 -383.690044904868 -426.410304970979
26400 312.681543324682 211029.083540437 339.989870167345 4.53874755476269 -381.502701110318 -426.284128571304
26500 302.820564989021 184373.028745319 342.655190408391 4.50344321364855 -387.348289007359 -426.779884259755
26600 256.42381367112 195783.072349651 341.318565940811 4.521078973869 -385.222464535971 -426.930976357153
26700 286.487009539238 220684.569378849 338.484579077668 4.55893203782273 -380.135081548052 -426.758111891548
26800 270.705572116395 186951.173598436 341.877610660957 4.51368602021866 -387.325720989561 -427.217967904988
26900 269.103741676101 175063.337940504 343.298542659226 4.49500361962766 -389.851660496229 -427.362502022138
27000 307.639281197295 228035.575852891 337.659844335505 4.57006723705304 -378.517186274468 -426.575847130775
27100 289.635584187959 208938.862411031 340.160334056424 4.53647306099528 -382.382249075461 -426.742351245918
27200 315.65265385817 169346.940002146 344.542057346612 4.47878033744287 -390.695671232714 -427.113096599827
27300 303.884960313518 215206.537562212 339.418779899867 4.5463842404989 -380.804400927709 -426.395595409616
27400 279.520828099137 227067.278968273 339.033523181186 4.55155047025082 -378.235494821006 -426.28477003368
27500 328.724154454928 184472.209719672 342.886405578468 4.50040645170164 -387.333184513364 -426.812613227925
27600 312.056389372495 193276.401209267 341.823820439627 4.51439630474398 -385.498805871176 -426.734261429395
27700 352.619218065661 215031.252669868 339.443976254694 4.54604677005158 -380.905588924023 -426.463031206623
27800 321.3956981633 195439.5541166 341.309184634275 4.52120324133568 -385.12709237161 -426.761278655595
27900 276.330609771461 183150.754384399 342.783564573934 4.50175665155991 -387.804589401955 -426.989453517918
28000 309.106697973501 211212.542563334 339.643066615832 4.5433819899275 -381.894467405971 -426.669107193746
28100 229.38011381752 222642.090061796 338.942634139231 4.55277098965435 -379.546533206312 -426.646772459484
28200 314.398820141633 177114.507155649 342.846809620792 4.50092621125133 -389.315384558542 -427.21579298163
28300 261.844972854706 189138.664284397 341.860370989344 4.51391364082448 -386.794709929148 -427.151695530106
28400 240.662145390311 236084.945700129 336.940883974384 4.57981879095276 -376.861805657726 -426.510936260531
28500 299.307471102967 182830.447258606 342.375592738222 4.5071209063842 -388.199937271905 -427.269716881554
28600 282.404895476197 167203.598234092 343.929547606498 4.4867566703855 -391.484919243228 -427.377505296531
28700 280.666568922281 234423.958695524 337.55030510362 4.57155028016466 -377.017608729539 -426.406598507677
28800 342.199469358536 209264.605826221 339.869678005332 4.54035264611605 -382.126507158836 -426.51780499654
28900 295.493124195727 158735.532615717 345.783259481233 4.46270358542291 -392.805555080963 -427.064009042404
29000 345.79320250098 220928.481452096 338.87690872842 4.55365400273643 -379.518535816637 -426.247195764246
29100 322.187927316562 228022.753724878 338.227044086721 4.56240332890254 -378.014196406853 -426.150879211076
29200 296.046915941515 163023.725655407 345.232636700471 4.46982129677664 -391.962515925319 -427.090425149272
29300 295.882595141911 203185.829078546 340.652356185654 4.52992079416331 -383.618948928444 -426.82001411642
29400 265.444366813674 232197.078847687 337.123418615278 4.57733905939986 -377.764796755311 -426.62275529709
29500 235.10853635934 175282.576735857 343.293275953842 4.49507258066308 -389.942256743855 -427.499498399368
29600 279.42712240878 181858.418570123 342.360409005945 4.50732079783011 -388.492631694266 -427.352971090607
29700 225.10104411128 238160.615077595 336.985407159119 4.57921369615119 -376.550147081843 -426.642413346633
29800 298.305784728913 193094.941132779 341.265397933471 4.52178334284846 -386.001675240636 -427.131115052428
29900 277.801509340455 164057.951367101 344.647636308969 4.47740831300157 -392.03399943127 -427.324858557192
30000 276.566275647586 225737.361058354 338.089752978278 4.56425602453933 -378.802468039993 -426.43735011334
30100 284.96094609569 217863.534414672 339.295327273913 4.54803844268787 -380.408476275372 -426.545764651701
30200 304.627519948686 172319.201639544 343.942746376847 4.4865844915228 -390.08360046297 -427.075741756623
30300 335.03945764158 199303.471982323 340.947613444397 4.52599792759006 -384.32960768933 -426.741940614919
30400 281.456228408037 229180.588478872 338.14969373972 4.56344695983635 -378.007957406466 -426.378000160944
30500 280.449455587187 185784.928559455 342.50403171352 4.50543073652586 -387.264646486331 -426.980674691227
30600 294.797806224565 184804.620935397 342.652902745301 4.50347328011153 -387.521111713749 -427.044747096155
30700 349.014410058114 217469.293423587 338.848975214166 4.55402938990977 -380.688684134197 -426.681898500486
30800 314.305134388881 199438.193075156 340.467626033887 4.53237862830615 -384.653786229521 -427.035039566333
30900 250.891691775305 179583.098119581 342.998217800616 4.49893938738521 -388.978019045543 -427.423647602777
31000 259.834310270983 215480.403578977 339.12609933506 4.55030796771998 -381.361764622726 -426.971613942625
31100 277.282211802502 210064.651867862 339.392972063692 4.54672995284219 -382.431640649962 -426.930150347838
31200 258.234516472677 173608.662482162 343.746242410796 4.48914926616709 -389.978383829435 -427.226043733451
31300 326.3002685224 206805.041325709 340.205214492746 4.53587460194271 -382.668746213681 -426.581606901873
31400 294.566837494944 224958.878228878 338.390310005121 4.56020206915135 -378.707114820247 -426.219922892438
31500 282.88979683454 172920.657999095 344.103069326922 4.48449412231206 -389.775317300971 -426.913877982343
31600 291.759857922603 193471.80328308 341.728651433587 4.5156535321008 -385.415382471509 -426.681034805288
31700 293.419443185171 231925.151305067 337.963376598105 4.56596276022286 -377.341629284044 -426.263959160364
31800 341.982755755208 182889.505820527 342.309525653184 4.50799079844937 -387.885603754799 -426.960462226616
31900 248.008400145938 177796.759042154 343.763996211022 4.48891742263451 -389.126628585566 -427.274812884673
32000 271.5156263268 241226.693011252 336.706608379577 4.58300536271779 -375.799891098113 -426.495068348834
32100 289.668889949279 200973.03271035 340.425802211984 4.53293546446638 -384.41963238519 -427.121797772959
32200 255.587341499686 157230.17301068 345.037837499541 4.47234483918933 -394.034241180092 -427.894654739574
32300 195.884600371731 222516.438936534 338.159714494925 4.56331173028974 -380.306559931193 -427.271482623047
32400 204.023572736435 232630.273611522 337.251367782899 4.57560247126851 -378.110427526285 -427.078114896057
32500 253.722156619342 165303.298898199 344.11178135178 4.48438058646008 -392.243863174213 -427.747325275414
32600 296.238405425083 188875.136697975 341.61143873147 4.51720292972719 -387.008470980755 -427.279881270444
32700 297.96845193303 236111.910905208 336.991220861847 4.57913469650518 -376.862589298882 -426.524808858319
32800 271.539600530964 184889.675320731 342.727793033245 4.50248921515517 -387.554527126018 -427.104995115848
32900 304.094442059038 176080.379350091 343.499571118308 4.49237297980391 -389.317113800082 -427.067970081587
33000 322.758236565423 227828.02006713 338.039069551732 4.56494036003718 -378.209400568098 -426.27824436983
33100 259.242090012233 208625.283105716 340.735398584696 4.52881678356804 -382.185838982356 -426.554245954916
33200 311.922433528414 171042.105654666 344.494018956634 4.47940488644703 -390.166059432251 -426.94289543489
33300 335.377569051112 213086.708449039 339.677575179894 4.54292041813144 -381.225483514294 -426.402014582522
33400 261.07356679582 218651.465698756 339.360397390555 4.54716638633058 -380.163321977641 -426.47635196501
33500 306.297742922193 176550.601971753 343.308290797779 4.49487598531396 -389.341797676937 -427.172389626227
33600 284.366397803484 197183.649058982 340.783049048224 4.52818353546614 -385.144658832427 -427.085634217333
33700 257.408775351779 217465.82204051 338.712069776148 4.55587010195993 -380.982657447339 -426.956555260041
33800 233.755115468056 185275.741111816 342.523788904839 4.50517085776731 -387.70428070153 -427.313742479163
33900 293.155737994623 192618.994117539 341.649610033721 4.51669823862469 -385.952562008449 -427.02681582839
34000 338.261463106194 220505.04461418 338.459780336915 4.55926606798018 -379.935872798637 -426.517562745592
34100 319.15102468261 184844.409716785 342.744423697948 4.50227074511369 -387.399844178019 -426.942547920189
34200 319.709722283036 186144.684974087 342.638633912985 4.50366082260883 -387.005362647821 -426.813935904066
34300 299.962162589051 220502.476271827 339.2245152766 4.5489878306934 -379.641538318866 -426.327933750705
34400 310.919027177935 206600.785551098 340.681625704945 4.52953160791413 -382.688892346287 -426.619814746826
34500 335.355126447755 185079.130250856 342.507921379601 4.50537957093224 -387.336017455717 -426.901613501449
34600 282.523854482808 194125.945511779 341.663537840673 4.51651411683773 -385.412775757226 -426.810060844244
34700 297.961820230578 212850.539683213 339.542996591606 4.54472101429369 -381.510982300033 -426.619564325907
34800 250.35402442917 203221.207665706 340.555993075913 4.53120257238328 -383.760444822132 -426.956809386636
34900 252.689098281632 186827.432370655 341.906028187413 4.5133108651137 -387.527018244395 -427.396174581605
35000 254.880100249459 199448.201107102 340.531288297007 4.53153130093651 -384.975356272435 -427.366661394887
35100 228.757809673756 214841.607389017 339.117618272459 4.55042176731236 -381.673849229888 -427.147349935703
35200 264.393358422175 190623.318037429 341.354049919424 4.52060900472801 -386.665867009717 -427.279395931877
35300 244.027730120743 193485.76101827 341.895184026633 4.51345401737484 -385.720404795188 -427.009145373941
35400 304.105581347472 219762.863727718 338.804297043222 4.55462993041455 -379.998986014035 -426.471145954887
35500 327.387760578104 189677.278564959 341.918258468996 4.51314942575975 -386.321174502074 -426.799938706934
35600 260.107435020628 182463.428501965 343.029660283654 4.49852700955975 -387.861052862904 -426.92689104816
35700 302.825033929584 221596.022058117 338.638851297948 4.55685514509501 -379.54385957408 -426.38078569424
35800 325.882932859416 199719.312296913 340.858405576782 4.52718245059829 -384.252600020149 -426.742304713993
35900 279.503803294412 178014.88158721 343.081292029272 4.49785000732264 -389.036177343266 -427.155308147754
36000 276.882968079646 204333.938285883 340.452894331829 4.53257474839407 -383.447297571358 -426.867033598975
36100 245.869560823271 217647.004559445 338.866784078886 4.55379005664624 -380.659848428564 -426.693066678527
36200 275.550083652599 184392.0139712 342.707387723385 4.50275730008964 -387.766393223716 -427.20805612735
36300 306.470795484622 194812.751394011 341.180259781737 4.52291170905756 -385.511825678385 -426.996808843101
36400 295.839167818856 215242.803816268 339.463370675391 4.54578704263713 -381.026744694702 -426.631612633467
36500 297.577010163268 201309.534429176 341.032431723074 4.52487226528406 -383.775922248281 -426.625808047643
36600 305.277687204522 187345.840838539 342.710693511933 4.50271386647697 -386.618919984806 -426.692796390029
36700 331.071139258029 204822.469429332 340.744819725507 4.52869156781082 -382.78435034267 -426.345216090877
36800 384.717502728015 210710.580790281 339.746170359799 4.54200319677456 -381.53875124005 -426.220540592089
36900 338.909796221828 183104.464866802 342.957323191931 4.4994758458694 -387.611322111987 -426.806140619941
37000 310.118043496172 188160.244642833 342.146821123426 4.51013452879473 -386.840423988257 -427.022282582708
37100 247.750860916399 222489.283982565 338.781812140296 4.55493222058533 -379.745322618553 -426.790902683802
37200 241.375023427337 210159.627192365 339.825768338112 4.54093931549879 -382.403543816739 -426.978942834448
37300 272.193318821807 177242.44148829 343.195597910374 4.49635193825857 -389.387106148525 -427.353476071981
37400 282.582320866675 206047.090226719 339.995108002683 4.53867763254389 -383.126288862397 -426.851186022773
37500 279.037194154069 221808.983490722 339.083470216223 4.55088002633131 -379.639142807169 -426.582634892571
37600 323.348193892297 187677.03203701 341.975693461529 4.51239144000659 -386.79101532003 -426.849637561499
37700 339.380639322998 178214.186842404 343.39062796247 4.49379821756455 -388.724154535132 -426.92037170074
37800 340.070996756136 219013.406288061 339.366731469665 4.54708151616227 -379.881612344045 -426.272171586436
37900 310.952099721482 212386.600010694 340.15709269948 4.53651628904717 -381.300187232262 -426.391853717175
38000 355.959998898474 170476.759137371 343.619838188874 4.49080064759801 -390.360405262066 -426.922666904118
38100 281.437596171741 188189.839963815 342.229318539394 4.50904732082003 -386.861755802382 -427.05962456831
38200 287.592390059124 229754.94571565 337.500501397323 4.57222488700681 -378.307136770048 -426.705305996439
38300 292.206765295572 194153.826080721 341.045418225845 4.52469996487165 -385.927615958774 -427.25594203012
38400 239.09176653146 166998.455517789 344.546039870772 4.47872856830656 -391.73192679224 -427.644734471787
38500 266.201267411335 231952.30109247 337.329426429243 4.57454366848663 -377.782315823469 -426.618593653325
38600 271.573757121028 220001.701243519 338.93207708284 4.55291279936586 -380.087593944425 -426.627805690274
38700 243.74877691526 162437.175039874 345.404974559588 4.46759110471325 -392.214673662846 -427.23366708347
38800 383.830290779556 201314.806075304 340.34711996813 4.53398339909742 -383.786432643633 -426.551330552617
38900 276.926942893819 239701.437147374 337.152885139613 4.57693900862548 -375.6481706544 -426.089574024346
39000 346.941783634695 166958.872864266 344.359856238102 4.48115006413277 -391.130617430988 -427.01551117223
39100 306.244841304396 177018.045175261 343.544332336246 4.49178765771567 -389.035747201098 -426.99258038471
39200 328.117616694002 241841.243681622 336.510507947656 4.58567609456687 -375.42610660634 -426.22083474896
39300 236.808317647797 194315.340221806 341.531935108094 4.51825446829071 -385.591978011833 -427.013690393173
39400 260.363259845578 163779.407014938 344.359502075744 4.48115467284738 -392.36804673365 -427.569533617227
39500 251.647430635701 222070.620288678 338.002009995593 4.56544087381682 -380.161515894564 -427.010484168996
39600 247.957616076904 215435.841291395 338.877549482259 4.55364539263144 -381.631433776185 -427.198429651781
39700 209.85787372476 181150.665210031 342.67435802052 4.50319131195021 -388.839480649283 -427.584080826503
39800 288.75287623835 201022.632644635 340.449182917502 4.53262416035832 -384.406951251158 -427.122589030012
39900 268.978054403512 216608.774377804 339.188690360289 4.54946829219747 -380.935057612852 -426.792206623435
40000 241.263644542486 194664.27416215 341.90962973688 4.51326332356783 -385.499176670659 -427.041160279693
