# step temp[K] press[bars] vol[A^3] density[gcc] enthalpy[eV] etotal[eV]
0 404.401915528773 579417.658363032 308.787819931769 4.99737389968004 -307.307467276437 -418.978756648046
100 346.796184261545 600436.145286628 307.575768827309 5.01706684421074 -303.370489220464 -418.638444416562
200 375.988927388207 614797.495257575 306.6712652711 5.03186430101948 -300.90172073382 -418.579595647192
300 333.588841104756 597046.095168227 307.397380708457 5.01997833654172 -304.548387807159 -419.099066722325
400 259.782861185551 583052.912353303 308.395330494573 5.00373397155984 -307.361309640647 -419.590390270041
500 279.867624395403 591458.181055162 307.794615424887 5.01349963428031 -305.824481440448 -419.44969275629
600 285.876462937966 617494.637277931 306.201877311159 5.03957782825091 -300.844069652738 -418.857295513981
700 283.659270048859 624301.585197389 305.977854642391 5.04326757133988 -299.530522416679 -418.757373945547
800 320.58817871926 599982.71040694 307.512400956862 5.01810069143388 -304.121478097897 -419.278655730851
900 337.479155771218 570873.781663658 309.309117609612 4.98895151811771 -309.616553089246 -419.826923590154
1000 349.05643366905 577600.91351784 308.8733571193 4.99598996254669 -308.170451267942 -419.522436042047
1100 374.84169854903 612710.411303548 306.42664506278 5.03588123529521 -301.240327237287 -418.425166567275
1200 404.878665504175 619562.772604513 306.090183040495 5.04141680251787 -299.779000831192 -418.144288595425
1300 349.361609436274 593624.417076309 308.224270256489 5.00651097521297 -304.717142513879 -418.917702040111
1400 301.198062195165 573845.837317079 309.43299220822 4.98695430262245 -308.761178128768 -419.589688288077
1500 275.709273557945 590817.763993437 308.083573822602 5.00879736209069 -305.819807511759 -419.428544257664
1600 242.19781763615 626852.11423436 305.78266962561 5.04648675399256 -299.07479693782 -418.712373041976
1700 274.696724569082 625690.476375046 305.494127756837 5.05125320475684 -299.349981122915 -418.653170456896
1800 278.040652566932 589371.928981402 307.853183794591 5.01254582735042 -306.272910179183 -419.51887576168
1900 305.482618092509 558066.837570551 310.219533990643 4.97431019902397 -312.245745239347 -420.300778056748
2000 307.892760550198 587514.816015353 308.352069103895 5.00443598887019 -306.475497078733 -419.547564449293
2100 308.387202432966 632131.102841612 305.339318376119 5.05381422894672 -297.780149392516 -418.250322351614
2200 364.334087435276 628050.383012875 305.718853581903 5.04754016242806 -298.4044632185 -418.245718589785
2300 316.966358550626 585725.746493335 308.528215282899 5.00157883599456 -306.346236091411 -419.13837803759
2400 364.791510069088 572855.053159373 309.067475126694 4.99285209882909 -308.718453312481 -419.224920542237
2500 308.033062076917 601074.959875318 307.397163163743 5.01998188917617 -303.328587398982 -418.65217223151
2600 312.149628513225 623554.532457862 306.010208107272 5.04273436304836 -299.266724393463 -418.363498215613
2700 288.291600471207 614059.203233457 306.51218279157 5.03447588220485 -301.419122551233 -418.894710756614
2800 270.802644868897 589952.581588642 308.005533739467 5.01006645280409 -306.223190538004 -419.636824911736
2900 287.30673651872 575054.911247992 308.803635318777 4.99711795903294 -309.1495164988 -419.9856491604
3000 294.323767571044 595020.115426439 307.279237184723 5.02190843092486 -305.321653068509 -419.439746285955
3100 279.382939258264 615582.822092964 306.020595783126 5.04256319061518 -301.334567799491 -418.912763441948
3200 263.3144383414 612681.641351522 306.655500918431 5.03212297592727 -301.735008160206 -419.001860864747
3300 281.726883386168 591954.036514039 308.278284851462 5.00563376564019 -305.504245341623 -419.403416305276
3400 306.707451560289 587809.269007443 308.498245219787 5.00206473060076 -306.133922166534 -419.316288786392
3500 318.073605673086 607658.197605754 306.775198989574 5.03015953358918 -302.291263162761 -418.642030065254
3600 312.852844758788 622913.101759879 305.794301834978 5.04629478903394 -299.412285487722 -418.30260565939
3700 369.752411319816 605590.55489532 307.111128399646 5.02465736069987 -302.774430700848 -418.856272284512
3800 332.693892366931 574601.90767148 309.163715906561 4.99129785441091 -308.934601350487 -419.812560765516
3900 315.418006825537 576051.384042381 308.857455981573 4.99624717480736 -308.932523409641 -419.98006716652
4000 265.254572846527 609208.328882504 306.286943894077 5.03817816145561 -302.75443192111 -419.216355590718
4100 297.407609174631 624059.830256764 305.109367967353 5.0576231144474 -299.996465490961 -418.838865428455
4200 217.558489810104 607078.062635483 306.757076684425 5.0304567006081 -303.224649284362 -419.457468710502
4300 270.575474146374 579772.203828975 308.700088566191 4.99879413392279 -308.351585989991 -420.059460041458
4400 262.979766106583 585016.775731941 308.497912181549 5.00207013056867 -307.177770191583 -419.822322089882
4500 311.260917543302 608335.628046158 306.743785979332 5.03067466204545 -302.496339810902 -418.964889744691
4600 274.011810584842 626281.992459725 305.750394141223 5.04701946893767 -298.899041533197 -418.415190994952
4700 362.20132240609 603896.997145126 306.89590667415 5.02818108129593 -303.06813279345 -418.744224957235
4800 340.400765042481 576126.405638067 309.077962802826 4.99268268068193 -308.35856768675 -419.499865647073
4900 320.451698705313 574351.225881233 309.162295434707 4.99132078734361 -308.770419063224 -419.599496495816
5000 309.728246168298 605175.915915366 306.715503063352 5.03113855170011 -302.967321239301 -418.820247238282
5100 247.743309392701 630802.402479973 305.034203212324 5.0588693845326 -298.323549752397 -418.420373182836
5200 260.098940865838 613262.371774898 306.363936346014 5.03691201474601 -301.888771808145 -419.155174248732
5300 224.077830465618 583977.888400834 308.357311952309 5.00435090089508 -307.575710055992 -419.968977531121
5400 290.144646564877 581979.144615361 308.457209947468 5.00273017488852 -307.926260910281 -419.971134365652
5500 256.379838787209 603603.313725231 306.754137075175 5.03050490721809 -303.693722928453 -419.260149996569
5600 333.171789463481 618416.60777303 305.945298264793 5.04380423761426 -300.75148569562 -418.841879305201
5700 295.666265797682 604223.440323248 307.200555599132 5.02319466465991 -303.365015528917 -419.218528904829
5800 265.816616005181 590041.323430457 308.33213111537 5.00475959571246 -306.011407286856 -419.562379167573
5900 267.14066145024 594718.814318886 307.847796354008 5.01263354859818 -305.068604335472 -419.339957359522
6000 288.30733349174 614689.606711705 306.413091848088 5.03610398158563 -301.216173547103 -418.774347018889
6100 315.31492280421 616536.962414409 306.181541424295 5.03991254563485 -300.828401717693 -418.65077490635
6200 315.524319340549 595646.274605589 307.631567529613 5.01615684065836 -304.829061809772 -419.19823221646
6300 312.763149097129 575830.450351884 309.095799340894 4.9923945752632 -308.674373064305 -419.764988446782
6400 313.4726373332 586238.067543929 308.531456616797 5.00152629098926 -306.784037965802 -419.676022652598
6500 212.6686911998 627282.892466866 305.422424235754 5.05243907917838 -299.15731513456 -418.736064229211
6600 267.796329701593 635933.961025876 304.724763225206 5.06400653341612 -297.635702357391 -418.586687283507
6700 227.629962295821 588089.011358965 308.10430104312 5.00846040331698 -306.823188186377 -419.914819349294
6800 244.131890747423 556734.004617369 310.309137842548 4.97287383347734 -312.806074395316 -420.634175094861
6900 243.635645811794 588674.681125534 308.202795629295 5.0068598135696 -306.476113329281 -419.716559958646
7000 273.532531759236 645114.32897566 304.489771215005 5.06791471420724 -295.475096969343 -418.07751588968
7100 301.88254805563 634607.495023918 305.185768359172 5.05635698598507 -297.321439056971 -418.202737700013
7200 296.487638694228 575288.573284347 309.289294781891 4.98927126771177 -308.609372803758 -419.664925751386
7300 308.274955780875 548389.921043624 310.956007892948 4.96252895167529 -313.802442821873 -420.235872981692
7400 295.16566991477 587587.915496851 308.333850515248 5.00473168705753 -306.284773127606 -419.364227545626
7500 279.428630799041 647039.590861379 304.246203081645 5.07197189722043 -295.031409666923 -417.901354871509
7600 284.66725266818 643525.538344126 304.27782851621 5.07144473651295 -295.87143475466 -418.086779569714
7700 217.924840352583 581149.421961704 308.536199729907 5.00144940275073 -307.993451328557 -419.907234939349
7800 231.32048754762 547817.534400475 310.805232894502 4.96493632843663 -314.637725831986 -420.908512079963
7900 224.661380552046 591611.501943037 307.775000942452 5.01381914431269 -306.382181925975 -420.029605020799
8000 242.494843916202 645625.84554054 304.254779631044 5.07182892488132 -296.140760493083 -418.745697813686
8100 238.954578084494 630402.642018451 304.899832373544 5.06109885287041 -298.965465796608 -418.93330946381
8200 277.355571221806 573814.332423711 308.829175311494 4.9967047002916 -309.383278550339 -419.989449009293
8300 289.005960660094 558052.404244729 309.912095852187 4.97924480044211 -312.192904203253 -420.138058931734
8400 279.257884102671 598913.214926563 307.52402117152 5.01791107565366 -304.23648356949 -419.1927322643
8500 308.31077841655 640497.213774205 304.988986008198 5.05961940482875 -296.208736986595 -418.133253898478
8600 306.117525461266 631958.650667039 305.381354487417 5.05311856533044 -297.809732239476 -418.263620260391
8700 350.674520342904 581799.332506411 308.483019371899 5.00231161834476 -307.397455597344 -419.417083122859
8800 315.022646065017 559959.760264414 309.961776567403 4.97844672641615 -311.634314992024 -419.965776661706
8900 367.395729372411 590881.889232375 308.047555029834 5.00938302112695 -305.74932101051 -419.357104728123
9000 290.763669383746 628540.470682777 305.690221812506 5.04801292863268 -298.656211807152 -418.579750756297
9100 298.311309623716 616915.389234372 306.167738664774 5.04013975670933 -301.019040879904 -418.908418029917
9200 271.863109030513 586171.762326053 308.167054054542 5.00744051501692 -307.036843451566 -419.782739528545
9300 256.087740867179 574865.243656328 308.812275185861 4.99697815100575 -309.280635903141 -420.08331202452
9400 250.902292275409 598698.607605283 307.461561795745 5.01893044077902 -304.69576457381 -419.587481522135
9500 302.889352305481 622993.307747924 306.085638041195 5.04149166142332 -299.901863213735 -418.920775360691
9600 297.288049533337 620598.872061972 306.04343820549 5.04218682457097 -300.038281162453 -418.58340559306
9700 331.351223120453 589782.856006527 308.042542989264 5.00946452685239 -305.730115266776 -419.12474486952
9800 367.356190557783 572162.292581494 309.305532115905 4.98900935043047 -309.054069019355 -419.511913310278
9900 349.50098007938 585688.231585854 308.435801408857 5.00307741454623 -306.496532311489 -419.247667461031
10000 320.266160600699 615796.024234521 306.400272130729 5.03631469102523 -300.8583693664 -418.623215750352
10100 259.074986999315 626691.375556772 305.682744777732 5.0481364036042 -298.96491592632 -418.532728716438
10200 254.86360143679 601004.488729089 307.189226766509 5.02337991507441 -304.01775980993 -419.249823303491
10300 260.563957879907 574408.570103422 309.016963338973 4.99366822841179 -309.19532313716 -419.983361814073
10400 272.039396952306 585026.026433963 308.562847477216 5.00101747336923 -307.182295219831 -419.852339103726
10500 312.903043764591 624000.73434722 305.813754815772 5.04597379145268 -299.674846493441 -418.780330551235
10600 294.016703324157 637182.348916079 304.705696020851 5.06432341770377 -297.126531366657 -418.307369506946
10700 287.55359011274 582472.089644787 308.459043848974 5.00270043183321 -307.538652240053 -419.679096092865
10800 271.199746685155 542490.747404478 311.580245441496 4.95258673950775 -315.214872059625 -420.714734419376
10900 270.715304047931 594247.846340366 307.660986918718 5.01567718195549 -305.123515306201 -419.235087208173
11000 332.468173908466 669488.490224092 302.614878650072 5.0993136846074 -290.763103476253 -417.214326688417
11100 342.762534952117 643943.290300774 304.691667783527 5.06455658302564 -295.543492591907 -418.004504271803
11200 318.638406226047 551271.536074576 310.67141808417 4.967074864441 -313.345388024263 -420.240171377862
11300 302.842680689506 534753.61679113 311.571150081066 4.95273131502907 -316.611041056985 -420.603203839065
11400 311.349132498102 600275.015187617 307.034276404458 5.02591505397056 -304.153156362212 -419.187302058273
11500 297.196063322531 664489.363256098 303.034652644547 5.09224994039271 -292.162068499889 -417.84316754254
11600 279.516455053268 630747.907664664 304.971269774571 5.05991332562825 -298.700474010568 -418.762146559221
11700 233.938849977106 559210.167189987 309.626559210344 4.98383664438102 -312.431533439187 -420.500975190753
11800 313.374593486718 547159.734751113 310.820869267156 4.96468655886737 -314.688561384486 -420.837081465343
11900 296.992495775191 604234.257800856 306.983430346007 5.02674750271319 -303.451753467066 -419.225455797789
12000 317.988340875324 641158.385884826 304.264453202387 5.07166767469771 -296.21837917681 -417.978812997536
12100 308.76137681024 620905.025242839 306.035087772929 5.04232440500772 -300.030677474418 -418.631046346915
12200 324.658096924994 574121.760205095 309.118216095345 4.99203253486089 -308.996264270011 -419.765267770011
12300 313.322389973046 569877.582045444 309.285018713805 4.98934024765695 -309.796669569817 -419.806146445494
12400 297.035904038504 609686.954411338 306.580444654072 5.03335492779816 -302.172515192635 -418.837625174721
12500 279.699510341188 634276.81602967 304.967681505868 5.05997286088305 -297.532468286034 -418.264441334879
12600 281.308560407793 612746.571952206 306.527027612563 5.03423206718517 -301.719020759213 -418.949166988606
12700 273.736193558538 577317.562289695 308.731590776576 4.99828406929324 -308.636468264016 -419.882744432061
12800 246.141219633374 571825.737042371 308.804573837869 4.9971027717883 -309.867529768142 -420.081606080518
12900 223.522686360208 611079.261067613 306.62064901513 5.03269495000637 -302.492020415172 -419.438885899866
13000 227.913384820429 640797.56120038 304.415066301769 5.06915840471708 -296.871513566555 -418.623662645527
13100 276.572632582369 610202.971597622 306.495311398996 5.03475301081286 -302.633410910702 -419.364838313616
13200 254.785800641302 566089.069986322 309.424006700584 4.98709912110775 -310.865586956228 -420.192835349008
13300 277.747479817409 568808.227838894 309.533025958736 4.98534263698192 -310.108001145286 -419.999097384183
13400 297.727280614934 619266.604654472 306.600880643507 5.03301943760676 -300.305040117758 -418.811138753068
13500 278.532433908882 645335.70854878 304.257205351793 5.07178848922215 -295.322764626186 -417.873581715795
13600 341.819645891207 605432.321741628 306.870781342778 5.02859276831062 -302.912434509895 -418.873122750564
13700 315.208138599196 558478.429655671 310.194485860342 4.97471187337895 -311.992061070871 -420.118056771802
13800 324.136664860758 566099.30092806 309.304570716536 4.98902485757423 -310.61777672973 -419.904800510496
13900 279.904582446163 619896.555498173 306.306499176254 5.03785651305486 -300.384918333993 -418.897668811898
14000 235.920010314301 644553.773154621 304.341274331542 5.07038749593023 -295.833519572044 -418.269666087163
14100 263.840536614655 607415.990640793 306.630780128687 5.03252866923046 -303.050836706197 -419.300475290227
14200 231.528473337042 574079.386167098 309.139132434078 4.99169477418128 -309.552030137052 -420.320352720728
14300 269.104770240866 581842.230203277 308.512749481655 5.0018295660675 -308.063701085492 -420.10238484134
14400 291.869883595841 609435.085149138 306.609121290517 5.03288416656066 -302.645153372572 -419.272975551457
14500 344.583167906513 617996.829360306 305.678590605559 5.04820500778002 -300.680145377985 -418.587504397146
14600 376.526122023912 597470.582209562 307.277131840805 5.02194283909676 -304.393877768116 -418.981157546973
14700 359.037879440125 568585.732280687 309.643621217399 4.98356202462411 -309.916524325584 -419.803883874259
14800 270.8038018978 583332.364340264 308.335290273649 5.00470831767777 -307.135361389584 -419.396372510937
14900 300.524570899813 626610.941536825 305.939365810642 5.04390204175695 -298.927019760738 -418.579850808869
15000 249.889651161124 641948.872752463 304.631792341069 5.0655520226806 -296.084380797092 -418.142116444764
15100 259.123908401426 600292.350157676 307.209796523508 5.02304356608641 -304.186846605178 -419.290076958737
15200 310.575770892304 562797.141365709 309.525253972688 4.98546781582573 -311.535270493763 -420.262322798128
15300 260.201888944307 580737.206442731 308.474514379512 5.00244953775219 -308.172384565327 -419.984427582769
15400 273.228156985019 618222.768574816 306.211174926064 5.03942480949206 -301.020296260941 -419.176267423506
15500 260.29496207538 634693.446747297 304.926509019908 5.0606560801356 -297.844355912688 -418.639322643549
15600 300.601380039116 601461.851618223 306.976755993042 5.0268567953109 -303.992406176153 -419.23239881325
15700 302.998504121006 563655.776580245 309.631427542553 4.98375828356134 -310.997837456891 -419.928122444311
15800 341.076463664245 578147.142970377 308.901259191587 4.99553869059835 -308.045114264045 -419.512471612981
15900 267.786221118444 625101.272490436 305.846905070736 5.04542686645538 -299.025634299367 -418.354116240638
16000 323.096271232159 637508.758740144 304.758306663756 5.06344915995571 -296.698148330003 -417.961997722975
16100 330.002645068404 594461.436880025 307.788868230142 5.01359324896793 -305.024967025445 -419.225002329775
16200 301.545272817352 556679.477792563 310.347726483343 4.97225550627304 -312.490861391563 -420.32180905111
16300 268.024110570138 581416.127095009 308.551678646267 5.00119849821077 -307.871414498449 -419.842175527073
16400 257.031434372355 625265.834353061 305.599204728325 5.04951638613702 -299.574946908371 -418.838175224407
16500 221.842929000746 634746.29306117 305.244319106187 5.0553870957687 -297.80390940229 -418.734843060744
16600 276.523905206251 602038.152131955 307.104434020451 5.02476689009107 -304.02002738643 -419.418415747015
16700 278.66001393345 572797.021560693 309.079879108442 4.99265172588186 -309.376980069762 -419.876687297807
16800 370.935534874407 580169.13032282 308.727685369285 4.99834729762025 -307.568768870494 -419.363114079824
16900 300.505225683039 619128.242498056 306.488575389821 5.03486366466818 -299.974028584743 -418.410251452095
17000 364.866664052781 624484.711771727 305.624543861629 5.04909773399865 -299.011300195154 -418.135413664422
17100 308.87109871851 594487.466473515 307.414420472979 5.01970008268287 -304.893879760536 -418.959976713278
17200 285.243599019438 573444.066106246 308.99191173414 4.99407309144663 -309.122158948655 -419.715204258437
17300 256.678822987257 591267.81953399 308.108413564216 5.00839355217576 -305.874787462792 -419.57923255245
17400 254.890962642379 624695.180480878 305.814227144313 5.04596599797145 -299.58311092585 -418.821330822058
17500 231.269582598523 629143.23991152 305.640983655756 5.04882615351137 -298.781924963402 -418.801135522867
17600 298.775514014071 596569.15021599 307.303878258333 5.02150575063326 -304.993101330239 -419.41745689322
17700 241.311072094991 571429.209282879 309.246128664969 4.98996769507797 -309.739349877534 -420.034483264407
17800 345.94878379324 581999.737141968 308.567216238792 5.00094666787912 -307.473259548668 -419.562057968571
17900 354.116024593564 620474.12912598 306.353076410642 5.0370905686538 -299.715613893757 -418.356823704884
18000 354.656219021745 628526.492826795 305.53614253395 5.05055859862685 -298.062997495709 -417.923424919711
18100 363.387828526354 591579.131434854 307.899823475847 5.01178654292788 -305.204411850343 -418.891705441771
18200 334.419135942487 571498.415955114 309.294250319538 4.98919132920151 -309.231559618331 -419.557216074807
18300 300.553469824867 593670.3659072 308.000776258128 5.01014383993911 -305.128888018306 -419.255473660315
18400 322.037504763202 622715.857508779 306.014826952672 5.04265825036243 -299.675054172016 -418.613439160332
18500 328.013331512057 620509.427862777 305.612157088142 5.049302379097 -300.174357639648 -418.535365145795
18600 272.659643384217 590003.25861445 307.658122199392 5.01572388479322 -306.093265999404 -419.388707941564
18700 280.162639786483 568545.518671719 309.336606889648 4.98850817361106 -310.320436660576 -420.091077790454
18800 303.338042106595 592643.911451701 307.748792016318 5.01424613807843 -305.634351611001 -419.470403909288
18900 301.692517534799 630151.025672741 305.25406131853 5.05522575260966 -298.351230952536 -418.410512704978
19000 312.248392240099 618681.667916982 305.87259818531 5.04500305362833 -300.349973435441 -418.462908692816
19100 326.305539760481 573604.694109652 309.042151749789 4.9932612206101 -308.685188927389 -419.327199293554
19200 354.732452350416 567166.506805454 309.605881394548 4.98416950258005 -309.762284403443 -419.361998440547
19300 351.319548621858 614897.554574365 306.437342959251 5.03570542990682 -300.667960521731 -418.275210918869
19400 354.341096183833 636735.040815251 304.877240199019 5.06147389309478 -296.771273669091 -417.935216581601
19500 311.885030107526 603101.71703962 307.048784586893 5.0256775773995 -303.370900776761 -418.952204833639
19600 249.574478932557 565641.079560221 309.544512497552 4.98515764151472 -310.684635693658 -419.967908929196
19700 330.332926004401 577018.169014667 308.892205356846 4.99568511313982 -308.590547029152 -419.836976344467
19800 273.130159679796 626050.632379969 305.958831989787 5.04358113093343 -299.195106744534 -418.748551854634
19900 303.210051905495 635091.737769748 304.897603803159 5.06113584566693 -297.424588637668 -418.283900355934
20000 340.616005323373 592981.714002054 307.713068991581 5.01482825192693 -305.397068291554 -419.284784826817
20100 310.181693024342 565933.796143241 309.834236231124 4.98049605697871 -310.516040977794 -419.958206360585
20200 334.277056781408 585011.048434061 308.367101345305 5.00419203324206 -306.697499516733 -419.293184986211
20300 302.678229526302 619650.00516006 306.094412549839 5.04134714192102 -299.832696151938 -418.21628517348
20400 358.661192149226 621291.823903633 306.314595428256 5.03772335663172 -299.330267643996 -418.112907185847
20500 345.900454793779 600591.035760873 307.686789120003 5.01525657399699 -303.295549482516 -418.634856586022
20600 330.150711830117 589731.353704273 308.083942758795 5.00879136396365 -305.649566606904 -419.04953260172
20700 339.862712852973 588797.226695914 308.030552097898 5.00965953330398 -306.1502324236 -419.350953325981
20800 274.640679023008 604891.873574715 307.13365818456 5.02428877703413 -303.20858950799 -419.165011248738
20900 298.468085256929 611187.511353845 306.594489756049 5.03312434967099 -302.061242737963 -419.018845841492
21000 261.427511939326 599567.730206332 307.205004778268 5.02312191489168 -304.315077537018 -419.277572257751
21100 297.584799109476 587149.111607584 308.178808179359 5.00724952822851 -306.691089977755 -419.629279645869
21200 238.255729189205 602646.535286788 307.454850201954 5.01904000165392 -303.667261606943 -419.314070951185
21300 276.641995154713 613144.779707023 306.776440465205 5.03013917733082 -301.555724944607 -418.957504965936
21400 262.383707715015 610191.950683438 306.882094033317 5.02840739772387 -301.930820548726 -418.807446555915
21500 306.00390573995 594497.927123543 308.045231934302 5.00942079894043 -304.724565449436 -419.026736181084
21600 354.152787490934 592598.555974351 308.357460590587 5.00434848863594 -304.968763627578 -419.021232796799
21700 371.715365575408 603779.920747383 307.522321275285 5.01793881324393 -302.81532128774 -418.705051768522
21800 356.102220938575 604367.302410167 307.107190618624 5.02472178771753 -302.974937643914 -418.820816262744
21900 286.543868078954 593691.898160407 307.425729555253 5.01951542604626 -305.347605081574 -419.265244569488
22000 273.884237200095 591539.307572471 307.730699563116 5.01454094133895 -305.874630999572 -419.491829191131
22100 229.798418345762 605580.662921055 306.952038583371 5.02726158453903 -303.228048574263 -419.247862252898
22200 292.864055628082 613791.225764137 306.531306399555 5.03416179571133 -301.633748214435 -419.065395907473
22300 259.89640369896 609353.527775982 306.692935379599 5.03150876284831 -302.420152134384 -419.064243542247
22400 330.417100698369 586651.53656761 308.101975839037 5.00849820149257 -306.654572271851 -419.468920469748
22500 302.454952748525 572646.793622866 309.520796273814 4.98553961621696 -309.243611467165 -419.871929599278
22600 316.894991659599 593595.624346109 307.790629835021 5.01356455423368 -305.003496662246 -419.037856225503
22700 340.952582048671 625190.925916279 305.707537733666 5.04772699850962 -298.83716533061 -418.128378611604
22800 311.144540258561 616119.092095516 306.822763534626 5.02937974382717 -300.541923828199 -418.531023345755
22900 340.031467678909 581607.979841752 309.011810331372 4.99375150163785 -307.278229978612 -419.452971496836
23000 297.714788344311 579229.620808128 308.692882446288 4.99891082566383 -308.072448004058 -419.673174419364
23100 285.395659599443 607265.081638572 306.504487852986 5.03460227507755 -302.899962803748 -419.072851894702
23200 265.030163032615 622536.922749782 305.828684140089 5.04572746734008 -300.052659119122 -418.884540571126
23300 280.379709630898 601631.849450285 307.248963177411 5.0224032520985 -304.065346803066 -419.440127270829
23400 264.919217360158 585502.360947714 308.051055805109 5.00932609314735 -307.098451767875 -419.673202718427
23500 311.174260042249 589259.035992882 307.845015432382 5.01267883028324 -306.26631366102 -419.48758299614
23600 313.175173277045 602838.174468517 307.353204000049 5.02069987162351 -303.450876526327 -419.096215486447
23700 347.172928762526 607461.589712458 306.85049003308 5.02892529746251 -302.348763376055 -418.690431400484
23800 268.101834365857 609008.593693257 307.230780559337 5.02270048937395 -301.940909907699 -418.723415210781
23900 321.87445249791 599568.84738863 307.760250386663 5.01405945026159 -303.770754841931 -418.941248602368
24000 303.18119249253 601432.252348472 307.387918400858 5.02013286629489 -303.51586843697 -418.904533860871
24100 296.093165633575 604014.791627344 307.299914265034 5.02157052518809 -303.145845710411 -418.99681074572
24200 280.187771182021 603948.823726453 307.395670361668 5.02000626765675 -303.246973795167 -419.121381847921
24300 260.728189706258 599341.96465488 307.58223015421 5.01696145155218 -304.158355608003 -419.218673939693
24400 332.426606784499 600920.382358411 307.423380640549 5.0195537784109 -303.882696679791 -419.186457183352
24500 233.15009921035 600184.186420702 307.567142749432 5.01720755367966 -304.055534721827 -419.271889062817
24600 308.145960870882 597682.353153545 307.679846561531 5.01536973939409 -304.554147757339 -419.332272833333
24700 283.486869793351 606471.992618624 307.150641724273 5.02401096479355 -302.879402930414 -419.145158744839
24800 294.269385137373 608266.57327774 306.955520526076 5.02720455791585 -302.554114128155 -419.089828276428
24900 268.225150576902 602594.045817449 307.281236877879 5.02187574986688 -303.650221091452 -419.221660152024
25000 336.180989485399 595510.469363613 307.391894810174 5.02006792605596 -305.010782067032 -419.264793130718
25100 278.540847581356 590698.857168683 307.946602391162 5.01102522282742 -305.899003860177 -419.434376586864
25200 300.028399603888 593953.577211842 308.042022305593 5.00947299435419 -305.133601790372 -419.329922283137
25300 317.571216470848 613320.102609191 306.445594022856 5.03556984327543 -301.279440505916 -418.588140995677
25400 349.163405248003 616992.041196704 306.262403365158 5.03858186610729 -300.457204200403 -418.397684162553
25500 364.941525530267 585688.694918837 308.429483362398 5.00317990045386 -306.425127024739 -419.174041757301
25600 346.867644214495 575476.245077965 309.104704899721 4.9922507403009 -308.513629416125 -419.539109387666
25700 305.458132035825 602528.348801675 307.38142420417 5.02023892908096 -303.585940000408 -419.182456350539
25800 267.016897831287 626387.668460526 305.717862306402 5.04755652883488 -299.232928975327 -418.756526392243
25900 278.7035924172 610008.905615866 306.714243559429 5.03115921177337 -302.425203464504 -419.202861887584
26000 246.603660572333 588058.148341329 308.241179450566 5.0062363329154 -306.624575966699 -419.760511508287
26100 248.232007772836 586090.065040753 308.365191292501 5.00422302983732 -306.957541171219 -419.760203687444
26200 277.70811991307 606356.243885206 307.061738144123 5.0254655666081 -302.97494275322 -419.18486231073
26300 338.166437338198 618272.428164673 306.027695082071 5.042446212106 -300.541131370837 -418.63578955864
26400 314.865120628307 604374.563285267 307.15981606262 5.02386090617898 -303.074956834276 -418.942078647402
26500 338.182511787157 578764.065017346 309.093426226997 4.99243290516588 -307.963410017818 -419.619128244416
26600 355.881242869681 583428.020454375 308.445305534963 5.00292325470715 -307.068748154045 -419.388229825826
26700 340.656660301496 611872.377158159 306.331632401539 5.03744317806327 -301.666858948031 -418.655133408597
26800 293.640171972387 622926.752919375 305.847009504704 5.04542514365303 -299.609507376785 -418.522925792838
26900 342.613537227344 595654.390924223 307.57820227353 5.01702715101317 -304.864918125109 -419.215806892237
27000 268.511506084378 579172.222512112 308.870968359575 4.99602860075108 -308.103724140482 -419.75776800786
27100 339.040530171352 587942.693555741 308.138917599642 5.00789774912843 -306.486360221548 -419.562557009408
27200 281.926168406357 615606.916633499 306.261823779341 5.03859140138188 -301.237843408266 -418.913328611895
27300 312.016470729948 622718.074557843 305.548254376595 5.05035839597428 -299.944449359882 -418.701915001091
27400 301.997141495308 592657.456497686 307.583602477879 5.01693906773558 -305.780171997399 -419.55772116563
27500 249.128497939919 564420.206288093 309.762624579671 4.98164745976069 -311.298070775151 -420.422305505593
27600 247.906026664346 584501.842589659 308.365271500358 5.00422172820564 -307.444404753004 -419.941417025135
27700 272.527208410392 633699.606927999 304.796580750562 5.06281332968423 -297.952305045734 -418.506734232923
27800 285.039288185646 637296.513486648 304.712997384281 5.06420206920168 -297.092626240197 -418.298080724811
27900 327.798171240851 577750.994429071 308.755228109523 4.99790141632432 -308.288019062942 -419.626339201486
28000 300.585805401599 545635.012850914 311.204996287655 4.95855853946434 -314.339963201296 -420.323506305744
28100 348.861264869023 592062.071751044 307.842016861967 5.01272765685538 -305.293768059931 -419.052509543979
28200 267.399543087837 662878.107003803 303.335425149168 5.08720071553553 -291.848801573887 -417.349589040233
28300 340.178468978496 647405.270470804 304.077674415376 5.07478293114732 -294.907921665187 -417.779208972808
28400 319.003707006761 560594.165343379 309.782682557981 4.98132490533036 -311.687289023436 -420.078820397429
28500 264.352361024475 529581.664736463 312.167950124956 4.94326272523631 -318.017291452334 -421.200943630819
28600 223.600493414365 596190.169855499 307.30844632518 5.0214311071465 -305.386390938529 -419.739756383996
28700 212.011768676329 661549.035693736 302.976791113423 5.09322244187487 -292.90549000486 -418.006565946661
28800 280.795247469434 629148.188555695 305.016563389402 5.05916195080879 -298.954274072264 -418.72922916362
28900 286.339529839202 565798.718480538 309.463717643538 4.98645916754482 -310.983365034757 -420.268562301685
29000 310.43041368097 557458.982194191 310.321892894396 4.97266943518953 -312.457035152528 -420.429987299489
29100 296.037212923727 605006.467972568 307.037615583722 5.02586039476764 -303.167737326797 -419.109859395762
29200 317.772485490127 638971.712235022 304.532882446467 5.06719727429561 -296.596833504109 -418.049056357637
29300 347.92557680826 611682.938168152 306.575702409665 5.03343278589019 -301.721745643763 -418.766981559349
29400 302.42247554223 569760.443805381 309.365409820669 4.98804372719185 -309.764705998588 -419.780158851291
29500 367.334035688909 566993.040485533 309.620352086655 4.98393655800196 -310.279185965943 -419.85050025361
29600 359.909325171204 608327.85338243 307.018358482246 5.02617563162874 -302.343206146279 -418.914519584282
29700 313.119452166828 635169.418002039 304.940763258878 5.06041952336851 -297.367062104893 -418.258266740736
29800 261.539963242687 610950.357040933 306.648542471836 5.03223716449866 -302.203429424203 -419.136262048605
29900 267.873193055791 570191.232035496 309.044243904 4.99322741744858 -310.204156746866 -420.188492545762
30000 263.899343291447 570976.140240055 309.017001633173 4.99366760958329 -310.117384810218 -420.243413285273
30100 207.878036405419 621760.018171191 305.885281285168 5.04479386972369 -300.343506607099 -419.049053748856
30200 321.731281095675 642236.775733423 304.52448199651 5.06733705529726 -296.280161323418 -418.349622115865
30300 261.220687544131 604302.170814006 307.217521454682 5.02291726252908 -303.308147912513 -419.183156144854
30400 346.087930936235 554799.665982881 310.552140124081 4.9689826360545 -312.715162753938 -420.252767762568
30500 269.536281166026 574469.096117957 309.255264393779 4.98982028613499 -308.885550191774 -419.770706855859
30600 327.416132800851 624784.052051805 305.748830195535 5.0470452851095 -299.212284257718 -418.441965282041
30700 321.760530186327 638601.131036381 304.976917913741 5.05981961658678 -296.568878489574 -418.127648525025
30800 323.456201663876 596390.079377881 307.629265186608 5.01619438231945 -304.71334351118 -419.224473766555
30900 291.308565096311 561488.613818334 309.868019572255 4.97995305871277 -311.533200523844 -420.127581215521
31000 246.239719419531 584295.512569904 308.361703269554 5.00427963493638 -307.306688595015 -419.762687961385
31100 228.125965732906 629203.37383482 305.438638331529 5.05217087234124 -298.924276360625 -418.875493806213
31200 244.076547668332 634537.433171062 305.173380289539 5.05656224144467 -298.053218596991 -418.916265459219
31300 242.938820242818 597207.882925241 307.23409527639 5.02264629997498 -305.212435265248 -419.733290865405
31400 250.434248940515 568313.699322519 309.249646400127 4.98991093386579 -310.667388645185 -420.362425714969
31500 296.428169681323 579890.358338218 308.501927081743 5.00200503271814 -308.116957650334 -419.775874781788
31600 307.395294191119 618419.987165973 306.052631995014 5.04203535779839 -300.501655293441 -418.63412368907
31700 305.421300740426 631923.835423854 305.428546985334 5.05233779585186 -297.85677827818 -418.322643842247
31800 286.588523454622 604362.274223602 307.175703262093 5.02360107091371 -303.116424295566 -418.987182985207
31900 317.230877015376 572324.742409431 309.163042125778 4.99130873229771 -309.312390753443 -419.750696674889
32000 265.310260206114 586420.026810999 308.303817854919 5.00521921072117 -306.656718872166 -419.500424376782
32100 330.9760289923 621465.618408561 305.946692743579 5.04378124838712 -300.009981825531 -418.683143369183
32200 303.086401487906 622071.822684973 305.787905688095 5.04640034207277 -300.013963616077 -418.74123233236
32300 306.554643724891 589039.015839929 308.07232130109 5.00898031134049 -306.437948997168 -419.700512108483
32400 249.168838747475 572038.510218335 309.107272195124 4.99220927708236 -309.778700623015 -420.141861912768
32500 238.424402370392 593999.214417785 307.498637184015 5.01832530380508 -305.605781168591 -419.609418671603
32600 265.541222856171 624266.766451558 305.548267846546 5.05035817333161 -299.778463422136 -418.831282611181
32700 260.209700432714 621898.256500163 305.799563250342 5.04620796532284 -300.065915099216 -418.76458233338
32800 315.518957954838 586969.403278079 308.263669203431 5.00587109682319 -306.503922945085 -419.438635172265
32900 376.04990937398 569220.781483642 309.597262918797 4.98430825039582 -309.715993758496 -419.709615524783
33000 306.260363061716 602051.871105029 307.420614191291 5.0195989489043 -303.267004923478 -418.78683434934
33100 331.549608255303 634522.433964705 305.145621310798 5.05702223494929 -297.111735442913 -417.960931737953
33200 348.331533653443 621632.187529351 306.232944311435 5.03906656854261 -299.650547998974 -418.466580480958
33300 289.941131696042 571664.671234793 309.329612520886 4.98862097065449 -309.438487464408 -419.808856300138
33400 278.098237112114 561150.394514361 310.014973567934 4.97759245015297 -311.706223787929 -420.28666091393
33500 299.424500508961 603741.072533369 306.828175521317 5.0292910331467 -303.636840377624 -419.257542449273
33600 307.148861067657 638000.64378681 304.582215981785 5.06637653446714 -297.108268004051 -418.395560560391
33700 266.008922762654 615758.88484319 306.515847400682 5.03441569156104 -301.30785861134 -419.110021096066
33800 313.003315027788 573137.355040584 309.093596150537 4.99243016058662 -309.444769443806 -420.015038173687
33900 251.515725151013 573995.425216384 308.93488701788 4.99499492194551 -309.179849995656 -419.858799435998
34000 315.125610443211 605326.377499744 306.878583355328 5.0284649224914 -303.0634684113 -419.006812477783
34100 304.202915874571 628590.79185073 305.492262068649 5.05128405353638 -298.523965102621 -418.379438527679
34200 307.881552047872 610502.678349862 306.948814805327 5.02731438414188 -301.860452680493 -418.822019371159
34300 303.32395958269 583888.389508242 308.636012621615 4.99983193392918 -306.944909433192 -419.422519954805
34400 352.359287107877 585289.181453065 308.305832350101 5.00518650621503 -306.663753248336 -419.290588215268
34500 297.576684021276 611359.989539376 306.748931193915 5.03059028065729 -301.736661602364 -418.786202252803
34600 330.708858331082 618492.895628028 305.817627467403 5.04590989291682 -300.596998093813 -418.652674198417
34700 310.95151438278 591776.143112359 307.610856445249 5.01649457271604 -305.937734576361 -419.556156895412
34800 243.038808497974 584844.034456637 307.864518764277 5.01236127521292 -307.382340395109 -419.762422876752
34900 237.822301032786 599440.993650355 307.012357809714 5.0262738701305 -304.585551299493 -419.451668002861
35000 260.577407715065 614369.351263288 306.573683371472 5.03346593515769 -301.651544171024 -419.210049721023
35100 291.43538101897 609394.634920595 306.637571890799 5.03241720298928 -302.455654788574 -419.086557298585
35200 301.411017287492 594269.900549758 307.678936449074 5.01538457482784 -305.131697379713 -419.254162017565
35300 378.065044490001 581425.403733357 308.763845629529 4.99776192617333 -307.42616542091 -419.475707779953
35400 345.460411583677 595636.126703158 307.680116485197 5.01536533947706 -304.647378929155 -419.032649744711
35500 302.506509341273 613657.947056315 306.35797718379 5.03700999089823 -301.217262816293 -418.557023662198
35600 331.938579724386 612612.88316555 306.562563372842 5.0336485149668 -301.473688936603 -418.69184549954
35700 305.688731591096 593442.05203833 307.775279787402 5.01381460178363 -305.246235230494 -419.245406734824
35800 311.659858292735 577445.050092388 308.931701949982 4.99504642005295 -308.42060650312 -419.763571593192
35900 347.792749500282 591453.161014662 307.956778587941 5.01085963732233 -305.794942832995 -419.479053261359
36000 292.306827513861 619327.452195224 305.797970990034 5.04623424043717 -300.493901709463 -418.701276652066
36100 274.458367273037 616967.478667332 306.09500598588 5.04133736810232 -300.960704254065 -418.832027467063
36200 280.229501617904 585646.366604079 308.498850611619 5.00205491465129 -306.939170147255 -419.705292333062
36300 291.009336076773 574344.86219598 309.12734760585 4.99188507201787 -309.0551601518 -419.870481598402
36400 305.083067357735 596619.765745474 307.387644320555 5.0201373424655 -304.782839721682 -419.24809641942
36500 269.12834577061 628322.865327337 305.38851016028 5.05300016381176 -298.709039973474 -418.472738755695
36600 339.430508439931 618465.667451842 306.106471909106 5.04114853319512 -300.519780087855 -418.681757535779
36700 267.463958107431 590214.623493371 308.246644345443 5.00614757751193 -305.928991408348 -419.481822282749
36800 259.675852296807 579612.889894412 308.65575123423 4.99951219342447 -307.974126461001 -419.635264890757
36900 352.590737375788 594133.803120631 307.74422395621 5.01432056799772 -305.186809798621 -419.307349057255
37000 350.673294855205 612146.168618997 306.482332816738 5.03496621708644 -301.744708588945 -418.842909556927
37100 307.689009663343 610431.562532196 306.628633115912 5.03256390698121 -302.064623929678 -418.890576395001
37200 279.107033041604 597106.113323875 307.305495982071 5.02147931632225 -304.643760228857 -419.171710369756
37300 318.644958492383 589909.277266773 307.802331213891 5.0133739591264 -306.009609270709 -419.340101103172
37400 344.598795186768 597029.293012593 307.604429080415 5.01659939188558 -304.581735647603 -419.206344622596
37500 287.603235903158 608493.55817953 307.046194216745 5.02571997611806 -302.40110644676 -419.014744984356
37600 346.542118913599 600615.399014241 307.212177424189 5.02300463739567 -303.877432095156 -419.043498084554
37700 324.609127204544 590726.134500921 308.15342379098 5.00766200447223 -305.705740560643 -419.322611653977
37800 294.98167878657 592455.511588666 308.250724916859 5.00608130696962 -305.332109453963 -419.317579174805
37900 294.3975469258 611448.127346066 306.998090497092 5.02650745927275 -301.687548104129 -418.849051554757
38000 282.414318836068 617673.191495092 306.304576199129 5.03788814066863 -300.561471558601 -418.648414632892
38100 291.250098714445 604563.47186688 306.81830179937 5.02945288079712 -303.228464390691 -419.002936034812
38200 292.003252052905 587589.175169257 308.042880313523 5.00945904120732 -306.658096304347 -419.631081465586
38300 315.884671319631 588008.44108758 308.033281906755 5.00961513740987 -306.693156978302 -419.743229736879
38400 274.996272667933 603421.218696049 307.135155245145 5.02426428727915 -303.834142147859 -419.509206463448
38500 254.046039908676 606723.430558543 306.805803088961 5.02965777156006 -303.213408905609 -419.396781564866
38600 265.147457056785 600386.553435563 307.121452858161 5.02448844750285 -304.22705542417 -419.315243627926
38700 301.392649500242 595467.279642867 307.766661763946 5.01395499766536 -304.843436609535 -419.228447777371
38800 320.671546354686 595708.228919075 308.096435010752 5.00858827468181 -304.612616918679 -419.166526326623
38900 350.132883255528 595781.925193723 307.636212830471 5.01608109678717 -304.583720293459 -418.980664162904
39000 299.130055858088 605364.587977842 306.855797243675 5.02883831991194 -302.796009992944 -418.738063360366
39100 304.343177678121 609750.46370825 306.582854455349 5.03331536464269 -302.072103713462 -418.750283470279
39200 303.523660176885 600642.755788885 307.298226005791 5.02159811308849 -303.960820094434 -419.164390560705
39300 285.763698511939 590874.975904715 307.979421640011 5.01049123233254 -306.009525572526 -419.590852811247
39400 291.232994077798 591436.792202674 308.023454956003 5.00977496043779 -306.015493268808 -419.721070726949
39500 269.385998904487 604507.03552186 307.137722076419 5.02422229817208 -303.535298465004 -419.419480931388
39600 267.253861197263 609009.260698277 306.793618890734 5.0298575226094 -302.626793583659 -419.243255644858
39700 296.585607578683 602002.238332495 307.503186033121 5.01825106846181 -303.718704674193 -419.260036285481
39800 281.793696988264 594512.410213405 307.9994594463 5.01016526016068 -304.701932576787 -418.98990333397
39900 321.944279828724 602564.611998929 307.508032367021 5.01817198070568 -303.03138455164 -418.682474309721
40000 333.584204754823 613050.070119599 306.879525809365 5.02844947963299 -301.088955148267 -418.512044811423
