# step temp[K] press[bars] vol[A^3] density[gcc] enthalpy[eV] etotal[eV]
0 319.739864802009 584340.320931471 308.375678159582 5.00405285227314 -307.05653858107 -419.526258829264
100 290.277376764638 557233.54048963 310.581594447059 4.96851139750704 -312.296457516859 -420.316068018354
200 266.273701877477 525245.582174989 312.74228544791 4.93418467431115 -318.530532155349 -421.057628134365
300 249.926351228399 538029.878999436 311.698897448327 4.95070147664522 -316.06600599809 -420.738194161118
400 295.132835678909 577241.146081548 309.052806160658 4.99308908091241 -308.516376600634 -419.863657020674
500 296.331856372164 576638.039286727 308.970588404937 4.9944177529406 -308.712388654966 -419.913741499106
600 252.433163334097 535260.07255368 311.463137137175 4.95444888293955 -316.800530783256 -420.85509741923
700 327.537166792113 506688.779010824 313.53849267168 4.92165468653318 -322.413364357522 -421.570002858154
800 300.873014377405 536261.393854455 311.619076398132 4.95196959602879 -316.638130250916 -420.939547891794
900 319.131633441072 596191.047912536 307.53475890338 5.0177358727471 -304.957624740388 -419.395372504217
1000 262.539079270255 588594.574278405 308.107567978124 5.00840729746594 -306.239075070836 -419.429127980761
1100 293.592802843611 517319.851633477 313.403000990886 4.9237824366302 -319.838016728331 -421.031358394553
1200 337.511702704991 504090.812663526 314.476484921691 4.90697481641714 -322.295672315264 -421.239020222154
1300 385.22494763103 574431.631093894 309.177030001087 4.99108291408548 -308.580963583806 -419.430839137648
1400 371.519719997696 604292.905870972 306.946813756502 5.02734715822876 -302.918891930137 -418.690020786885
1500 295.315145228532 544408.253892151 311.173718822494 4.95905694640743 -314.697674129949 -420.432305065605
1600 276.59809086595 487069.456541129 315.419775817496 4.89230007175893 -326.21960199972 -422.108749537305
1700 255.776033392366 526803.893585268 312.395736893698 4.9396582911476 -318.566722068247 -421.284050986153
1800 271.338356943686 611115.456703324 306.303711616119 5.0379023607787 -302.267914070181 -419.100817694849
1900 240.275994638224 603493.46853906 306.821847030638 5.02939476702918 -303.671889661651 -419.242790051265
2000 286.629009851857 513322.35547838 313.379941092915 4.92414475056843 -320.997404551886 -421.401404686385
2100 323.493067784127 484896.768944526 315.419852786909 4.89229887792962 -326.416005948492 -421.87744073881
2200 337.706394851644 549162.757362535 310.937521686848 4.9628239895095 -313.706976379523 -420.28406496934
2300 310.223706289291 610638.596611558 306.73204101214 5.03086728981485 -301.75827307106 -418.663260167957
2400 300.604377357894 576310.393796758 308.948237303667 4.99477907798959 -308.329332631879 -419.459461118529
2500 293.222239258731 508559.253848535 314.002671001977 4.91437918964837 -321.568625261779 -421.238645431974
2600 298.335680333097 504253.311199016 314.250673575943 4.91050082504662 -322.590442355203 -421.494615957293
2700 247.325707314702 574903.73745931 309.141696881795 4.99165336617842 -309.159206425754 -420.087507360051
2800 258.137009046685 604118.574222786 306.674822355766 5.03180593702594 -303.701051400957 -419.336224199704
2900 304.505254932915 544265.851589393 310.680723646919 4.9669260897559 -315.247976637148 -420.787477826997
3000 307.855473782723 490222.08189918 314.702652123566 4.90344832321343 -325.745493302216 -422.035876604685
3100 280.737072419444 529346.039237598 312.12726205398 4.94390711567914 -317.946022005835 -421.070321923073
3200 243.950142648723 595215.341313391 308.01080267492 5.00998074893745 -305.011791029599 -419.439106024148
3300 326.436568671037 593818.080909637 307.950846715674 5.010956158503 -305.143811031632 -419.280287762628
3400 290.75020282134 535922.618696187 311.779467539542 4.94942211571521 -316.269730350231 -420.558907416238
3500 352.165228224439 507628.72357827 313.770294018589 4.91801875857215 -321.783335230132 -421.197359745805
3600 289.54583706664 537666.965762685 311.735929046516 4.95011337507991 -315.953003133752 -420.567014817017
3700 370.374050446489 578478.774651603 309.104735302694 4.99225024927229 -308.109360118328 -419.714123087271
3800 261.902919297284 577416.534607099 308.973099930644 4.99437715520384 -308.406196899269 -419.758583261674
3900 263.313157493425 538751.383298436 311.662794873077 4.95127495886877 -315.99605633789 -420.796471186395
4000 231.320924750394 523393.26587941 312.559794862431 4.93706553827663 -319.17311542121 -421.279026858337
4100 265.440567770117 550817.28394752 310.495471359535 4.96988952885329 -314.117669179541 -420.863881105795
4200 236.095884775525 578746.403914059 308.568576196805 5.00092462714646 -308.872811716751 -420.335533729452
4300 203.217489096344 567598.239973717 309.586996855959 4.98447353260153 -311.010122867987 -420.686575202789
4400 231.848891302633 532841.169385673 311.81990071747 4.94878033222228 -317.618040570329 -421.321022442814
4500 228.442610730775 519205.670634158 312.879988097555 4.93201307392334 -320.121827931037 -421.514567150592
4600 264.102792120417 549852.453245407 310.691831843388 4.96674850674533 -314.022580912194 -420.649201601236
4700 260.846742739062 589039.692017095 308.14677345087 5.00777007847578 -306.334737049802 -419.624802488636
4800 252.311889458774 570945.795373458 309.361173761945 4.98811202809039 -309.694616619407 -419.937440310292
4900 318.890442791445 516026.651183502 313.420955328686 4.92350037746466 -320.244622919282 -421.190783338559
5000 291.921893276639 518648.872274289 313.028220654147 4.92967754997101 -319.632189611775 -420.964179958844
5100 382.565241619063 570193.722859445 309.280935880763 4.98940611218611 -309.571330456959 -419.64038229944
5200 374.685850132165 591137.881897107 308.072127402765 5.00898346395576 -305.517774886912 -419.183844052454
5300 315.545232598038 540247.995233978 311.539736811548 4.95323071033975 -315.485874720357 -420.535922732021
5400 244.722505217773 499626.891593028 314.337599182902 4.9091428956554 -323.669850692331 -421.693706110613
5500 211.424062354762 531278.74401377 311.998133561708 4.94595327943177 -317.710419590142 -421.168419712666
5600 238.104662751402 595760.440601123 307.598043482367 5.01670353424918 -305.341956198557 -419.720581720213
5700 216.970278689185 595578.099252587 307.547637882188 5.01752574818098 -305.359962340572 -419.68484327566
5800 241.451665411131 525167.276417841 312.308431030383 4.94103917327803 -318.837928466168 -421.207528898178
5900 237.861471354127 494363.100793317 314.868554736428 4.90086472165458 -324.67650569306 -421.83146649907
6000 319.809473082459 550936.375238437 310.913383591688 4.96320928369124 -313.48631005 -420.399307818425
6100 296.710747567983 607574.988705701 307.055513443263 5.02556744401613 -302.494669041722 -418.935804030478
6200 301.674741587457 574694.688765676 309.028413784769 4.9934831977647 -308.794053884339 -419.641384424881
6300 262.045782168171 507357.423573031 314.00294379165 4.91437492028747 -321.898318228772 -421.332883993829
6400 265.764860073359 509000.019373974 313.669994371992 4.91959135254764 -321.618483697793 -421.269198342764
6500 290.654838000213 578542.684192785 308.920474350706 4.99522796314972 -308.16552450964 -419.716081163645
6600 287.025509813225 608385.84682584 306.960045827306 5.02713044529018 -302.528006475244 -419.08829020325
6700 278.877319136614 548034.39101856 310.711793119043 4.9664294244374 -314.333635965399 -420.614528441528
6800 270.491399936363 488829.085776727 314.929146894245 4.8999217985508 -326.120242464112 -422.2061150011
6900 229.302844869684 521539.803711272 312.584416011363 4.93667666340099 -319.847777115123 -421.600121485277
7000 219.817389096726 597404.625027188 307.141757044349 5.02415629420036 -305.222166182394 -419.746318919168
7100 213.887819358382 600786.390843994 307.275591153344 5.02196801924313 -304.458405974368 -419.681038064823
7200 260.712629332748 533527.791755682 312.113737348314 4.94412134812258 -317.173442616497 -421.107904933263
7300 277.481849803679 501444.669254208 314.291873640054 4.90985711464307 -323.24603621093 -421.612217856162
7400 283.756912293855 547604.040016299 310.939125101069 4.96279839780387 -314.14686757866 -420.422000876694
7500 298.873931085383 586355.542023717 308.210551166414 5.00673382538722 -306.608075112316 -419.405238712338
7600 282.225347920431 568757.592590846 309.847807673955 4.98027790950167 -309.975284127029 -419.968342421287
7700 278.48354606167 525841.274386344 312.59898771144 4.93644654182496 -318.309091226154 -420.905434431827
7800 240.381237985458 526977.129099916 312.481976003999 4.9382950389637 -318.12514170778 -420.904613638655
7900 305.841702896473 562648.836431117 309.971232878789 4.97829484863695 -311.261393566769 -420.116412665083
8000 272.952558885141 584065.759148092 308.736163704859 4.99821003587159 -307.193672196681 -419.741959998149
8100 292.834330675363 549158.3137263 310.708659258419 4.96647951669313 -314.059188835175 -420.556970682876
8200 211.453585606737 517741.772367716 313.093441455544 4.92865064401302 -320.287622245133 -421.463462295154
8300 246.709438643355 529949.936867927 312.137809078876 4.94374006282648 -318.001596952426 -421.247033529135
8400 209.327121715435 575997.673244997 309.017158635103 4.99366507245734 -309.076751479298 -420.171355829442
8500 269.923223499287 582701.214433232 308.442576335166 5.00296752219218 -307.629605532647 -419.808172509142
8600 218.266167656976 547829.315865467 311.074351149115 4.96064103699252 -314.120719193226 -420.485810038906
8700 325.274354277579 516653.740393661 313.112449226746 4.92835144586869 -319.973634640738 -420.942983558799
8800 304.712474905177 540971.099427451 311.751196127897 4.94987095809906 -315.159663976105 -420.42171676313
8900 309.256039570847 575236.071850887 309.45875640791 4.9865391103429 -308.529043592058 -419.635304004657
9000 308.597445758128 572176.952915549 309.578615945409 4.98460847224097 -309.180973240899 -419.73917276477
9100 280.048189069966 543998.480222505 311.399554426306 4.95546050060681 -314.781882068127 -420.513606600272
9200 308.400474633039 531560.067875727 312.056586177459 4.94502683237258 -317.366125750809 -420.898302217982
9300 256.044191893423 542781.361346332 311.169187958618 4.95912915410937 -315.34391584502 -420.761037772106
9400 244.993357067856 561673.624535455 310.124909032883 4.97582795486609 -311.790618150793 -420.510838248408
9500 207.074328169552 563329.06716817 309.903589201473 4.97938147745333 -311.571405333418 -420.534244207246
9600 257.136683701261 547082.670723301 310.534483688216 4.96926516352838 -314.870983972974 -420.906763856046
9700 188.397659986921 542358.211191487 311.014106727743 4.96160192893421 -315.934770911945 -421.217213002549
9800 248.140045975199 545303.110204464 310.606167571708 4.96811832144275 -315.383270682466 -421.098533155446
9900 236.931443739783 558747.257961036 310.034286764369 4.97728237728404 -312.648393236011 -420.770568042281
10000 283.665332510311 555992.899369159 310.221402200949 4.97428024281363 -312.925114074957 -420.579231368571
10100 269.413461044611 544213.289251148 311.24905507226 4.95785663191127 -315.011815140267 -420.73416972304
10200 278.502160632581 537001.843882265 311.538910446042 4.95324384892008 -316.267500026144 -420.686063992471
10300 306.864307145256 552456.998644094 310.640096254116 4.96757569442606 -313.159022926778 -420.272874137966
10400 234.477054070975 568305.056922023 309.739246144846 4.9820234635184 -310.008052129029 -419.875086073998
10500 286.316571430986 556081.767635407 310.69697634969 4.96666626755108 -312.304393120333 -420.140779315931
10600 258.497875340963 538076.534654142 311.976092407239 4.94630271172124 -315.795172202473 -420.569530519067
10700 314.160879679622 542301.565663471 311.577727406876 4.95262676414292 -315.029022516519 -420.491241815463
10800 262.489507173764 564306.324021973 309.71050480526 4.98248579858927 -310.927566733234 -420.011426393918
10900 276.3784295498 565091.466205635 309.637217180777 4.98366509658039 -311.005117377356 -420.214901098761
11000 263.907570906391 541607.439711341 311.340877793922 4.95639442787056 -315.703925268971 -420.95109104593
11100 244.43644773694 528259.052204624 312.361482540836 4.94019998661129 -318.358777141703 -421.348541822594
11200 250.47239644794 548115.007536172 310.831515704532 4.96451651103801 -314.461086675871 -420.798571074668
11300 263.044914186679 576871.179068983 308.758914183779 4.99784174959115 -308.761421541143 -419.93151976269
11400 292.064832736985 560508.398534604 309.880318526457 4.97975540751993 -311.725567708179 -420.134673118636
11500 276.931619926823 520692.711434676 313.068306410337 4.92904634633808 -319.328804539744 -421.073141277338
11600 279.242289290747 522578.788387197 313.08451760855 4.92879112532641 -318.885177927738 -421.003345229946
11700 309.945798180406 572236.731940437 309.435536156406 4.98691330360369 -309.217879432559 -419.736527007516
11800 330.412259344837 592676.281076253 307.77258061774 5.01385857300497 -305.31209586963 -419.163165647375
11900 311.909068133394 544020.366135629 311.272431168273 4.95748430426178 -314.788616581411 -420.481430058635
12000 285.390838070471 499624.210837175 314.391370509077 4.90830326979846 -323.582557214292 -421.62265478445
12100 304.315951784762 529750.781866104 312.228603975198 4.94230244192713 -317.778698643718 -421.01535645066
12200 270.674524662681 586769.132413672 308.25696165555 5.00598002257102 -306.797943210014 -419.691666186915
12300 260.406722772054 586893.413405421 308.087368139541 5.00873567515821 -306.821785341413 -419.677296026102
12400 205.269372303866 536599.543006496 311.786641528667 4.94930823302845 -316.56542506563 -420.988732585003
12500 274.678497534985 506905.233197443 313.823158288819 4.91719030641437 -322.344395153539 -421.633456773873
12600 246.175039011966 548069.636607702 311.076341164599 4.96060930281294 -314.255231097291 -420.66766272348
12700 298.87073094957 593413.097784894 307.801740240165 5.01338358471295 -305.307559706617 -419.310969555343
12800 285.483298295936 573970.662590337 309.347679547477 4.98832961709445 -308.850933128345 -419.672988376721
12900 311.63612504133 520227.223669274 313.264864392289 4.92595361710825 -319.148848307118 -420.866050298242
13000 333.582030097756 523043.932935536 313.046761090838 4.92938558600306 -318.564662289292 -420.761398487634
13100 333.346725070632 568891.498268767 309.401658604147 4.98745933951317 -309.746246932373 -419.606785474884
13200 256.003962229683 584850.439932179 308.517267385134 5.00175631965446 -306.818944148743 -419.438533536598
13300 324.83433529625 542903.486745653 311.201816158676 4.95860921029879 -315.142999195066 -420.594896082908
13400 249.698540689482 517991.097152788 312.970490891385 4.93058686610061 -320.19711714203 -421.381929148245
13500 251.3116817827 534057.911294833 311.733581919099 4.95015064583768 -317.125824636473 -421.036839209568
13600 255.630002170234 573528.223974608 309.075497577281 4.99272250295506 -309.459829765803 -420.099026633043
13700 273.20432498101 579439.993409449 308.544037107304 5.00132236011892 -308.264573952514 -419.852001946858
13800 340.257107327511 537299.21452965 311.483019813456 4.95413262909254 -316.318847539705 -420.776491179524
13900 252.630872791293 511663.188693025 313.549396568308 4.92148353259531 -321.197830504087 -421.331420068604
14000 310.726044132895 540561.807644948 311.422339781149 4.95509793212185 -315.433291070883 -420.504750384583
14100 253.404862923557 595065.892360951 307.779415355667 5.01374723219517 -304.800922204512 -419.113566566074
14200 331.947823753306 578420.6980862 309.065011186184 4.99289190304536 -307.941687736667 -419.520904835614
14300 279.787926532868 520277.902416393 313.089556930877 4.9287117941363 -319.206540776544 -420.876723773532
14400 306.368499088219 507555.348483115 313.966013871514 4.91495296843697 -321.778946282783 -421.240603336429
14500 238.112645739546 562733.8049407 310.066062287724 4.9767723061358 -311.326221266921 -420.230986137802
14600 283.585943675792 603173.666450019 307.207752503138 5.02307698712896 -303.795921302675 -419.450860967056
14700 247.091922618313 566149.882385814 309.473719021401 4.9862980182799 -310.99612383456 -420.352683255739
14800 232.716048213362 507965.198615389 313.591163831597 4.92082803932194 -322.287205847156 -421.710332961895
14900 277.402401251515 515189.920471956 313.113536343409 4.92833433484551 -320.767184411257 -421.450809397302
15000 275.702980224966 582183.200767444 308.631610749165 4.99990324426059 -307.572725457027 -419.720256645982
15100 354.697914592825 594889.978649063 307.62452697422 5.01627164467104 -304.956632474923 -419.177973434313
15200 305.292122667898 535537.318714531 311.667091373561 4.95120670284867 -316.332570179548 -420.509206427647
15300 313.439042296596 490920.124152328 314.946851291501 4.89964635473643 -325.041452933317 -421.543771708688
15400 299.603048581071 533880.933401565 311.95399179054 4.94665313628122 -316.663956426122 -420.613982103991
15500 270.339770931211 610801.199012663 306.881116730455 5.02842341134175 -301.89111343775 -418.884062749706
15600 369.613754185522 602946.166431667 306.843967490793 5.02903219667312 -303.465724228818 -418.940139120846
15700 258.155467182378 511382.577506102 313.24511979329 4.92626411190198 -321.23610315586 -421.217657467198
15800 321.77695608651 466647.138983054 316.743336632771 4.87185684242258 -330.074537965499 -422.328650937215
15900 317.209465672952 545214.022023876 311.021452207091 4.96148474941415 -314.689335051462 -420.528646072148
16000 328.32244104607 641424.105564176 304.534909057413 5.06716355324375 -296.202061704925 -418.121233316304
16100 313.240641774687 589996.29145489 307.958626070455 5.0108295765454 -306.010570350103 -419.415333996999
16200 235.344151690795 485912.893271744 315.246412219715 4.89499049648381 -326.245307079724 -421.854184288457
16300 278.896798422518 485234.855514099 315.352671422146 4.89334111205424 -326.372585326534 -421.880232551112
16400 310.098886124097 579674.740835245 308.790767580315 4.99732619585125 -307.971077421868 -419.69298082604
16500 323.044259804859 620849.666440333 306.138450221372 5.04062194980823 -300.052635421694 -418.682483446864
16600 297.183224396706 564573.691938606 309.814209637382 4.98081799951093 -310.863047543141 -420.035134482387
16700 303.046854925031 501442.663102883 314.347845055061 4.908982886763 -323.138944623898 -421.522250436374
16800 319.897818307356 511435.196842734 313.37397032451 4.92423857114922 -321.160021426838 -421.192994197506
16900 329.631980938781 574202.155462885 309.154004379771 4.99145464721367 -308.918753361676 -419.716094157054
17000 315.273552795742 589464.67588538 308.12619643607 5.00810450300772 -305.927582249939 -419.291814289282
17100 287.091389466512 545384.263466998 311.370406976485 4.95592438231505 -314.421115853979 -420.41225982238
17200 265.439092011404 520998.115028877 312.640001418706 4.93579895363253 -319.1932395009 -420.857975827872
17300 317.424048531276 547757.157070037 310.663686273923 4.96719848519885 -314.055178524265 -420.265859805823
17400 288.965228314641 566818.858815284 309.555285406437 4.98498415182942 -310.466245278111 -419.980879660975
17500 327.952560713321 557843.432383893 310.106016960137 4.97613108895106 -312.332337712627 -420.304589773458
17600 254.301455674745 539433.165957951 311.37596597426 4.95583590415479 -316.033093999187 -420.86956059866
17700 281.640117222928 539677.292056471 311.428777702767 4.95499549928847 -316.06038872083 -420.962089263239
17800 248.298649826581 555927.424311192 310.205580819858 4.97453394548128 -312.911306294804 -420.547256236736
17900 262.051338448259 569266.798672158 309.352172148595 4.98825717352613 -310.211182957569 -420.126614061014
18000 348.304874633655 546270.816844369 310.89624487842 4.96348288950734 -314.378910696745 -420.380681190558
18100 265.35699441001 532399.095187509 312.149833067475 4.94354963032306 -316.841410843807 -420.567990710667
18200 364.643899185289 543383.240895895 311.299498280114 4.95705325704567 -314.645576248824 -420.223788302686
18300 340.140581172233 568533.025050494 309.453331066321 4.98662653443986 -309.793902770601 -419.603551347451
18400 341.383518159643 550664.485463028 310.638436579861 4.96760223511299 -313.332886733726 -420.098623744778
18500 257.654561398282 530535.928325499 312.349505254609 4.94038942244603 -317.416414365736 -420.846114359628
18600 278.204175150832 540766.097394314 311.264347444119 4.95761305314017 -315.615725699975 -420.673568219413
18700 273.080048976096 572394.527904992 309.032623296129 4.9934151786539 -309.585322042883 -419.990500572732
18800 286.790796836958 571001.454426482 309.325767958443 4.98868297345805 -309.869708883977 -420.110661360723
18900 306.242183584844 535331.92710384 311.660999778895 4.95130347705 -316.770337825362 -420.904984423128
19000 272.473593629686 523052.22078137 312.489805596187 4.93817130745129 -319.10406235425 -421.120592236335
19100 311.545811551305 548478.155050236 310.784360476666 4.9652697758 -314.102283988575 -420.494078308807
19200 313.934164887342 578498.31399926 308.864237033374 4.99613748321202 -308.239244867046 -419.760940746666
19300 295.628574369488 567173.129953053 309.622648477588 4.9838995934363 -310.379343361533 -419.986272836149
19400 309.320091434587 525366.163419927 312.451529944749 4.93877623879453 -318.445169447021 -420.900461695884
19500 338.190590709365 512695.679042584 313.377209378669 4.92418767441854 -320.809463744776 -421.090014082936
19600 361.238717628904 559995.195091347 309.894889776222 4.97952125954845 -311.480084041101 -419.795022662437
19700 346.398677102983 592937.970635908 307.969013078562 5.0106605740639 -305.043666863828 -419.017702579335
19800 334.44961575924 556680.30534111 310.720831455953 4.96628495950994 -311.919243402401 -419.879987634227
19900 350.960130753345 517844.797198364 313.209990118306 4.9268166423531 -319.383463283124 -420.617106276462
20000 299.925630097314 534624.042140763 311.953925507398 4.94665418733296 -316.226963114045 -420.321654689189
20100 311.900157417074 572969.856692722 309.331289384642 4.98859392768152 -309.07445346512 -419.697412015126
20200 269.347739939501 571490.562126791 309.374274356132 4.98790080422061 -309.575082273555 -419.927766861897
20300 282.074420555173 534938.726659829 311.674331667558 4.95109168473993 -316.816292043252 -420.878903194269
20400 250.754018361676 526882.472808024 312.326915889319 4.94074674119015 -318.44292804719 -421.152946430476
20500 287.785700601192 553940.715074307 310.470690522656 4.97028621049019 -313.14390885105 -420.486861589237
20600 313.775087380301 571229.598882496 309.312290860003 4.98890033621248 -309.699841908276 -419.980036279735
20700 282.902527199703 555544.532366402 310.367197322515 4.97194357257604 -312.571705175696 -420.189560947771
20800 350.743010598065 535421.907234289 311.632798857373 4.95175154067263 -316.274550468774 -420.417276018034
20900 373.855365108759 541182.966445243 311.511222968762 4.95368409895417 -314.979819766588 -420.202039495326
21000 370.527155329218 555098.210444632 310.763089828599 4.96560963117348 -312.172501504465 -419.841060515348
21100 376.378668072019 553289.80414429 310.606442249782 4.96811392799502 -312.593670988326 -419.857369836946
21200 277.016379516427 547054.282538138 310.994745466905 4.96191081797662 -314.154440053662 -420.341871559822
21300 302.548913986958 545564.640194552 310.992664998862 4.96194401199709 -314.832601213378 -420.730173286898
21400 220.565923812183 555656.792476196 310.489266912764 4.96998884119135 -312.941453133628 -420.623390892066
21500 275.731461543303 555504.951476582 310.394932146797 4.97149931280553 -312.940885092828 -420.560689602995
21600 262.406294105392 550934.500840848 310.704262811348 4.96654979208661 -313.730642440349 -420.571366880567
21700 350.078188265713 541445.619338106 310.989822223083 4.96198936941154 -315.392900757828 -420.489983945245
21800 318.497959156355 544550.124736381 311.180668020176 4.95894620216597 -314.624691275263 -420.38923818126
21900 291.085156425271 557125.011243293 310.602619815106 4.96817506814562 -312.061505764467 -420.067389046794
22000 325.974250845235 568222.510212679 309.784603666884 4.98129401397066 -309.876405458756 -419.743567485434
22100 320.743480346795 558317.648485614 310.243241082144 4.97393008944728 -311.814275411622 -419.92613251322
22200 298.684087663879 531469.58145605 312.088027103308 4.94452865170413 -317.152382937424 -420.677364824276
22300 273.627101278548 534746.436619212 311.765732988446 4.94964015793008 -316.736020358735 -420.791731309151
22400 276.382863371228 563804.518244006 309.692044325965 4.98278280032892 -311.323844236783 -420.304205548538
22500 278.186069711897 578143.763164711 308.790970354922 4.99732291424346 -308.629806870194 -420.056714974437
22600 292.232439377455 544864.310538271 310.846883626511 4.96427107089876 -315.046326181466 -420.758382830736
22700 303.640975414414 512377.938739822 313.309080315444 4.92525843908666 -321.306300595705 -421.502914864169
22800 254.695347864414 536544.019175893 311.821928710816 4.94874814688617 -316.507195127262 -420.931514731051
22900 286.640649717916 586383.490528924 308.291498142173 5.005419225523 -306.791984521625 -419.624150503962
23000 289.655157769462 591044.3282768 308.132597061611 5.00800047311312 -305.810647440836 -419.481035098167
23100 303.262819839168 534492.195365284 311.747707354319 4.9499263521841 -316.699462498691 -420.699687507549
23200 349.437201500383 496695.933947903 314.298272426514 4.9097571550506 -324.051041678228 -421.487668642298
23300 359.361867982241 531403.922986609 311.928409005777 4.94705883566232 -317.244412215077 -420.703662950961
23400 375.004945456845 591277.463020633 307.94012908491 5.01113056116382 -305.638280461164 -419.282475272142
23500 314.3436460718 582764.557228955 308.445901513092 5.00291358807574 -307.281697790952 -419.473668665798
23600 302.063080899635 520121.314785627 312.834984631517 4.9327225779551 -319.489688776361 -421.046629299135
23700 289.365146401998 509974.826319692 313.600684118158 4.92067865287151 -321.628219866481 -421.447718165759
23800 284.140885782962 562771.525504958 309.685493512873 4.98288820171028 -311.533994390624 -420.312382796018
23900 298.807517285002 597139.575622172 307.354605931093 5.02067697079536 -304.984288654584 -419.53696056758
24000 263.481963824378 555140.893715884 310.316900202456 4.97274944052147 -313.082561904709 -420.604798882679
24100 315.189426449478 510771.906867479 313.16393289862 4.92754123242435 -321.623991478595 -421.460269921542
24200 305.732392121734 524416.418042433 312.420239765058 4.93927087766965 -318.782385564202 -421.042219647119
24300 347.174199310675 574206.580965897 309.213727323572 4.990490574991 -308.892143992887 -419.711742928578
24400 378.245500233294 582476.97801494 308.410405467449 5.00348939111586 -307.176810472048 -419.300512801375
24500 366.095778024708 538248.074173178 311.679426712919 4.9510107488983 -315.704007790409 -420.412104050484
24600 355.337849178609 507615.796509846 313.941107718137 4.91534289052574 -321.701518159916 -421.16712975235
24700 308.538373194034 543358.345252482 311.235527163378 4.95807212605289 -314.787322304027 -420.339002174052
24800 345.025869793787 586346.945004885 308.025399110406 5.00974334039582 -306.586546586587 -419.314296464517
24900 316.17226763143 568786.252295983 309.515998923944 4.98561688969527 -310.071068127134 -419.951874051823
25000 308.098258321947 518630.43974445 312.872038370705 4.93213839083234 -319.936927738863 -421.214760015108
25100 246.975283843126 516280.434276027 312.949237077737 4.93092172479975 -320.473129143232 -421.316930075804
25200 276.725921307441 559298.246967299 309.886690273636 4.97965301608633 -312.234934087178 -420.412205835042
25300 238.868115602404 586047.989739399 307.98427065091 5.01041234542528 -307.337753491638 -419.992983852538
25400 232.291712098398 558221.880514173 309.960341894317 4.97846976950445 -312.836906117363 -420.831652599452
25500 195.137170596121 522935.488528144 312.617862509159 4.93614849606014 -319.663255282236 -421.69881419466
25600 188.410975698043 530584.404037363 311.86144580086 4.94812107313672 -318.015260816738 -421.292783213602
25700 267.395014998671 568051.70595134 309.282205426384 4.98938563160698 -310.522853675756 -420.178864990896
25800 282.259416314873 573671.114803658 309.088424244782 4.99251369777615 -309.247621655037 -419.919012047675
25900 271.269230297571 544738.520064582 311.075941430218 4.96061567722453 -314.739672832597 -420.505203635473
26000 309.945226510617 524129.310686978 312.610375322096 4.93626671947842 -318.660926385546 -420.926975432682
26100 316.328561612372 540946.644375777 311.41218103475 4.95525957507078 -315.312113412179 -420.454945271521
26200 343.153092128005 570005.392106619 309.569529563777 4.98475477880716 -309.636986231363 -419.772355888366
26300 349.899429049498 570192.507144249 309.4933751015 4.98598133598189 -309.602221610592 -419.746642960962
26400 308.172381904495 537635.793351881 311.519209198653 4.95355710434563 -316.006029954744 -420.541252623325
26500 281.756036232191 519611.915430045 312.859607709727 4.93233435649464 -319.693664141831 -421.159126918712
26600 275.523426573589 548509.652769 310.811796267874 4.96483148450444 -314.274422144099 -420.681718997723
26700 258.933209374981 582378.02998066 308.419169485451 5.00334721230392 -307.863215387481 -419.971056398261
26800 276.310967343675 563536.687037382 309.379341941322 4.98781910318626 -311.510913942716 -420.329517508189
26900 276.857963714064 521207.060191884 312.566564814237 4.93695860522773 -319.674737838734 -421.356356787149
27000 282.226741944009 521054.31949323 312.806024187905 4.93317926300278 -319.515721021328 -421.245418134356
27100 299.074300069137 563770.650233661 309.832395145386 4.98052565207721 -310.97066534251 -419.993866515769
27200 308.582172302815 585692.908454874 308.162632775927 5.00751235789243 -306.698844680997 -419.351020435443
27300 290.496505866789 548080.566023125 310.788092991973 4.96521014370385 -313.999810722144 -420.31575900892
27400 263.388097198481 509782.203591232 313.971106136525 4.91487325332133 -321.455762082099 -421.35541879923
27500 244.87436005608 532713.479609803 312.366353950289 4.94012294330425 -316.991049837946 -420.850872601472
27600 295.018033212646 581401.558167996 308.690912962286 4.99894271929751 -307.588461671867 -419.606942649821
27700 262.294705077551 581161.834125626 308.727108134085 4.99835664316175 -307.663611685474 -419.649034270006
27800 264.461801769448 532937.679730375 312.086570716876 4.94455172589288 -317.070200829295 -420.880669197081
27900 245.755976192478 522997.551294783 312.661887429324 4.93545345278113 -319.104272540337 -421.166312214956
28000 231.09079390559 554660.879564578 310.59437662994 4.96830692367845 -313.062937429685 -420.588263215811
28100 243.130666316015 578950.737694158 308.996199779795 4.99400378699099 -308.449005389069 -420.105603652247
28200 251.92322627649 562228.421720441 309.881367615082 4.97973854879494 -311.681332530422 -420.423479375541
28300 303.27954760582 529251.981768313 312.043403840114 4.94523573604138 -317.971059861567 -421.049334870663
28400 313.85545568649 523958.861218651 312.672222316001 4.9352903191591 -318.772118312188 -421.025135716573
28500 347.039356360134 552790.022598821 310.913319838315 4.96321030140682 -312.953848844453 -420.226537652269
28600 298.805665129617 579986.515091989 309.033903849228 4.99339448728895 -307.587864242016 -419.457871659293
28700 300.644480069827 559484.66090247 310.090446031101 4.97638096115786 -311.565355258601 -419.849834557109
28800 321.359299155749 522763.520563429 312.856892940023 4.93237715610105 -318.772080469816 -420.852076516357
28900 248.917920006181 532294.437860483 312.372323064851 4.94002854262398 -317.044974327092 -420.825082267121
29000 305.026001562461 570875.741800282 309.575604403986 4.98465696235027 -309.742496470462 -420.048198000472
29100 243.285926061577 580383.901421015 308.869903577903 4.99604582379428 -308.134457363792 -420.021705535311
29200 283.362394721585 545587.0959116 310.964455828337 4.96239413522548 -315.061814756917 -420.954139595731
29300 208.412991738394 521927.935456396 312.484109617167 4.93826132073292 -319.750791582161 -421.546184408993
29400 232.334200512232 534685.422945683 311.594984347575 4.95235247479082 -317.239488118366 -421.226343495185
29500 271.171072974433 566297.755616157 309.699291651879 4.98266619737926 -310.841017190527 -420.305869395245
29600 292.270374850935 575878.458521552 309.226336842691 4.99028707458103 -308.650881912715 -419.79767890745
29700 346.128608245661 553372.713202754 310.691983414146 4.96674608372229 -312.818978332876 -420.128295272821
29800 311.841073396688 526912.948024548 312.427806361482 4.9391512549325 -317.868044783974 -420.617184154556
29900 342.764034191859 531848.414023719 312.162522954224 4.94334866742607 -316.884935681068 -420.508439552737
30000 340.185338118082 561904.786967834 310.214366060651 4.97439306716189 -311.120779507701 -419.917118285402
30100 322.707236893501 575116.094603848 309.089801199925 4.99249145677245 -308.72883371382 -419.679480754256
30200 244.092356974466 553260.625688169 310.522254627704 4.96946086429854 -313.155780334678 -420.384750978939
30300 268.760731217809 522732.425059376 312.667414721146 4.93536620450956 -319.242986896012 -421.255091014523
30400 270.040119089122 529771.765440186 312.211707337696 4.94256991521793 -317.925809097394 -421.16096913587
30500 221.245319025324 568476.966797671 309.78888705317 4.98122513865795 -310.416241173985 -420.334122792903
30600 276.092204541195 581086.56966988 308.675344004862 4.99919485581529 -307.91720968449 -419.869355274851
30700 205.12876451838 555150.557443745 310.638294961446 4.96760449981752 -312.671026734902 -420.306497989924
30800 277.72233041792 520235.847608322 313.139815499732 4.92792074174114 -319.135051058447 -420.813335152875
30900 319.486935065811 537172.65063414 312.053199812805 4.94508049522266 -315.714493069264 -420.33869925523
31000 348.206179208839 577147.70916003 309.114968505679 4.99208498160377 -308.016940222567 -419.368589644542
31100 289.878662292457 582080.946533343 308.694772285303 4.99888022217599 -307.228708229832 -419.379488897082
31200 353.053580522445 540528.307439297 311.260598007688 4.95767277240792 -315.439682839674 -420.450063539702
31300 271.913379273048 517131.105108491 313.083547525478 4.92880639708653 -320.147026217568 -421.200337711737
31400 253.986648068328 545020.892325154 311.279728777291 4.95736808152443 -314.834671305732 -420.724350464633
31500 282.776646808735 581987.083350308 308.654832677739 4.99952707196804 -307.716544374637 -419.834732247256
31600 296.795771554488 575846.992029512 308.786173070543 4.99740055236732 -308.870754366931 -419.853276544092
31700 269.880919834433 531906.558999067 311.66312769146 4.95126967150822 -317.34520244117 -420.814240850641
31800 263.889495390549 515739.587740524 313.035613679778 4.92956112477564 -320.446199776586 -421.212163044248
31900 306.4153016141 549454.328648189 310.801054707176 4.9650030734934 -313.798652151274 -420.385526229929
32000 296.612824451053 585857.143297279 308.459168964805 5.00269840266019 -306.675405368986 -419.467602454371
32100 295.971596185789 569144.731409542 309.501015013012 4.98585825898259 -309.778330897531 -419.72306673691
32200 352.303759151911 524768.609699686 312.843763601273 4.93258415671305 -317.95143724354 -420.418666589531
32300 386.280496081273 525266.934065305 312.894498697772 4.93178434995959 -317.584101791542 -420.165268109285
32400 314.467613834689 568067.646895426 310.177628949015 4.9749822290368 -309.33737148655 -419.313941356767
32500 440.771536142363 574312.980321788 309.459905437262 4.98652059524708 -308.428697684847 -419.357075789115
32600 232.43418942503 550817.033460752 310.865657271631 4.96397127109398 -313.299284540201 -420.172715240992
32700 317.416492631004 527212.260153746 312.39310816521 4.93969985743102 -318.067108474318 -420.863196553399
32800 277.563159611269 541912.956307729 311.421151427582 4.95511684030544 -315.347301255952 -420.680987542624
32900 289.607091890906 567145.393797966 309.520624601075 4.98554238140019 -310.544679169198 -420.110133741755
33000 275.765615598944 565326.110029911 309.665143037541 4.98321566557152 -310.928726660491 -420.193711339314
33100 298.780302170689 533929.611764897 311.695670693633 4.9507527275952 -317.030061604305 -420.903479072512
33200 302.088820467543 524588.662934371 312.503740125593 4.9379511145881 -318.794287530454 -421.115048816414
33300 300.077580435453 553939.379314081 310.551533759087 4.96899233820309 -312.940960442576 -420.311605222065
33400 326.349814447154 584780.283350136 308.413140155451 5.00344502535894 -306.748111323012 -419.316185744906
33500 309.182060423067 556955.120021785 310.440197405867 4.97077441890892 -311.910271395523 -419.82675712963
33600 378.715292245719 513141.158874467 313.460957297609 4.92287207047935 -320.401754223469 -420.796260627474
33700 370.411423786006 525552.290961292 312.632322172594 4.93592019258395 -318.056455269332 -420.607349722193
33800 318.612855015727 578262.104170666 309.059074332308 4.99298781373723 -307.972988106622 -419.519469181858
33900 271.356058257333 588406.358592473 308.113485436296 5.00831110874947 -306.203303201696 -419.359334387278
34000 298.185508932591 539357.274115084 311.466981658289 4.95438772883827 -315.739597913512 -420.591954819301
34100 284.312369427638 502957.841582706 314.228481380446 4.91084762618258 -322.863029454409 -421.506143218043
34200 278.02843337107 538025.781246648 311.675273769026 4.95107671906528 -316.037789419946 -420.701247325391
34300 325.783385455339 594545.941996071 307.857083626989 5.01248233006661 -305.110695646196 -419.352278758401
34400 323.66038352568 585123.245673192 308.320885234131 5.00494214232133 -306.931447638701 -419.531849078259
34500 249.793652423108 519302.106141902 313.105749906632 4.92845689459961 -319.661828211148 -421.1465743497
34600 303.783322441739 499748.23026542 314.486322771738 4.90682131504385 -323.447432055312 -421.541483021517
34700 364.140871513462 554948.203273286 310.408710981701 4.97127863127878 -312.63580461668 -420.15252105814
34800 342.189935138698 599826.240887802 307.492466818617 5.01842600513651 -303.91659240732 -419.036275209513
34900 309.021910639881 565838.215416004 309.764178812626 4.98162246448627 -310.44497983799 -419.843919429939
35000 300.888402161685 508446.354271738 313.817909042876 4.91727255647252 -321.615438456745 -421.204698290496
35100 286.85196776552 518957.563185998 313.308601997642 4.92526595831459 -319.60239176484 -421.08551089554
35200 316.993427977504 578561.751462208 309.02510273709 4.99353670041158 -308.110042271233 -419.702057686114
35300 308.941397905634 596050.59300128 307.763423978414 5.01400774633425 -304.882367904227 -419.378224862832
35400 227.072163695768 543332.810897485 311.197692172021 4.95867492170579 -315.213085653938 -420.74697460602
35500 236.952118926653 510573.518957386 313.540426786534 4.92162432666688 -321.714026426354 -421.63150682867
35600 221.66767650956 539443.679856528 311.5798412231 4.9525931645918 -316.141943935117 -421.049097496851
35700 215.45866711549 580576.185171412 308.600150187889 5.00041296456466 -308.15097710052 -419.977544235545
35800 271.809759922798 575906.431119413 309.124919523489 4.99192428175906 -308.862195232549 -419.977936334012
35900 321.18727161577 538386.324089563 311.7248876404 4.95028870985189 -315.831149911761 -420.581417053956
36000 327.091436784733 519440.95305776 313.213997309932 4.92675360973463 -319.3480446408 -420.895019817194
36100 271.888959747914 548365.826674292 311.141605502126 4.95956877697469 -313.680171943492 -420.172448989085
36200 387.118129130571 581855.934064 308.723677628405 4.99841218438551 -307.23965482079 -419.357579290503
36300 355.543993901087 567367.428355634 309.711468906636 4.98247028860047 -310.162137120649 -419.838068359064
36400 294.682467806937 525745.293202729 312.460558269828 4.93863353637594 -318.439868847935 -420.972060414757
36500 318.269387657516 519293.473519282 312.688734054393 4.93502970784259 -319.863538045227 -421.211435007548
36600 274.089374444614 557055.483555056 309.979715143793 4.97815862289665 -312.611048237337 -420.386877000076
36700 292.763582074329 578406.731555726 308.466990003529 5.00257156154203 -308.519807663141 -419.880437082417
36800 244.286301641335 557197.578787024 310.325395937259 4.97261330225809 -312.57131633113 -420.494856123634
36900 304.705736179931 525848.752428252 312.709181281854 4.93470701928401 -318.344379818719 -420.978348579292
37000 281.563507989243 531237.13285758 312.484036806197 4.93826247138241 -316.921823620389 -420.532832630124
37100 371.181116659727 572784.663733892 309.649271968887 4.98347108021352 -308.741582127681 -419.442465657145
37200 300.347495181623 586238.746029182 308.554228785694 5.00115716429833 -306.207726429481 -419.10817414253
37300 212.3442733728 545519.701182084 311.32942882771 4.95657669651297 -314.271795488404 -420.27530819957
37400 334.449439405399 507332.376203337 313.912467065016 4.91579135513123 -321.956584248042 -421.357591462882
37500 246.960135355691 538461.851262397 311.871659683616 4.94795902080867 -316.06953436811 -420.883823698603
37600 252.993407035383 595881.588085697 307.407427129282 5.01981427799775 -305.06268155453 -419.393671846257
37700 239.597377642854 586977.58540673 308.214961575192 5.00666218141932 -306.77511915589 -419.693560995247
37800 316.737056980481 515587.402124678 313.101041933758 4.92853100179908 -320.587654479362 -421.344938594536
37900 239.445535087998 490897.842889514 315.064393378809 4.89781842790081 -325.337572215333 -421.871525297874
38000 292.161777888387 557250.195868169 310.567536743216 4.96873629500437 -312.16360298634 -420.181552744342
38100 381.169363275252 623780.01828051 306.105649860628 5.04116207122841 -299.048342200677 -418.225341654751
38200 352.781054078725 575876.942775347 309.187140653745 4.99091970191042 -308.073913117044 -419.206329118109
38300 321.807582579441 488599.731901283 315.615788414727 4.88926171791639 -325.116545623723 -421.366733791661
38400 338.278328474899 499001.659427581 314.685104792708 4.90372174711804 -323.227918173128 -421.237338164436
38500 322.962211634853 580061.545158691 308.765387020052 4.99773697680014 -307.631766706077 -419.41903077241
38600 366.188423425355 598543.893381531 307.292180666566 5.02169690266386 -304.147805096653 -418.946554311778
38700 314.759364103729 546183.431100461 311.091206138656 4.96037226837693 -314.351458889379 -420.402734984111
38800 281.396536183699 512337.616526656 313.466564611995 4.92278400975933 -321.03900884794 -421.278097721175
38900 270.113442794849 536653.333611915 311.598756305302 4.95229252569345 -316.367428420516 -420.738271034028
39000 341.241697494468 576713.946076065 308.850133830145 4.99636562474271 -308.659530986632 -419.832163606885
39100 291.719213241872 570800.484133092 309.285450346556 4.98933328463087 -309.830722039912 -420.018510210026
39200 256.304654896366 538098.23015591 311.578797527702 4.95260975429153 -316.126234458234 -420.771384043041
39300 314.800851977333 526623.601568225 312.421730684569 4.93924730678902 -318.204069456527 -420.894788625911
39400 327.897244807096 555306.211779979 310.57587008432 4.96860297436233 -312.276300603145 -419.920314784351
39500 334.146027702472 572597.590096746 309.232642021105 4.99018532384044 -308.737588288412 -419.253418223837
39600 371.45748843889 555248.948872139 310.677831136478 4.96697233343386 -312.092976187875 -419.761225707454
39700 363.757069745056 524162.147123405 312.726720738045 4.93443025343114 -318.33548918012 -420.646008280179
39800 300.946758587276 535773.17457966 311.844619739452 4.94838805670406 -316.315260172691 -420.597142907454
39900 333.832732550255 565750.266546085 309.748194302784 4.98187954037817 -310.662081917776 -420.038373162198
40000 292.1189673691 571459.873954308 309.26014023576 4.98974161587633 -309.649933691358 -419.95598346691
