# step temp[K] press[bars] vol[A^3] density[gcc] enthalpy[eV] etotal[eV]
0 1911.7783283485 12818.2984761578 584.874554364026 2.63839173777028 -268.572215024876 -273.251535067922
100 2230.04826183718 31837.9703467028 600.030851994057 2.57174808051604 -261.727144504043 -273.650777432684
200 1763.95325847048 -16539.5508185067 641.880752462068 2.40407300880596 -280.26165937396 -273.635411064384
300 1680.77768261973 -73236.3078744014 664.763609344219 2.32131869159986 -302.597645316856 -272.210960480553
400 1718.70059589511 -6736.54702386271 637.800531353673 2.41945265958147 -273.116806788925 -270.435096458441
500 2341.53155846479 44233.7572588821 598.768927526585 2.57716812099874 -252.685013248345 -269.216150357379
600 2355.25106325684 44176.3734574118 587.439268166812 2.62687272623376 -253.002313553784 -269.199615470325
700 2273.57237366261 7678.73071195669 610.979146428673 2.52566425693265 -267.577025111075 -270.505257010648
800 1786.19058122472 -6908.03577442665 646.952221605707 2.38522744080876 -274.223012859487 -271.433576682389
900 1979.4607637224 -15766.9181481536 670.893668236096 2.3001084447902 -278.619814390309 -272.017592005201
1000 1847.49602057212 -20856.4532171097 672.84967928477 2.2934219029523 -281.259132664053 -272.500261304905
1100 1912.65515503899 503.654767120639 650.838799024116 2.37098371237229 -272.555466854329 -272.760062330393
1200 1883.63306791854 785.214330828119 627.091962137001 2.4607685714986 -271.550034352638 -271.85736728095
1300 2206.92019295416 28769.2362494265 623.116780156936 2.47646707809325 -258.671896889831 -269.860797650338
1400 2552.63801894373 623.398286592975 641.559400065243 2.40527719133909 -268.099447829272 -268.349075152322
1500 2173.55403422542 -38298.9102546051 664.924138335287 2.3207582683485 -283.639521308392 -267.744974171904
1600 2006.51475112655 -29046.7007294171 660.19638410267 2.33737752739061 -280.733036074131 -268.763988474398
1700 2407.74631313478 -13595.2321757615 632.364084704829 2.44025274235239 -274.835939027911 -269.470027999273
1800 1859.26149838549 42348.6201283776 619.633469288641 2.49038870291768 -253.618463258446 -269.996572917234
1900 2010.25491049959 33608.8563659008 636.45414871283 2.42457087440934 -257.36523460311 -270.716133251025
2000 2496.69561816383 13405.9573928862 652.650360769516 2.36440257237684 -265.537317701448 -270.998265935883
2100 1972.62447692296 -8363.05668940433 654.960678704152 2.35606234395509 -274.542448119557 -271.123677912072
2200 1838.72962156999 -11382.9726794004 652.184144031102 2.36609277608032 -275.767519455293 -271.133951122812
2300 2087.16335444475 -4353.63028352401 636.791632245449 2.42328591288921 -273.10452929799 -271.374161055516
2400 2224.08162005535 21637.0532195121 623.627457255866 2.47443914457569 -262.792307071859 -271.214263380539
2500 1652.47851036234 -8701.74903564525 625.183217059886 2.46828153692792 -275.011587055771 -271.61608883435
2600 2146.20505411082 -7168.95278496233 623.178452320293 2.47622199727953 -274.634260096798 -271.845842652596
2700 1855.34417796174 -6411.26774476751 617.093167334977 2.5006405410878 -275.094205289845 -272.624845940702
2800 1971.22395406425 -18860.1206972925 604.548619302036 2.55252951143564 -280.851718173274 -273.735236357807
2900 1283.90508193822 24881.9440060131 589.525952636817 2.61757465462556 -265.681356259216 -274.836746906627
3000 1719.01286044634 37071.2265078677 596.915368255271 2.58517081973705 -261.233757602751 -275.045210225242
3100 1898.09969845808 -16517.7510178423 613.676687160505 2.51456218584122 -280.119726704452 -273.79298384936
3200 1848.27715443488 -35491.6947694946 627.299602911084 2.45995403903491 -286.01758566842 -272.121534867809
3300 2057.21465000006 -15841.4395755489 626.139108847835 2.46451334864811 -276.966256631018 -270.775337678767
3400 1696.0746178098 -12822.5721803879 614.82521465447 2.50986484465077 -275.353928356312 -270.433346452115
3500 2505.43956744974 21843.1550347524 598.162986685505 2.57977879978295 -261.867081982249 -270.022092902844
3600 2306.77856775903 -11980.8727065617 595.101009555544 2.5930525525719 -274.767935843671 -270.317845954679
3700 1736.8579318094 -14170.5204687882 600.913704348895 2.56796971128848 -275.597332990161 -270.282525322309
3800 2165.57089550511 -31913.9365038146 609.414884439867 2.53214719769186 -282.137403556577 -269.998398942233
3900 2235.90735114112 -6358.03577053302 604.829574863484 2.55134380988962 -273.643930391934 -271.243740355406
4000 1849.69942662129 10913.9898185749 609.125320477039 2.53335092137955 -269.288713623195 -273.438061429709
4100 1862.94547556476 -24466.4915313977 605.428043247537 2.54882179488866 -283.869522549012 -274.624161571
4200 1832.0729059522 39122.0343356251 583.602547423988 2.64414231685153 -260.775690389999 -275.026129651016
4300 1666.75229188682 1624.12067302715 574.946590132136 2.68395050662266 -274.103409232229 -274.686230564909
4400 1857.78168056738 3059.75001916841 581.929437025782 2.65174451348085 -273.168246744316 -274.279584107018
4500 2277.41909465466 1587.09302365557 596.065044298841 2.58885872712318 -272.661515835772 -273.251969305444
4600 1880.52175190172 5524.08709829967 602.468238997834 2.56134363934771 -269.744846803986 -271.822075515169
4700 1575.76578950527 8866.82164289878 614.917187251684 2.50948944647813 -267.354153553296 -270.757249919092
4800 2441.50751753945 -28959.942829032 632.557128595124 2.43950802561237 -281.593829936968 -270.160121927762
4900 1948.60062373556 -16532.5922813407 629.71852478027 2.45050467969728 -276.701806249393 -270.20384574242
5000 2215.19642821855 10422.7259609684 610.200753536211 2.52888608039804 -266.602723362945 -270.572295526365
5100 2241.15281012047 4195.57888468809 597.109113359388 2.58433200455499 -269.646549126226 -271.210183587139
5200 2045.47195864707 51988.2595572803 588.491916550313 2.62217398144022 -252.88163801971 -271.977330975498
5300 1901.6650384941 25619.5805889766 598.183858150756 2.5796887877192 -263.420915098314 -272.986165594073
5400 1626.26412752765 -8398.39316463647 625.00165484179 2.46899856970257 -277.385875357375 -274.109700962164
5500 1631.32120724831 -15751.9243005973 658.478961756542 2.34347379565432 -281.067191779337 -274.593304065265
5600 1563.67545549919 -26039.5091390556 667.682898799101 2.31116926109924 -285.261722837736 -274.410150027081
5700 1626.95990071842 -2124.25310991744 636.860857007785 2.42302250936935 -274.475955387053 -273.631570479346
5800 2273.0249729546 54161.2395713782 609.235841979443 2.53289134607118 -250.457043697394 -271.052133185299
5900 1890.03398805533 40218.4254073548 625.25372594778 2.4680031926671 -254.617763719839 -270.313113350608
6000 2093.80530917251 -4856.51958194522 658.539402807161 2.34325871054673 -271.801259221093 -269.805093689259
6100 2457.01496309846 -39856.0077875683 675.129921907027 2.28567589999163 -286.377075704366 -269.582432027376
6200 2555.31390365682 -6452.17372674324 664.451742277825 2.3224082257292 -272.877026002664 -270.201192176482
6300 2115.00698314613 19622.5089344462 646.764256580838 2.3859206444462 -262.9486272024 -270.869812791651
6400 2066.61106031258 -9626.42472717921 644.613180933999 2.39388246704828 -275.517572178578 -271.644515580626
6500 1900.37065632894 10240.9077052315 644.545220468519 2.39413487659473 -268.522870124524 -272.642720911667
6600 1916.66350867671 548.486461704914 660.3296715556 2.33690572805979 -273.452558012559 -273.678614183717
6700 1526.85171376148 -55794.067819122 669.723590385951 2.30412697718598 -297.555357771681 -274.232956387027
6800 1759.71761392915 25425.6417223328 647.506409134043 2.38318597329385 -264.08023812509 -274.355801380172
6900 1866.60886644108 -19145.7242400301 634.181993044306 2.43325765914377 -281.287396846808 -273.709034814398
7000 1827.9179821447 27446.6870417321 620.680422964644 2.48618795562369 -261.319920431229 -271.952719827576
7100 1951.2088072827 25162.601972777 631.417898144095 2.4439094875229 -260.940636890091 -270.857220518354
7200 2051.15440227849 -5764.31782612284 662.004047527825 2.33099510135738 -272.435118654173 -270.053357511047
7300 2319.1852081607 -11510.8482834893 690.15679754259 2.23590957498451 -274.331289519789 -269.372853175022
7400 2332.78330363369 -27939.1275705306 708.779537925141 2.17716244515668 -281.918226511578 -269.558363581699
7500 1750.89812105694 5663.47226035012 705.495900912028 2.18729575872978 -267.959629448199 -270.453459849909
7600 1749.25513661147 26195.7778753177 699.710263760077 2.2053816726565 -259.834152585072 -271.274499292529
7700 2160.03729157188 -12272.2539719876 710.894082313618 2.17068650627106 -277.460501568341 -272.015238374595
7800 1683.24606235177 -5379.85394871882 705.150537704061 2.18836703562686 -275.628395276613 -273.260611886514
7900 1771.31278148258 18230.6722713209 684.401078671893 2.25471326675963 -266.530889149806 -274.318477950045
8000 1350.90282768043 4144.47150618477 665.598844690465 2.31840575472115 -273.798391810262 -275.520146839355
8100 1808.08020998626 -2258.10327215557 649.790920253537 2.37480725533071 -277.096088324678 -276.180274740319
8200 1678.95909289513 40461.9184004287 639.396343246992 2.41341416503851 -260.431611233891 -276.579147205111
8300 1763.62207291247 11695.4189290786 647.865747412979 2.38186414087803 -271.943098578975 -276.67232867678
8400 1528.51531056961 -33014.2686241883 675.134232718255 2.28566130568303 -289.528524860336 -275.616784851451
8500 1830.44660821636 -4420.97639397788 689.821490888786 2.23699640015261 -275.564798362421 -273.661334838098
8600 1760.17532313175 -21730.5234556948 694.107691827031 2.22318267040709 -281.969256192815 -272.554985369329
8700 1867.87404416808 24043.2484075527 680.709806338254 2.26693985821517 -260.997556947723 -271.212708004581
8800 2367.21362282443 4041.15817814143 683.594569277438 2.25737339238551 -268.561729422993 -270.285955052421
8900 1994.63156383424 -16285.4266928538 689.239502925825 2.23888530085048 -277.402669666178 -270.396850145845
9000 2040.92298434448 -5220.35193931245 683.506905425091 2.25766291403656 -273.083514846909 -270.856452722811
9100 1851.53831725631 -32971.77488889 671.670597491938 2.29744788238202 -285.351720776906 -271.529166432868
9200 1860.85465504552 10430.0899352219 646.272671641204 2.38773548624199 -268.610782207822 -272.817985401661
9300 1815.88151647865 35467.0863556778 633.834630675272 2.43459116492595 -259.713822078738 -273.744902662793
9400 1834.71497007334 6879.89098388393 641.482059338273 2.40556718524279 -271.83888787406 -274.593469929386
9500 1601.77545257139 4372.67169306057 645.585501558168 2.39027702471891 -273.62495211151 -275.386888732171
9600 1513.52989474364 -8358.97889987595 646.478169022684 2.38697649171812 -279.022667519722 -275.649819787845
9700 1504.38183075949 6167.11527723537 636.716412821864 2.42357219131062 -272.39235868727 -274.84321445552
9800 2263.28280036449 -14066.0855190778 636.570197908481 2.42412886581281 -277.937523185259 -272.348843759068
9900 2462.87915257313 34317.1414366577 641.68344850647 2.40481220991094 -257.267281358823 -271.01154839804
10000 1905.73193888087 -30429.2957963908 657.181992336618 2.34809871521207 -283.146845494729 -270.665333478498
10100 2157.59878253531 -26902.282354109 658.16431305036 2.3445941405031 -281.671323958777 -270.620030805321
10200 1765.73464189191 14633.3831279877 641.551507342429 2.40530678239444 -265.671343841109 -271.530916118745
10300 2243.84535302406 -9443.7455634955 616.59178713977 2.50267393119902 -276.160675183977 -272.526284120141
10400 1834.54545393795 66302.5498201842 598.223982433915 2.57951576195223 -247.946904038212 -272.70308751672
10500 1620.77568002213 -784.651486894849 623.448501602411 2.47514941153907 -274.390375930178 -274.085047650937
10600 1449.62409583793 -2234.09942633303 660.469843101792 2.33640976644605 -275.938233473507 -275.017264218507
10700 1600.37786034848 -52657.6733951645 683.571932506933 2.25744814624973 -297.146290609218 -274.679784850301
10800 1868.17153203096 -4444.3626527674 669.09772260833 2.30628223609935 -276.054050452508 -274.198004673899
10900 1921.32484793049 11944.9927874753 648.962529978149 2.37783865875596 -267.576549533273 -272.414875859948
11000 2447.95785213378 8630.96549122219 639.760373841867 2.4120409061902 -266.924330557335 -270.370735937316
11100 1965.27254457712 29805.3032577224 647.286536198984 2.3839955036416 -258.102201563799 -270.143678583373
11200 2370.43027748275 -21538.9537131009 667.98115767423 2.31013730572726 -279.524109153849 -270.544065297028
11300 1989.6634166252 16738.1351396041 672.277811741414 2.29537278326787 -264.62007772 -271.643446783449
11400 1809.3360829221 3438.53654512269 675.827803221883 2.28331563825806 -270.896517779774 -272.346956354792
11500 2192.57750369496 -7557.38043088709 664.142072003295 2.32349109763741 -276.3231851355 -273.190462680585
11600 1844.71237930132 27179.8388447667 646.105142844408 2.3883546028943 -262.949972891167 -273.910708902016
11700 1712.43721562141 1447.15498158771 650.178584391246 2.37339129419486 -273.956508679074 -274.543778045042
11800 1688.96820288789 13601.9590567368 665.558063609361 2.31854781158783 -269.223250666637 -274.873622851659
11900 1688.37296753727 -5897.55678070037 690.279684033426 2.23551152896366 -277.58637607004 -275.045480212966
12000 1574.21554593338 -32880.7409554415 710.973018865649 2.17044550344283 -288.667379764385 -274.076403264836
12100 1916.6669465997 -4967.69393806531 698.935523126739 2.20782624549232 -274.217471942407 -272.050358792679
12200 2103.63514724222 -4154.84785466719 672.534108965244 2.29449803555743 -272.623500105659 -270.879449497112
12300 2490.16854722501 7723.69759341487 653.50731667992 2.36130208871391 -267.093400422172 -270.243797952731
12400 2437.56225680725 -1149.86887573456 652.549665923585 2.36476742300076 -270.522780173497 -270.054450653799
12500 2439.65905387524 30328.6876534768 655.739215842374 2.35326507029748 -258.23276532107 -270.645698515021
12600 1746.57767844692 -13926.3610778085 670.493066244822 2.30148269915541 -278.375563623712 -272.547536224301
12700 1714.31734443996 -26793.0239126561 684.045523262375 2.25588522896338 -285.356059758982 -273.916840632928
12800 1611.20266913815 -9991.74038391901 679.768632860729 2.27007854918524 -278.733977131542 -274.494699061569
12900 2055.41017096672 10115.2732104375 662.244722632493 2.33014796362894 -269.834586320949 -274.015640219566
13000 2029.23735710309 8229.35460231572 641.780087834547 2.40445009297942 -270.477267665972 -273.773680963443
13100 2178.29759114887 51325.2600743248 632.375297260773 2.44020947458006 -253.011385498306 -273.269344965623
13200 2198.02332051107 -22965.419691766 654.017816628908 2.35945895147027 -282.267136524825 -272.892517907728
13300 2001.22263875659 -39449.5256423553 677.644207294872 2.27719528220602 -288.081327385129 -271.396060479721
13400 2400.96091305638 -15815.8576817701 682.480638664571 2.26105782998563 -276.909432008816 -270.172336157215
13500 1803.11182809118 3920.32504871999 667.614819483224 2.31140494014288 -266.97954726839 -268.613117040333
13600 2005.83304249388 17052.2157751658 652.038680752598 2.36662062760603 -259.600084058295 -266.539834003416
13700 2489.33863313544 9979.29884945395 647.931441781668 2.38162264146784 -262.319604651885 -266.35530327279
13800 2505.56637690432 -9129.47262263908 652.657450814909 2.36437688704751 -270.680260942899 -266.961308424761
13900 2236.82050804929 1347.22020388203 650.54549768386 2.37205268095794 -266.972296875892 -267.519320276887
14000 2286.27800088866 -15543.9241863586 646.856636788091 2.38557990148851 -274.794156772482 -268.518512034417
14100 1993.74934201139 3475.40494404749 637.720415180414 2.41975661298151 -268.771711426091 -270.155040094211
14200 2096.49751030831 17768.8102983386 637.398964033975 2.42097693742701 -264.081180387871 -271.150202606258
14300 2077.36530322516 2202.51491056437 652.409328594751 2.36527609927026 -271.22614546894 -272.123013744078
14400 1750.2045396687 -3600.18611450928 669.048885021031 2.3064505844257 -274.872197463289 -273.368804731102
14500 1966.84472370551 23671.5918006621 671.069289713085 2.29950649734826 -264.141533895067 -274.056345587817
14600 1934.77865376782 831.953557836351 664.489196487015 2.32227732222622 -273.940155428328 -274.285201152792
14700 1507.95193841201 4944.93289902845 654.039366942799 2.35938120831965 -272.336889476441 -274.355506515734
14800 1925.46867058764 16715.6270915978 646.480203715842 2.38696897909096 -266.589525437047 -273.334301688236
14900 2169.70734761454 -15384.9568157358 657.335400170985 2.34755071986801 -277.708571507171 -271.396484951736
15000 2342.74667358637 -24533.4857266679 669.478835013332 2.3049693450509 -279.579168986172 -269.32770827438
15100 2457.00001932153 -25770.1190357298 675.351999820154 2.28492429470418 -279.524213785945 -268.661552009054
15200 2377.28006302095 -14645.9969674146 674.773196662033 2.28688424421667 -275.068053644997 -268.899740608321
15300 1832.08502683395 -10642.9169686127 675.010979250586 2.2860786554603 -274.503845900871 -270.019891851447
15400 2630.64189883184 -10892.3473431318 668.412041695441 2.30864810267622 -276.149429191089 -271.60525061496
15500 1952.77224834288 4908.53976146804 654.153808836155 2.35896844292872 -270.72778457059 -272.73189584097
15600 2179.41009442388 23267.9686784346 645.809808888261 2.38944681642814 -264.015113423573 -273.394031667248
15700 2012.80510242354 20109.5476059855 645.433315385384 2.39084062610671 -265.440048373959 -273.541135852293
15800 1854.07847663516 21143.9890483946 656.325033955724 2.35116460904373 -264.819682206349 -273.481230625107
15900 1630.93207243249 -26690.7931094996 674.715787232327 2.28707882795511 -284.204599137922 -272.96445207252
16000 1954.11469697336 -16917.1530654259 673.702346515204 2.29051924762933 -279.185022252941 -272.07149529974
16100 2202.11410863938 8107.69414155537 663.307283541138 2.32641526809107 -267.425132255664 -270.781749068367
16200 2404.01651064435 13214.9302275005 656.431942783626 2.35078169005978 -264.889638164267 -270.303961943818
16300 1700.59225866859 24767.2854132779 665.399882451966 2.31909898477855 -260.176400809312 -270.462501499622
16400 1950.08445726937 -36219.1839425631 695.124132486521 2.21993183626961 -286.471093232828 -270.756951365534
16500 1846.03227439803 6077.20192264235 696.946087036846 2.21412849654831 -268.047900401587 -270.691480618947
16600 1872.61159683658 -32098.5755116349 685.426730277898 2.25133938275281 -283.910748406604 -270.178664794394
16700 2159.81043506671 5244.01105842174 654.270184306977 2.3585488516501 -267.667502531132 -269.808964524677
16800 2016.49456798166 25842.9290014685 633.135018156454 2.43728138171754 -259.134155243255 -269.346552767848
16900 1977.0176823777 17038.3470639734 629.592555445379 2.45099497844999 -262.373280507891 -269.068682961099
17000 1996.8622124458 19445.7185670558 642.679048084604 2.40108682003117 -261.750488579855 -269.550725256648
17100 1775.53880371154 -22825.9255562219 670.74468074159 2.30061935065963 -280.533309600213 -270.977328626931
17200 1725.29725572965 -8125.34586247296 692.819614941579 2.22731596881281 -275.878000414681 -272.364405631768
17300 1787.12397347991 3101.22828173962 700.567729602927 2.2026823769641 -271.893690516608 -273.24973365937
17400 2021.99080295684 -17126.1843753321 698.4620550415 2.20932286976482 -281.104480341878 -273.638392845392
17500 1751.01261064844 6425.01632873556 681.014598500542 2.26592527570449 -270.959320724144 -273.690311919854
17600 2133.47084756643 5129.00928513096 662.533627136311 2.3291318789901 -271.025864686541 -273.146817730911
17700 2064.09864783306 33826.9355791385 647.942998311898 2.38158016351202 -258.078946388057 -271.759040973672
17800 2548.43664829774 -5418.520157635 663.682949524934 2.32509844191522 -272.21184102225 -269.967282173534
17900 2072.72000601636 -11587.8590564253 681.933147340973 2.26287312456237 -273.69374433399 -268.761612825824
18000 2313.72709540733 5583.39197955886 681.02609171087 2.26588703523749 -266.606027321994 -268.979321162173
18100 2109.48813870676 6498.6859785449 673.872143276091 2.28994210142604 -266.732423518049 -269.465757485212
18200 2123.70766174454 -1471.44508969775 681.886660925072 2.26302739193146 -270.772434805512 -270.14618746076
18300 1932.74425365206 -2942.81693819964 699.440410192801 2.20623253872443 -272.437596204262 -271.152890626334
18400 2072.57417507683 -19366.0338672083 701.730335953448 2.19903303705612 -280.064081935826 -271.582036760577
18500 2084.28054229697 -10186.7503286649 674.26559633094 2.2886058554124 -276.800906267711 -272.513878412146
18600 2255.44682531492 21211.5362242915 635.425876768369 2.42849441340683 -264.428528111277 -272.841058817428
18700 1760.0132031676 777.505939720579 616.609728930292 2.50260110968922 -273.545403510702 -273.844632544914
18800 1667.84631722917 2565.75135326951 616.159374893927 2.50443027363135 -274.489831455444 -275.476559041302
18900 1490.79046091216 40120.4894489386 630.284701483132 2.44830342261991 -260.903663332887 -276.686775066008
19000 1440.29708995336 -1799.46202052696 657.329263796484 2.34757263498904 -277.892641406539 -277.154371281379
19100 1433.32958363646 -31954.4542102629 667.451074857842 2.31197199314539 -289.651789356488 -276.339875962966
19200 1673.5958475512 -16934.7449688699 641.558273012843 2.40528141679069 -282.284155146046 -275.50298856662
19300 1885.16587303575 -3642.06508131572 608.765049767612 2.53485017324038 -276.057306857492 -274.673463110886
19400 2002.25789360397 12176.877066289 595.738976629782 2.59027569523135 -269.403797922778 -273.931538956314
19500 2108.93791340872 34587.5750424203 605.521673865378 2.54842767561974 -260.199238255304 -273.271160315471
19600 1936.27101182766 11813.3775359599 628.712668037264 2.45442516162989 -267.861610102944 -272.497316661594
19700 2069.1173020571 5878.37545301131 650.981484827921 2.37046402675189 -269.470530916976 -271.858977870715
19800 1839.01023246375 -25817.864163302 672.394913926563 2.29497302835734 -282.048186479608 -271.213050305877
19900 2317.89408809536 -20203.6834077898 678.147501902509 2.2755052367471 -279.070766488312 -270.519225860783
20000 2102.22927812851 1166.60909850955 665.970315271097 2.31711257466176 -269.725067241071 -270.209986991881
20100 2191.03853522247 -10071.8615741472 646.076192815477 2.38846162267868 -273.481206661562 -269.419737790692
20200 2414.68275965765 5078.68981256252 629.825302426632 2.45008923255489 -266.443035314865 -268.439499092188
20300 2250.61168024159 35046.057188419 629.644994790502 2.45079084981777 -254.230399252695 -268.003272900404
20400 2102.20587943906 7140.01545201942 656.17292032173 2.35170965468905 -266.316535770568 -269.240735938461
20500 2128.20793599195 -16233.541411922 677.424962550079 2.27793228353619 -277.571603437098 -270.707811474711
20600 2151.15586823946 355.417359606341 684.576547312781 2.25413534530722 -271.922502549673 -272.074364962394
20700 2148.41208636093 820.501592027555 685.987270095898 2.24949974895364 -272.882164715029 -273.233470359085
20800 1796.50710859693 -10122.6508731187 679.06142272145 2.27244272790785 -278.022638548262 -273.732286203428
20900 1820.3168958497 -20023.0839450876 670.557901563888 2.30126017196607 -282.029435915129 -273.649187451208
21000 1844.14139450472 -40766.6081130432 659.116609053476 2.34120665549929 -290.316182973679 -273.545278830421
21100 1897.8754211107 9480.01308329586 629.563486505693 2.45110814864922 -269.377559685805 -273.10266118919
21200 2050.21453205618 42897.8936067764 617.088457207593 2.50065962803611 -254.647960909409 -271.170357151809
21300 2689.04375318058 -18618.7437992411 634.955915768136 2.43029185734781 -277.111676293978 -269.732912768549
21400 2056.53025128329 -38670.1619729126 656.520473622963 2.35046469053809 -285.162024561989 -269.316234130327
21500 2383.20861717491 -24571.4711030501 659.658954135343 2.33928180947501 -279.760216975718 -269.643484562401
21600 2153.11460877145 11665.6931403082 650.146889284052 2.37350699864984 -265.517306537537 -270.251125880483
21700 2348.06545538243 20502.3424969893 652.348033688339 2.3654983416465 -262.577512617 -270.92532124727
21800 1842.47901240663 -10834.2101333163 672.302527908894 2.29528839742104 -276.136413644214 -271.590181153271
21900 1957.8722793693 -24488.3547530668 681.224252803649 2.26522791212323 -282.38512832179 -271.973003834226
22000 2001.99000872669 -12042.5192485399 669.373349500259 2.30533258161262 -277.069996298392 -272.038751959321
22100 1953.6887473681 28699.8045138624 631.814587268447 2.44237506218018 -260.706718975973 -272.024420330107
22200 2306.8630809262 20076.8298982208 604.913539867858 2.55098967069445 -264.304929999396 -271.885085021678
22300 2208.51179824964 5660.72143996191 604.420364376933 2.55307114520679 -270.837911472208 -272.973416090693
22400 1486.69677157491 -11544.8760983418 623.704889466063 2.47413194593865 -278.74159774706 -274.247339049085
22500 1646.16120289491 6922.56754667652 637.318891701457 2.42128110740043 -271.950344982315 -274.704026038414
22600 1477.48829078455 -32238.3473477193 647.598212770584 2.38284813243112 -287.450094551925 -274.419385310428
22700 2335.20024151816 -15882.5529739017 643.090616155265 2.39955016151807 -279.455637360485 -273.080608905065
22800 1965.22211389293 6226.02387955412 639.241316961112 2.41399945673411 -268.755723496461 -271.239801688968
22900 1884.19168992146 13492.8873522828 646.540366000174 2.38674686533912 -264.879348481178 -270.32425191544
23000 2363.01603499459 7596.50533653983 651.956549420675 2.36691876665298 -267.02419843659 -270.115363115928
23100 1791.68053640423 -33006.0274548875 657.783849551479 2.34595025846002 -284.224486133704 -270.673649632434
23200 2319.11008738172 32541.9301456849 647.352623738228 2.3837521240821 -257.93181841993 -271.080247361008
23300 1793.15582512373 17835.1343278816 650.264202482778 2.37307879777834 -263.643408499511 -270.882030087016
23400 1887.85320218409 -5272.84365084139 662.831632683158 2.32808471378999 -273.297226137525 -271.115813811249
23500 2029.44179477081 -1460.6630257137 672.987683136762 2.29295161045693 -272.342962858967 -271.729417331668
23600 1813.6821500008 -27598.0049401075 668.114993213082 2.30967454336707 -284.734228135157 -273.225732733274
23700 1935.95711965196 -9228.97445114981 638.850331782861 2.41547685756014 -277.968647893408 -274.288695409938
23800 1786.82357472687 21217.3035911033 617.536954003731 2.49884348112517 -266.794925220792 -274.972843840758
23900 1966.79086804932 12150.7300470782 614.742986168398 2.5102005660678 -270.387237729448 -275.049380803739
24000 1702.51022226982 -22035.3358951164 622.636724694284 2.47837644434449 -283.118149173741 -274.554792159533
24100 2078.00120028021 21987.1650323133 624.863016544772 2.46954636617633 -264.352354050347 -272.927543030687
24200 1856.28702187243 -11643.8302417259 632.994089087836 2.43782401521287 -275.54157028333 -270.941280791283
24300 2267.75635688199 -1363.48989750833 647.323835043612 2.38385813765401 -270.615414759795 -270.064526945938
24400 2366.20298724488 18013.4552062875 672.845910749962 2.29343474815226 -263.402246680179 -270.967130869923
24500 1830.10614219073 -50591.4377701829 722.054798610234 2.13713445965076 -294.18005737253 -271.379953632054
24600 1922.73798668032 -24034.8394667843 734.027945739173 2.10227444448614 -281.858416260351 -270.846992837292
24700 1961.29698581724 -10266.0584278913 705.038154527341 2.18871586162686 -275.229113049222 -270.711531566614
24800 2007.07839280968 31289.1667594212 661.627286884045 2.33232247589656 -256.466878407305 -269.387905842109
24900 2237.32777989923 5066.09201028065 649.272593272345 2.37670311030491 -265.692862343261 -267.745866302108
25000 2519.56359934725 16315.2126031094 650.681247208762 2.37155780727615 -260.332843078615 -266.958831466953
25100 2450.65825667821 14146.6283899736 662.947798120758 2.32767677370735 -261.196546934761 -267.050131818802
25200 2359.44630157306 -6361.71238309564 679.545288762264 2.27082464904849 -270.986560742191 -268.288311405496
25300 1932.10846960571 -36738.8713593704 684.187679141349 2.25541651641949 -286.34655548738 -270.657720250038
25400 1793.75350896385 -22506.1164644848 668.076408597476 2.3098079381454 -281.151255048275 -271.76664264192
25500 2037.16215652298 54385.3564255554 643.153873756088 2.39931415300989 -249.869722016304 -271.701369566185
25600 1990.02061905608 -13254.8143219618 646.508918679206 2.38686296086785 -277.3109505324 -271.962378964546
25700 1950.59623407164 -19388.8867076457 650.516017624793 2.37216017754719 -279.849374089759 -271.977094495572
25800 2080.1863675257 9096.50368522123 644.638056678055 2.39379009023786 -267.780556487545 -271.440548041662
25900 2083.49969127899 -17213.6502795968 631.036360945984 2.44538712405228 -277.188533974552 -270.408732104388
26000 2275.89952891923 47364.0554429831 600.823261167009 2.568356273139 -251.311285496081 -269.073015401212
26100 2474.77929812936 36390.3683840478 598.51824966417 2.57824751832041 -254.721876830276 -268.316071720699
26200 1836.881766943 4018.08797114652 637.522191157952 2.42050898504927 -267.394151393343 -268.992989129155
26300 2330.18750715717 -25203.9230087638 697.78128240838 2.21147833965973 -280.149149656786 -269.172315507254
26400 2032.58885747578 -40672.6501129063 720.405473634 2.14202730037848 -287.767796026844 -269.479673732865
26500 1741.95144517985 14663.5345977803 693.840017694279 2.2240403443349 -265.441362189869 -271.791565868917
26600 1558.63946438247 1713.91502837915 671.975435671672 2.29640565703669 -272.229073645727 -272.947913797171
26700 1649.41181204413 -6313.51969350052 660.427009972525 2.33656129831867 -275.317918418013 -272.715446759253
26800 1768.5154074228 -32961.7423220766 645.064723015176 2.39220676128931 -285.9579481674 -272.686965113356
26900 1669.72920859713 51639.4938837489 615.594176202177 2.50672967926083 -252.45726346419 -272.298380655001
27000 1763.59555423167 13714.3182928908 616.477305602301 2.50313868465681 -266.018880478676 -271.295805954348
27100 2418.06055503158 1414.63228842533 623.799426225368 2.47375699141572 -270.084349982548 -270.635130005748
27200 1790.28688515338 12856.5922447818 639.797801190777 2.41189980489787 -265.613463591144 -270.747491863945
27300 1823.65365954861 -31020.0546191641 666.778379685585 2.3143044808888 -283.352746740089 -270.443119269755
27400 1720.36783900701 -21730.7923983347 674.972177526252 2.28621007390501 -278.919920596647 -269.765073883769
27500 2013.88583043219 220.061982692978 659.207104308099 2.34088525712383 -269.418731707048 -269.509275053789
27600 2215.37579780951 -26116.394568287 642.972655371186 2.39999038680001 -279.873479006963 -269.392656473183
27700 1988.04803022981 -23662.7779034255 631.100175698898 2.44513985463119 -278.802319304455 -269.481508961539
27800 2179.4967756324 -9942.42004532064 614.221093472891 2.51233343866629 -273.52175094708 -269.710158334154
27900 1966.98655380142 24843.1035201722 601.10565093043 2.56714970068501 -260.900879602224 -270.221531797924
28000 1825.96658975341 -4135.8723335388 610.393557667256 2.52808728480605 -272.87463154453 -271.298956312914
28100 1751.53068814183 -15524.7549539003 626.099563529847 2.46466901073404 -278.112086882961 -272.04531315326
28200 1796.22002430596 -23029.7309502499 630.206365205203 2.44860775305508 -281.962530840038 -272.903926476655
28300 1614.21991574315 -9176.08270516477 620.050737648526 2.48871277489043 -277.430450789348 -273.879258489336
28400 2043.32384500572 23151.7093343565 608.204845545976 2.53718496846384 -265.407744976525 -274.196403279669
28500 1747.04809963966 22009.5745697284 603.872302797981 2.55538825794161 -266.069622573205 -274.36519580064
28600 1641.4912844868 16493.1680084019 622.44471172078 2.47914097880286 -267.932106206521 -274.339693139891
28700 1850.9245800724 -33543.7468245822 646.471184280169 2.38700228160109 -286.220677239912 -272.685922651462
28800 2102.68422384572 -7082.21473716279 641.076127551108 2.40709039932718 -273.679025026322 -270.845230623405
28900 2004.67334539367 -25532.953346831 623.522655272671 2.47485504947899 -279.657158899359 -269.72044164769
29000 2254.38791310167 26225.1643627453 606.95223671292 2.54242113057077 -259.067519353049 -269.002393674406
29100 2094.05489610062 -6259.68179479228 617.95245282433 2.49716330894603 -272.244929018403 -269.830597189799
29200 2186.75441286909 -14137.8409317928 637.888607823175 2.41911859365559 -276.390376630026 -270.761553794585
29300 1926.52934806984 6261.42980226894 642.974899209604 2.39998201137098 -269.213207351614 -271.726003036747
29400 1681.56301696332 -6387.58519188787 641.090089321931 2.40703797729623 -274.671004253121 -272.115095112512
29500 1517.04856271208 -14894.5801206039 626.765345077311 2.4620509158428 -278.207307152568 -272.380604133848
29600 2235.07238355883 22839.4103079338 602.871660746802 2.55962967301296 -263.130005136444 -271.724085266081
29700 1795.0135187666 23612.9056604139 592.109063611518 2.60615532965151 -261.631857092887 -270.358370969314
29800 2227.17475435669 31870.6212894535 601.088283086407 2.56722387590492 -256.89464989902 -268.851545429428
29900 1855.51826560704 -11384.2166390347 633.090371902239 2.43745326157702 -272.630535077137 -268.132130596843
30000 2126.36753735663 -60634.9320887213 657.256623268714 2.34783209059458 -292.15726541278 -267.283157774351
30100 2092.99314419296 -11425.3449282087 641.268012011114 2.40637013380199 -272.209898449741 -267.636926477768
30200 2190.1878864175 1095.53194835478 622.612008107982 2.47847483146918 -268.580521702806 -269.006249671174
30300 1972.68785998439 36783.1068391525 619.394972307867 2.4913476228527 -257.240937318614 -271.461138053074
30400 1945.77762358762 16159.7902192726 630.792716497569 2.4463316577817 -266.333857997672 -272.696127055073
30500 2092.92597679159 -26072.6756707921 643.443469342484 2.39823429001929 -283.566194418863 -273.095255113078
30600 1766.25125207911 -15875.6648204979 642.416119614692 2.40206953834169 -279.11785254687 -272.752272356243
30700 2205.21347160058 -13391.3682906322 627.286907003298 2.46000382701756 -277.651330786776 -272.408319173778
30800 1938.85602789496 1541.51370842782 616.00907852891 2.50504131457163 -271.163417785856 -271.756103073069
30900 2322.57559706673 27942.8858581829 616.678082419451 2.50232371776839 -259.962787452837 -270.718010281464
31000 2087.03085159953 681.033239643989 634.674467801299 2.43136957629945 -269.514922998688 -269.784702519812
31100 2100.05585442544 -7309.99478453587 652.033881851017 2.3666380456878 -271.080527853178 -268.105597016487
31200 2387.55618661747 37567.3070813177 657.013945088701 2.34869929839585 -251.517810113677 -266.923256786909
31300 2266.95261326278 -5311.77461874406 677.21103298692 2.27865187762812 -269.362956319718 -267.117765245855
31400 2377.1375769 -18616.9457388214 685.425264175357 2.25134419829516 -275.682890620214 -267.718396726333
31500 2291.49571572963 -4445.02167284354 679.848323264775 2.26981245530723 -270.518620735804 -268.632473653283
31600 2002.57801455927 7589.2737154549 665.229552040352 2.3196927844428 -266.115395026375 -269.266489274758
31700 2337.45071150601 -4281.58261050563 653.539241521771 2.36118674109443 -271.143709223632 -269.397221085912
31800 2128.54009952832 20796.1183776254 646.562355558255 2.38666569218022 -261.554457298696 -269.946783165855
31900 2179.5985919099 -37214.1990007339 640.29855545027 2.41001354560446 -285.794710927424 -270.922318364926
32000 1642.95634578301 44806.3094980197 623.259950883576 2.47589820215221 -254.403892382581 -271.833918510794
32100 1892.18640253709 -28881.3867879158 638.858342927381 2.41544656800628 -284.268670267489 -272.752389193105
32200 2089.18876050376 -24448.3106222355 652.696314006761 2.36423610605856 -282.736986081266 -272.777208099985
32300 1919.68961505352 -4336.31150189343 647.508949770384 2.3831766223669 -274.795283760393 -273.042792379781
32400 1467.2060049674 676.449704500019 634.081110893036 2.43364478984839 -272.647152706527 -272.914866020318
32500 1889.35722314083 31990.0932323098 633.540747912995 2.43572050724358 -257.963246963997 -270.612931684877
32600 2159.73798611434 23659.4023586933 652.104696208373 2.36638104408472 -259.233717986116 -268.863373262915
32700 1730.51226510599 11663.7499078341 678.601296966498 2.2739835581869 -263.090827222096 -268.031004421642
32800 2315.43801251319 10256.81417181 703.072163884179 2.19483613650835 -262.422974972462 -266.923902638254
32900 2338.35062558741 -27547.1775779907 726.80199146224 2.12317551409226 -279.600061476968 -267.103720703746
33000 2039.0357411173 5293.25808988507 712.186846607951 2.16674626780294 -265.919864325002 -268.272781614276
33100 1954.07206593231 -10288.9729601496 685.947643617851 2.24962970020175 -273.428044264267 -269.022976060319
33200 1674.64403184605 1599.54635215163 664.339023892578 2.32280226867365 -268.759684142185 -269.422932580955
33300 1907.05639572884 28254.0469183619 657.148915816728 2.3482169029348 -258.054777684068 -269.643461140501
33400 1963.83236041299 7097.68915155739 671.899036609394 2.29666677251572 -267.335561697248 -270.312094247241
33500 1674.93908099982 -20118.0368296762 688.895303988245 2.24000393518788 -279.645271058632 -270.995024910704
33600 1508.17041243347 -6653.42492432259 683.553437753932 2.25750922552103 -274.429183526681 -271.590562763077
33700 1993.72294122309 31511.6228673013 667.53323727766 2.31168742721983 -258.5091223126 -271.638172466864
33800 1828.89881677764 -24506.52726026 660.207713836856 2.33733741597488 -281.46904824484 -271.370661246543
33900 1875.53505923606 -10643.0023679455 644.674984324062 2.39365297148001 -274.993629839274 -270.711156975194
34000 2236.39449470051 32167.5676793434 632.781491118859 2.43864306008322 -256.391964543959 -269.096583193528
34100 2248.58839534759 -32729.3713433242 641.839175720015 2.40422873866345 -281.110157229893 -267.998622561376
34200 2283.01384750495 4793.9694718787 636.183764106216 2.4256013418294 -265.617412055483 -267.520976078317
34300 2176.245040909 28310.104458785 643.630437862032 2.39753762577167 -256.695713493903 -268.068521002144
34400 2154.15289784859 -20002.2690948454 668.744453181441 2.30750054751848 -277.258556795503 -268.909659836759
34500 1877.69510357348 -29081.323000999 682.371753157346 2.26141862514977 -282.238502075395 -269.852679814036
34600 1731.55405739923 -20396.3613621575 680.172227969661 2.26873154829096 -279.251724297573 -270.592853973253
34700 1720.90631178751 -1915.09441425633 665.607715893702 2.31837485506637 -271.982894703982 -271.187288465347
34800 2124.60886266739 44290.7472984678 647.2164440939 2.38425368506589 -253.121232157167 -271.012956304148
34900 1934.07945943202 -22202.599762765 664.498714884794 2.32224405751282 -280.991355333555 -271.782882353544
35000 1401.24978349746 -21300.2198692165 677.685844811926 2.27705536965196 -282.301563151286 -273.292032992312
35100 1894.53913930666 7637.50915987539 676.114010339802 2.28234908353781 -271.620722862066 -274.843730406547
35200 1627.30797230296 15408.8774052721 677.744869414008 2.27685706156705 -268.809031806635 -275.327219787081
35300 1554.70771975844 -14161.0188295263 685.283632917866 2.25180949572025 -280.821771249214 -274.764814085433
35400 1719.02817888815 -14125.6424501094 674.872136150334 2.28654897603059 -279.510975519637 -273.560942864183
35500 1802.99726397898 20484.7708870904 647.513260991603 2.38316075489013 -263.785927321773 -272.06476601262
35600 1933.35623922879 5867.82877906854 638.248644658832 2.41775396591869 -268.590232500268 -270.927761333908
35700 1995.01693404097 9485.8075297625 653.445170361621 2.36152666185006 -266.389543627086 -270.258315336884
35800 1958.95648474698 13202.0372452299 672.91237351559 2.293208228293 -263.962301321836 -269.507142491288
35900 1909.63189367503 -19240.062634343 684.0311853613 2.25593251432104 -277.493999153247 -269.279671424564
36000 2076.38266410277 20983.1453590448 670.082323074892 2.30289344865116 -260.910987196053 -269.686821061802
36100 2104.42735026591 -13880.1248750317 665.312380776681 2.31940399194839 -276.098814157708 -270.335017893011
36200 1829.89776387929 -10414.7498081688 666.405932941807 2.31559791950543 -276.394778861678 -272.062889670775
36300 1623.23967266626 5243.41184013596 665.653893832742 2.31821402407939 -271.365456184877 -273.543928724173
36400 1726.52696696348 -30462.665143242 675.365536280629 2.28487849759766 -286.673362079538 -273.832433392216
36500 1791.67202860626 50.0879599024306 670.157040209119 2.30263669450461 -273.680958721037 -273.701909470819
36600 1801.2503311237 -28065.1338755148 656.060662366292 2.35211205363287 -284.901649859171 -273.409513805641
36700 1676.80055203176 2219.95263928719 630.477565571542 2.4475544827154 -271.967540409727 -272.841121026908
36800 2184.12767450875 -20478.6296233298 616.798867854192 2.50183369699522 -280.163998380311 -272.280225545748
36900 1915.63406534983 21920.8835564436 600.257630133408 2.57077647063504 -263.790704671642 -272.003393856648
37000 2257.90470608107 36587.2203634943 593.750064862372 2.59895246028109 -258.027351708288 -271.586197730533
37100 1992.7565066762 -10437.4066802984 614.689272775053 2.5104199149264 -275.719801642396 -271.715397681927
37200 2052.82734534028 -7145.02940247233 638.039595218833 2.41854612696389 -274.278905651447 -271.433518974149
37300 2251.01177538963 -15244.9440018804 648.057583604286 2.38115906812438 -277.540559764959 -271.374196962832
37400 1796.14800545166 10994.9159311658 636.464743140437 2.42453051562925 -267.449068762498 -271.816799998089
37500 1824.42334307257 -6048.94392733739 624.648857354454 2.47039304354395 -274.702300292767 -272.343967167539
37600 1938.52405919955 -29933.0621591816 614.855166580989 2.5097425796175 -285.713837622273 -274.226652583569
37700 1455.29996747772 12359.9171131734 596.537725348001 2.58680738249355 -271.39308532463 -275.995048242063
37800 1606.09584935761 21098.5738490086 587.830634339517 2.62512380560086 -268.529174895302 -276.270137298209
37900 1768.62151264024 33753.4692899217 599.657807183793 2.57334795508325 -263.459189242675 -276.092336326807
38000 1922.10929031197 -5374.7152708726 635.001340336289 2.43011800738704 -277.51932791695 -275.389131024828
38100 1675.73726387166 -9736.25276499926 662.576822043996 2.32898003752334 -277.504773174483 -273.478365712103
38200 2254.37766655949 -18829.341630294 666.318412947422 2.31590207006314 -280.21809666877 -272.387288370219
38300 2037.73793885014 -24725.5223055556 651.60771956715 2.36818586632336 -282.130034329846 -272.074125255765
38400 2079.77543192504 -23584.4581682982 630.610707237673 2.44703772732569 -281.221924757971 -271.939169802242
38500 1998.92233150975 25036.8934554633 608.461260174218 2.53611576096773 -262.470854201567 -271.979157277264
38600 1922.5921847003 57951.1425840882 593.645150300473 2.59941177163676 -250.380847173947 -271.853147353993
38700 2067.78153192692 37153.1003277264 616.868480077423 2.50155137067863 -258.348755449228 -272.653406983768
38800 1758.69266209397 -42360.7191695437 663.091018377392 2.32717402151248 -291.149266366706 -273.617482313369
38900 1719.55333453985 -18702.7273681744 675.40841081118 2.28473345484814 -282.751506199304 -274.867244153534
39000 1701.93046755413 -17584.4360828488 651.853046304748 2.36729459287468 -283.281596640961 -276.127286096427
39100 1765.94411926516 6293.73346377334 616.914400979614 2.50136516413906 -273.572667407998 -275.996055099509
39200 1647.16057463385 25701.4954487677 595.380999516746 2.59183311714454 -265.716283520909 -275.267155131723
39300 1950.64441984952 11366.6870814051 592.113042894782 2.60613781503937 -269.45417166932 -273.654934616102
39400 2025.27065746939 37323.8578065934 598.766962530967 2.57717657858639 -258.066765077415 -272.015473580375
39500 2102.87066681499 -41097.075390818 614.225393134372 2.51231585198975 -287.025965815182 -271.270605972743
39600 2366.06388893266 5216.30500932487 610.787177710794 2.52645806621171 -269.412066199688 -271.400643746996
39700 2034.0073630029 2486.74631044109 613.156302121929 2.51669629183598 -270.703101217212 -271.654784238418
39800 2259.6782549956 10485.5997438733 625.356621652427 2.46759710929197 -267.837819297376 -271.930526456561
39900 1889.72845128333 -8434.47541624711 638.989852527706 2.41494944835483 -275.774453491981 -272.410564306004
40000 1678.56810123995 -25431.6517368925 641.468255109149 2.40561895241963 -282.682298533965 -272.500151146203
