# step temp[K] press[bars] vol[A^3] density[gcc] enthalpy[eV] etotal[eV]
0 2023.93476128175 847360.93744048 303.286059439683 5.0880287564718 -97.4702246257015 -257.872502177169
100 1877.20138608482 979267.563367004 295.506787370264 5.22197207583125 -72.5944987298072 -253.211435519537
200 2162.09249672483 1000366.23788686 295.036963238894 5.23028767285894 -67.8853243911693 -252.100369957533
300 1935.44558961412 864873.005499352 303.842404199953 5.07871241978002 -91.8526940514567 -255.870262227349
400 2437.54592332189 974779.429337298 297.702987111051 5.18344880191107 -69.4853141900469 -250.61064456914
500 2213.0295996813 1001789.58350267 296.808121765707 5.1990767054691 -63.4358284621603 -249.020428338563
600 2229.39721541988 871134.855639297 304.349777799239 5.07024583038805 -87.9690521744372 -253.45000870263
700 2346.30014987721 984260.151923444 297.585639461631 5.18549280354331 -67.460350583632 -250.275219424075
800 1713.64419319415 1022382.36357019 295.065142870161 5.22978816425345 -61.2097510160848 -249.496995383214
900 2181.44492337887 860492.559766616 304.185456571935 5.07298478124708 -92.1548102960977 -255.525900915241
1000 2107.75943559505 955694.840362054 298.080312791507 5.17688732078547 -74.8384094154395 -252.642675642257
1100 2081.731664001 1060277.15188428 292.287355087173 5.27949008059514 -56.4029621523696 -249.830842528607
1200 2163.45470867859 820510.620913961 304.396826075925 5.06946216147872 -101.940802165011 -257.829263122837
1300 1891.46830484533 965384.649455716 296.785897792085 5.19946602364229 -74.9960367890973 -253.823119762423
1400 1783.26365343771 1076149.02218496 290.321023621003 5.31524783365529 -55.0584968866011 -250.061160881161
1500 1856.78362576037 808141.475726153 305.300087357495 5.05446364336993 -105.006573834764 -259.00063325107
1600 1787.42369649843 959930.405362918 297.662752728643 5.18414943663736 -75.769658616432 -254.111761929175
1700 2186.08915616295 1098885.93643132 290.216318621329 5.31716548261912 -49.1431341033955 -248.194007122598
1800 1888.22869259277 824469.820942081 306.681942241964 5.03168911930469 -98.8005048613138 -256.617078757137
1900 2034.80249154487 933961.664181345 299.891810896618 5.14561630493499 -76.8865682854683 -251.703421971291
2000 2382.16635126301 1119352.52849623 290.510586848136 5.31177954169633 -42.3815913968608 -245.345347227373
2100 2055.92876225248 805444.40870026 307.550881939689 5.01747282314322 -101.580824780214 -256.192466037689
2200 2110.21657300293 927133.177418548 299.706102831749 5.14880470329432 -79.7415105898095 -253.172759525323
2300 2163.00380275064 1125563.95246183 288.899223522248 5.34140650519016 -44.7583473245162 -247.716355940206
2400 1745.41893901744 808179.295538166 305.607388427731 5.04938116779541 -105.105865388225 -259.262142109786
2500 1807.27080337814 921105.575681954 299.113370512725 5.15900773416102 -83.82546897833 -255.788416469005
2600 1953.33719856559 1118398.11687305 288.90041060129 5.34138455758647 -47.2323030270535 -248.899020258478
2700 2002.21867820979 825923.126028435 304.736421114853 5.06381280655826 -101.460265562749 -258.552107530158
2800 2031.95479648181 926299.272943053 298.953900710634 5.16175968334248 -81.9297788010961 -254.770149928591
2900 1742.51541205106 1097040.44949125 291.005454783588 5.30274662038105 -49.6164157247339 -248.873335870668
3000 2002.06127347333 836893.938135061 304.591570674095 5.06622093464704 -97.7476655176583 -256.850510369138
3100 1939.65037264927 955132.515525464 299.154415373401 5.15829990321222 -74.4400864372188 -252.780056650329
3200 1911.13842976918 1062116.77436288 293.256462533387 5.26204325911637 -54.6736128971868 -249.079540113714
3300 2010.5514492988 877950.289661373 303.004521456068 5.09275632076617 -88.9614873588164 -254.999940288978
3400 2371.93279805935 935651.527444506 299.606920161838 5.15050917726658 -78.1091753374931 -253.07596113317
3500 2141.05600149388 1032964.47485034 293.662942963326 5.25475967888409 -60.5608298658119 -249.892896377283
3600 1931.13210345126 901157.2683776 301.577243768328 5.11685886038389 -85.1815503244703 -254.806136129537
3700 2074.51679167657 923561.038522264 299.51311298542 5.15212231105634 -81.0275400197215 -253.679330680645
3800 2213.00339838165 1021152.74124714 293.839076599477 5.25160985980605 -63.1968846081323 -250.476237759976
3900 1927.72871715817 900636.01321942 300.798970897901 5.13009797626568 -85.5152616107567 -254.60423896749
4000 2050.29599303925 921785.65074027 299.101192383683 5.15921778702446 -81.8092869989513 -253.892192508166
4100 2097.02171964447 1008131.71488341 294.886846309415 5.23295023558618 -66.0628480629186 -251.613430078365
4200 1907.75480932037 891499.845775006 300.238296422494 5.13967808322039 -88.0284375243109 -255.090178197954
4300 1941.13562720594 947230.829365605 297.894874553221 5.18010991018387 -77.7305411623178 -253.850468702642
4400 1723.07244959504 1004082.55611895 295.149750979756 5.22828898463805 -67.6564981535576 -252.626578791754
4500 1772.40049121654 930595.196249911 299.514246977856 5.15210280457947 -81.3398157417304 -255.307240333217
4600 1883.0788058081 945936.478178068 298.427645462699 5.17086206766658 -78.3403476976211 -254.534166505948
4700 2004.67747178426 983806.031366479 295.734256155597 5.21795551156652 -70.7160267435587 -252.309718129967
4800 1935.42430220941 939172.350885003 298.928468581937 5.16219883367565 -77.8260357260213 -253.053516958302
4900 2294.94315232351 919883.995844929 300.501662912338 5.13517355248807 -80.4204938502112 -252.952465476213
5000 2285.79032981646 981949.308177904 297.409682091611 5.18856071199052 -67.9780683458688 -250.255883290269
5100 1964.26318458919 958451.340372014 299.059020362649 5.15994531780005 -72.1203023808521 -251.022888280047
5200 2127.30433720534 914131.383180867 301.080709921667 5.12529744023655 -81.1107480381613 -252.894147563601
5300 1993.71711854459 979232.444832176 296.670362988427 5.20149089488363 -71.0751691469478 -252.396793111852
5400 1906.95255730603 964028.309048597 296.652393087604 5.20180597838772 -75.5747817975581 -254.070287681874
5500 1828.53118150618 900830.077178549 299.503837382862 5.15228187174613 -87.9205738483729 -256.317791598649
5600 1793.67164202535 973968.988873002 295.729062023965 5.21804715879115 -74.2405341196242 -254.01531893256
5700 1944.7452291134 964739.885849198 296.362836037286 5.20688832817073 -75.5310570176765 -253.983960682507
5800 2086.17235006604 892762.564904158 300.099529685544 5.14205468260171 -88.263564108166 -255.484607388103
5900 1913.27304363698 998847.226460123 296.140551467109 5.2107966444356 -67.3541427417587 -251.977477608606
6000 2234.49645010913 950871.340334389 297.505778382445 5.18688477331833 -75.20133145649 -251.767220575286
6100 2153.51926004109 883035.066197758 301.926443656139 5.11094084102012 -87.5853915950344 -253.991300782164
6200 2110.52570297404 997411.467238594 296.700932994718 5.20095496933808 -65.6289184329386 -250.335730016632
6300 2145.85903212107 956155.887708816 297.633920495373 5.18465163277689 -73.9187732741472 -251.542415527987
6400 1945.08811951248 879923.948778112 301.746821720909 5.11398324948519 -89.5176991449472 -255.23867614087
6500 1994.96318974604 987043.916286712 295.095600673706 5.22924838033215 -71.8155925627883 -253.613488966808
6600 1506.20822481306 990896.186971247 294.891606748175 5.2328657600075 -72.3105510830721 -254.691811010796
6700 1604.15101898605 884154.198803011 300.735932235654 5.13117332004392 -91.9912891049582 -257.951117636391
6800 1583.00376270185 979262.376807537 295.651093032989 5.21942326015326 -72.8438099410647 -253.547990828271
6900 1724.3171078035 1004011.18338689 295.243091628082 5.22663606913453 -67.4341062139826 -252.44953105158
7000 2187.19224435997 863487.449218854 302.082240855942 5.10830490231306 -92.4441848825131 -255.250357367887
7100 2242.30186407055 972032.45191686 297.138185756122 5.1933015204335 -70.7019336476793 -250.974181592055
7200 2288.55695471061 977377.798017695 296.358306119972 5.20696791687502 -69.6921802145663 -250.480020168399
7300 2228.80957455025 886855.388531402 301.866947684058 5.11194817354167 -86.9381841193631 -254.031091282297
7400 2091.40916744686 990939.59758325 296.6734140911 5.2014374007651 -68.0181705305009 -251.509461017588
7500 1810.23594190959 984982.528740864 296.052101426397 5.21235344870459 -70.8266557045398 -252.832912507095
7600 1802.92554180838 901561.252674375 299.688570746806 5.14910591358468 -88.1814042468084 -256.819256103132
7700 1656.02983643369 977817.591797969 295.293249233118 5.22574828877279 -74.3492110052293 -254.568390252537
7800 1650.44350540444 971088.88016436 295.384989542288 5.22412528225372 -75.7292547182441 -254.763885866549
7900 1679.14228995947 907350.326041885 299.090217321452 5.15940710360185 -86.9692219798916 -256.351063620034
8000 2075.51269200986 960882.414324461 296.364151505076 5.20686521642173 -76.4069762602585 -254.147132489874
8100 2217.31625349815 967281.84547923 296.033714042524 5.21267720082874 -74.5458685097282 -253.27027074826
8200 1750.7272246006 926250.220622145 299.490672501467 5.1525083535233 -81.5332686979984 -254.674805525407
8300 2028.40023158581 951967.408126794 297.736426195105 5.18286664344831 -75.9965879213911 -252.90304857032
8400 2187.1408791418 987556.059489902 295.996354991571 5.21333511661002 -69.1071095464703 -251.55454524338
8500 2092.5180496599 892090.570127666 300.526806873816 5.13474391159403 -86.7072387998652 -254.040320069444
8600 2055.95504790663 959703.084089129 297.89983980061 5.18002357067048 -73.6882813965941 -252.130166548638
8700 2218.73863581167 979504.602607499 295.761860595654 5.21746850239012 -70.0721124004144 -250.888710153034
8800 2365.65131150687 913024.348552681 300.259222387728 5.1393198836486 -81.7832902529645 -252.890519024258
8900 2283.41324041424 922444.910532474 299.628602654339 5.15013646292748 -80.0691023747291 -252.578735095251
9000 1898.55867995254 989623.427392931 296.328882809753 5.20748493104815 -68.0536355791321 -251.088403996785
9100 1951.27172101594 932305.912117533 299.553831149424 5.15142198630862 -79.3409659382026 -253.651229369269
9200 1776.50616948142 938987.251601736 298.714835067912 5.16589071150515 -79.3398434350058 -254.40758534302
9300 1829.68041035157 976566.136471296 295.887991017057 5.21524441246136 -73.1987784793142 -253.549814845021
9400 1969.63721770442 928496.378811488 297.875298137209 5.18045034790134 -82.4310323302162 -255.05629281668
9500 1896.63351373785 911017.359668202 298.814980419536 5.16415940626393 -85.9462206854051 -255.856111693738
9600 2140.17833960915 961360.585431225 296.099540556231 5.21151835956014 -75.8521389302869 -253.521969722996
9700 1732.46753686691 951958.228971825 298.266527370948 5.17365527224235 -76.2000263512148 -253.4197491206
9800 2388.06725815786 924443.483608457 299.919065683978 5.14514870319082 -79.4234434020473 -252.474431156199
9900 2049.32049320624 968478.692466389 298.016381462711 5.17799788149968 -70.2263573415779 -250.370377337235
10000 1850.79641974638 995329.997233379 299.001418942235 5.16093936050598 -65.3750873691663 -251.125584576279
10100 2230.429120474 895554.071361712 301.618881665969 5.11615248800993 -84.8339130248133 -253.427084548379
10200 2004.72541998068 1000488.30899072 295.894858661465 5.21512336796504 -65.3634186225561 -250.136661009557
10300 2063.58628013884 953653.639623106 298.44042437925 5.17064065659268 -75.0104194275373 -252.649273149294
10400 2038.74812899492 865390.607460987 302.441313653157 5.1022400783373 -92.7287227325738 -256.087673599476
10500 1885.15102286646 1047513.92425231 293.940755683307 5.2497932390454 -58.1442636425113 -250.324734697673
10600 2069.54964430872 949339.948955747 298.41435804234 5.17109230932908 -76.4208142851282 -253.240703624148
10700 1758.03430051424 882793.735759548 302.341553567132 5.10392360447894 -89.1742595178502 -255.763414675771
10800 2285.47694619846 1035207.52591334 293.41646816236 5.25917376598045 -60.4680097946151 -250.051951431873
10900 2322.30207490096 920940.647098202 299.842713490405 5.14645886806085 -81.4689772920906 -253.820364663915
11000 2180.5986582552 879054.991587284 302.361757174037 5.1035825637761 -89.6153383573499 -255.510052147584
11100 2162.32147792511 1039680.01756436 293.473019121529 5.25816034634211 -59.4740556624937 -249.913769186525
11200 1880.0256154741 929250.782130432 299.564718639391 5.15123476113922 -79.9155358888345 -253.660906073915
11300 2150.71006169552 866156.561862692 302.557432177727 5.10028188948823 -91.5031745865384 -255.069489047563
11400 2369.32791917374 1010233.80794933 293.577211635687 5.25629419009899 -64.6695537582613 -249.781259265031
11500 2311.57687354105 960378.238186433 298.190145854992 5.17498050595051 -73.3586601889129 -252.100095305938
11600 2127.07268841977 853858.129558744 303.506387542418 5.08433514154774 -93.546563694449 -255.296156436634
11700 2154.03999001196 1035372.20961792 292.992639258051 5.26678143100729 -59.9074191054946 -249.247629943935
11800 2163.9926977256 947124.89002035 297.646500967344 5.18443249576593 -76.8187890932476 -252.772193411459
11900 2228.26144137569 841991.825581643 302.903660168059 5.09445211394921 -97.5793859155383 -256.764348246633
12000 1969.70464095702 1043529.47973718 292.168839330353 5.28163165997767 -61.0575100582378 -251.352896928422
12100 1657.7425161736 974377.880651362 296.051782321358 5.2123590669388 -74.452021781597 -254.498544883979
12200 1806.16478108124 843956.250773761 302.428363233775 5.10245856362783 -99.3809331718317 -258.686919473854
12300 1720.47420655815 1050376.58230711 291.408541981095 5.29541166286824 -60.8278930753292 -251.873454148781
12400 2175.45748615785 964738.602635857 295.54454916735 5.22130486322161 -75.2473280863857 -253.207269066891
12500 2110.34200495829 817149.561525857 304.240733855516 5.07206307423303 -100.850082723301 -256.020366564276
12600 2223.94599196533 1050709.80123252 293.271823991063 5.26176763545191 -55.8610208911531 -248.189131990492
12700 2139.77537623257 968408.397686193 297.33552924274 5.18985469310105 -70.9361372489005 -250.655552337774
12800 1959.58033833283 843784.113438845 303.955758019588 5.0768184222609 -94.9003835172815 -254.978277435455
12900 2203.76664127029 1046007.75784244 292.724361033565 5.27160837047375 -58.3341449281624 -249.444145949011
13000 1902.6406777228 963307.627416395 296.738865553465 5.20029012373537 -74.7941377052385 -253.208196667245
13100 1796.89648459589 871127.917342816 302.062884307825 5.10863224855377 -92.6811877968748 -256.917407285576
13200 2004.9798695759 1016655.11543399 292.807816365246 5.27010587019726 -65.9750931518954 -251.775199661248
13300 1811.55550700778 956758.145476095 296.548279830179 5.20363224750387 -77.0045553722355 -254.091775322377
13400 1647.65236907633 862625.659690065 302.230383855143 5.10580098593175 -94.2067087372107 -256.930156654106
13500 1908.22753155264 1037138.13500021 293.118204589069 5.26452525877565 -61.418669816201 -251.163100621494
13600 2117.91394034403 938127.923078237 297.153841855319 5.19302790174746 -79.4004500924979 -253.393962351883
13700 1884.7267423417 866799.048755956 302.202042247401 5.10627982653679 -92.2546900641202 -255.750061986099
13800 1912.31701861315 1027739.91858976 293.605446993466 5.25578870442571 -62.2549875482717 -250.592563458651
13900 2198.97597732811 949884.919084383 297.106526866562 5.19385490497548 -76.6556956397981 -252.80171278091
14000 1826.75100809517 881164.507412609 302.147590934808 5.10720005111367 -89.4478562725279 -255.622889505119
14100 1834.0578559183 1043843.8330234 293.964751996192 5.24936469895585 -59.029333717137 -250.552111324647
14200 1847.1772778299 946017.751534368 297.574015032563 5.18569536959488 -77.2670395985636 -252.971963878854
14300 2022.21936293039 895578.827466283 301.445774062866 5.11909047875491 -86.7618156567829 -255.262884596371
14400 2056.72342435451 991239.160219171 295.695782817822 5.2186344261015 -69.664156392892 -252.606072867568
14500 1676.05092092874 980132.51258221 295.498540805374 5.22211780694539 -72.7763869305735 -253.54781084295
14600 1754.85936282221 884715.90074066 300.376862518717 5.13730711122921 -91.1580679636857 -257.025053582873
14700 1437.93685265078 989985.343643599 295.39200098316 5.2240012821271 -71.9788479217056 -254.501654618024
14800 1842.86311789998 995125.943200111 294.61660865528 5.23775016931133 -70.8260586424413 -253.81503056314
14900 1801.88229132259 870901.066561322 301.458226277723 5.11887902652386 -92.8438284568142 -256.708602898927
15000 2438.51559881902 965060.190055644 297.129032243763 5.19346150799611 -73.5196271202493 -252.49329221159
15100 1983.19869881685 989658.55362651 295.693544580001 5.21867392829951 -68.054665013257 -250.703484070171
15200 2564.6093800717 861353.990517096 302.331361154086 5.1040956716351 -91.3210539530471 -253.858904426161
15300 2315.89655495428 953270.051238477 298.130651069933 5.17601322214987 -74.172802567745 -251.555894269062
15400 1941.28353219767 1014788.29293196 295.822256176396 5.21640329504474 -63.4685288717766 -250.836751009928
15500 1917.73822347232 876251.895804786 301.989373068639 5.10987580849537 -89.8700518257823 -255.032105235188
15600 2073.62078047299 946035.223000633 297.258659880819 5.19119675936375 -77.908903928142 -253.430865827608
15700 1729.79629899318 1025324.55251053 293.318156926455 5.26093647947282 -64.2200441002727 -251.931140845126
15800 1674.21229270187 890171.843780617 301.062382240343 5.12560945138014 -89.9186443939813 -257.189388841844
15900 1689.00300831862 928305.499368463 297.319646870591 5.19013192739925 -84.7210611246482 -256.988887584629
16000 1649.95564898409 1045882.54065657 290.925402894066 5.3042057397374 -64.1415537169378 -254.054337683238
16100 1281.72162079643 868355.276213767 300.794353035555 5.13017673467998 -97.1507914249683 -260.176752368554
16200 1533.92174465656 923098.989990539 297.518732322002 5.18665893680941 -87.0016377887781 -258.417983809148
16300 1561.21948513425 1073081.66502625 289.919337771066 5.3226121573327 -58.3186123373985 -252.49642339547
16400 1621.86361241584 870738.664299159 301.605065531727 5.11638685227518 -93.5909782936366 -257.504998944268
16500 1892.85311580544 893272.304018207 300.182668952513 5.14063052757464 -89.0178941820813 -256.380768572978
16600 1922.26903139994 1100429.9231614 290.36836574047 5.31438122720765 -50.0193418848179 -249.454321988625
16700 1912.30713607119 878722.500793408 302.694507619191 5.09797222289701 -89.5199595677909 -255.534424710405
16800 1801.75781255516 894459.414888593 302.163381013969 5.10693316538838 -85.8667723834694 -254.557850415455
16900 2186.51733406095 1064234.80105822 292.515794304219 5.2753670807302 -53.6937010757 -247.995320252949
17000 2384.16886974684 910288.508599859 301.193654543833 5.12337550471717 -81.6113740833217 -252.736791660253
17100 2145.30340967135 879867.527196378 302.245663597272 5.10554286701782 -87.7660310046934 -253.750330883739
17200 1880.37453468801 1050018.7458643 293.664159191867 5.25473791596716 -56.9339101346389 -249.392651190908
17300 2018.08440970992 915352.08175721 299.790600600648 5.14735348197833 -83.6061686371575 -254.881899089481
17400 2033.23473058774 898634.860791322 299.873885450069 5.14592389247267 -88.1436676868288 -256.33807529821
17500 1591.83981054773 1019711.5529648 293.179891445764 5.26341757020395 -66.2284471314081 -252.823945445239
17600 1724.42071352206 922174.372569384 298.529177126281 5.16910342473279 -84.1627990711819 -255.989034576498
17700 1774.14572202172 904117.261140916 299.843615455182 5.14644338690872 -87.0124385275911 -256.215886696959
17800 1943.90618148856 1029582.12192942 293.194661650409 5.26315241614484 -63.092729945579 -251.503920523151
17900 2126.85597135053 912452.590297204 298.51628069147 5.16932673920392 -84.2026093580344 -254.210067064985
18000 1770.04536166644 879165.440261881 300.68434100894 5.13205372347687 -89.9823415563859 -254.977447303461
18100 2280.04550598554 1021455.80460448 293.777128740731 5.25271725025261 -63.2736851899982 -250.569125743682
18200 1931.40835101181 943502.067714139 298.328444576613 5.17258149505698 -77.6060615360234 -253.288019370243
18300 1969.88952035402 889395.149404785 301.495869887308 5.11823990306369 -87.7613991081295 -255.126832469153
18400 1941.70466707813 1011648.88717362 294.225134318387 5.24471913468913 -65.1241061236524 -250.90421818478
18500 2301.19701624245 952716.30030323 297.634391918446 5.18464342080787 -76.0072527375021 -252.992208334805
18600 1743.94180447724 870839.164603401 302.411207647954 5.10274802269407 -91.6216954944572 -255.992801571003
18700 1745.19231105722 1033816.60267572 293.814059905522 5.25205700626555 -61.1503662493523 -250.736128635636
18800 1966.1235065573 964475.966268202 297.284867613915 5.19073911918781 -73.4786939119136 -252.43782229062
18900 2348.34952760056 860222.782795419 303.436717793133 5.08550251627142 -92.189403418855 -255.107270321982
19000 1860.74942888949 1028589.53084901 295.144227658984 5.22838682669099 -60.1182578150978 -249.5994183867
19100 2267.44135310503 981881.907620462 297.47889378771 5.18735353697847 -67.5613995733565 -249.869118922069
19200 2219.72909432345 833782.393423823 305.1632263882 5.05673049184209 -95.9050558465817 -254.713854554395
19300 2547.63233385757 1004258.22727851 295.081709765989 5.22949454606957 -64.3562217950353 -249.316015395743
19400 1624.94799215569 1011105.77908521 295.565374309154 5.22093697704944 -64.3320493254163 -250.858226723143
19500 1919.21011812643 836508.342831123 304.022053577087 5.07571136274445 -98.5346486529149 -257.266838409714
19600 1537.07153734346 1012114.63471251 294.993553638002 5.23105733272989 -66.1661996022821 -252.517261912129
19700 1793.19831384026 990884.452246781 294.470387909373 5.24035100039002 -70.9075872312634 -253.026179675027
19800 1804.29730008572 868876.420983337 301.385648903658 5.12011171560263 -93.561266823356 -257.005733743918
19900 1933.72736395065 966955.412099826 295.743316487855 5.21779565533983 -74.7915776364201 -253.280402350977
20000 1782.05365846445 996184.322066112 295.699737675741 5.21856462909105 -67.8125009119316 -251.669549565207
20100 2166.89401485786 890734.580425886 301.943968690524 5.1106441985193 -85.1298837469704 -252.996491616753
20200 2250.05559743392 971994.987381442 297.766770901558 5.18233846978272 -69.1693091876227 -249.815953752109
20300 1919.37003882225 1003886.86432269 296.620401635535 5.20236700967791 -63.7757500558878 -249.631256544738
20400 2251.50368392442 884358.869333088 301.996633099385 5.10975296654479 -86.8769225579725 -253.571042082364
20500 1843.64408550843 980136.934510308 297.532834411734 5.18641310602614 -70.1460045688318 -252.162730089697
20600 2030.33292356398 987950.209683656 295.721011670483 5.21818920863696 -69.7352582035592 -252.085726761622
20700 1843.63352794829 890445.002434848 301.364377220853 5.12047311661939 -88.4984410315637 -255.98835466355
20800 1629.92769603787 980212.168637376 296.632100017916 5.20216184213684 -71.9846651997286 -253.464292473016
20900 1918.45566136484 1001245.60094154 294.86527104134 5.23333313013243 -68.2487456362501 -252.518428471179
21000 1843.08862278525 882094.050010963 301.631219761111 5.11594321399576 -90.0358589369645 -256.101897384555
21100 2147.54072428629 963380.253301844 297.238048407727 5.19155673418157 -74.1724189978373 -252.900084998419
21200 2146.60475849883 991526.341244327 295.273173769206 5.22610358458189 -68.5500609057218 -251.283442437021
21300 1927.57530483951 901540.113777737 301.534062606424 5.11759161975767 -85.1700966502901 -254.842447424415
21400 2340.650537003 949543.283927234 298.301930417532 5.17304125288834 -76.0124106554516 -252.803541102376
21500 2191.24680362246 1008743.73806761 294.601328923792 5.23802182937641 -65.3035349837282 -250.786998121697
21600 2018.68224322527 887863.504864566 301.431041740531 5.11934067226703 -88.0003451584148 -255.041630057254
21700 1949.23912217982 930445.355786882 298.436134800752 5.17071497691248 -80.2957968443993 -253.609108844886
21800 1584.243491344 1046247.3996195 293.085825259255 5.26510686929713 -59.4070912374682 -250.796917853219
21900 1929.31083572158 867964.174009811 301.572147201706 5.1169453352534 -92.7684855727553 -256.142383298938
22000 1560.73773873299 935427.317686186 298.858948316056 5.1633996591402 -80.3657778811345 -254.853934703933
22100 1981.6717911081 1048238.22423885 292.035221167027 5.28404822438709 -59.6971139795856 -250.763754671996
22200 1590.75985171329 895091.184091828 301.802478004178 5.11304016478208 -87.728364008185 -256.336964495464
22300 1729.59846857519 916186.270573983 299.846445471444 5.14639481365165 -82.9592436877289 -254.422997288751
22400 2390.03307945012 1068081.72617465 291.570691398411 5.29246675811302 -53.6674479490712 -248.041368282288
22500 2006.08671918361 872345.286305035 303.554983722933 5.08352118927686 -89.0977369424538 -254.375881507114
22600 2309.16856900578 882779.92370232 302.600094667363 5.09956281924639 -86.4891657881392 -253.218167544668
22700 2240.44833329054 1108446.80524392 291.287959043357 5.29760377646243 -44.9243682448937 -246.448487221567
22800 2011.64561828798 856116.101858056 303.228516557878 5.08899429836962 -93.0837730242365 -255.112622884244
22900 2027.33272547648 872658.038266529 301.220623342687 5.12291680012415 -91.6495384200805 -255.715481374337
23000 1783.75551776597 1116138.99861717 288.678160427091 5.34549683143022 -48.0337126208471 -249.138243177712
23100 1695.61220146438 869195.395238074 301.202359878473 5.1232274291899 -93.949926338348 -257.354959579823
23200 1694.58100165299 874937.9622747 301.292889789548 5.1216880456223 -92.5914198072734 -257.125468983705
23300 1778.03290762674 1109547.41549545 289.591782731803 5.32863252302723 -48.792017643797 -249.341591351058
23400 1751.93911224526 872615.364796531 301.453329132461 5.11896218332377 -92.017952947178 -256.202614730727
23500 2266.0670106376 881368.821468178 301.517560988063 5.11787169811716 -89.3536028792244 -255.220582815585
23600 2006.57886714634 1077955.28404006 291.76542308999 5.28893443069219 -52.3010733779716 -248.602841329279
23700 2118.10567113292 897560.389255195 301.430720865216 5.11934612184445 -85.2934524124016 -254.158914584177
23800 1800.37380220492 900541.565136652 301.999121322956 5.10971086639656 -84.7610269919995 -254.506845499554
23900 1955.47185654072 1057916.00153448 292.608975126146 5.27368714920951 -55.685241161075 -248.894738977673
24000 2287.24294852275 897194.646487943 300.837423884709 5.12944224804125 -85.8353000704625 -254.299714679331
24100 2186.45079900793 861536.957186852 301.800729598679 5.11306978587528 -92.8659776167312 -255.153017936707
24200 2515.07103360741 1046503.09380713 292.291189251934 5.27942082625028 -58.5443601511643 -249.461923755869
24300 1784.65432984117 914357.31110584 300.1518512012 5.14115833599081 -83.6352570410056 -254.931016021224
24400 1908.6584322517 875407.798760523 301.751844003691 5.11389813361753 -91.0293889080776 -255.902558331796
24500 2098.27157619303 1064939.21447375 292.238310845731 5.28037609921966 -56.0744382951215 -250.320226565756
24600 1704.92764949402 915892.583993681 298.991139825845 5.16111679016627 -84.147343718459 -255.067194088446
24700 1819.15138083454 894682.072936308 300.65477964371 5.1325583238517 -88.3024781596756 -256.193120351621
24800 1659.97577254346 1027199.72580491 293.211435211653 5.26285133031126 -63.6843883798348 -251.670359870662
24900 1862.45070272227 936377.694483404 298.461433822039 5.1702766823342 -80.3119420015933 -254.745051771018
25000 1875.07919771311 874477.960286259 301.027712040559 5.12619978209252 -91.2372856051472 -255.540094699443
25100 1918.38206734576 1030139.10965284 294.116408475796 5.24665794697786 -61.2212184258257 -250.32698496375
25200 2171.2400006322 931497.277126603 299.654259458662 5.14969550125484 -78.6049613024041 -252.822425336568
25300 1884.95265981627 915034.813106798 301.566868818838 5.11703489813112 -81.042246943083 -253.273073851883
25400 2177.91259935846 1034974.54377691 294.649889454655 5.23715856375232 -58.651730039206 -248.989770144182
25500 2060.28551188488 923075.175536717 299.838020681295 5.14653941604808 -80.1492060267075 -252.897360535882
25600 2044.44058645796 883741.014370099 301.098694666799 5.12499130417611 -89.2421040102225 -255.32447124651
25700 1781.03423654237 1040444.75145827 292.725096630844 5.2715951232981 -61.7985229755749 -251.892617109197
25800 1589.16278510973 924166.426484028 298.063874011214 5.17717283580654 -83.954834993347 -255.883848625072
25900 1739.34120775499 897490.508872618 300.272545947739 5.1390918440299 -88.8800779780111 -257.083618638552
26000 2023.47183791375 1032870.85378136 292.920055622449 5.26808650430919 -63.3588268774838 -252.19481838057
26100 1956.45852161753 932089.43912542 298.262727194742 5.17372118997148 -81.1728109191003 -254.691482615362
26200 2038.54579394125 871181.823910597 301.594069035601 5.11657340212472 -91.6702997631043 -255.661764588018
26300 2049.01518342749 1044638.17520271 293.252491879175 5.26211450745972 -58.5023442349236 -249.70646437419
26400 2113.5988842995 928826.115105768 299.178535890406 5.15788402825594 -79.5171500149643 -252.959237833702
26500 1712.13147571756 868964.81545656 303.748490475284 5.0802826689 -90.7416740367081 -255.484291951191
26600 2153.29609048752 1062017.34714375 292.542886153708 5.27487853885235 -54.9888493636044 -248.90357715966
26700 2099.58726501254 963830.721506102 297.212092122746 5.19201012598378 -73.448917192543 -252.244540016248
26800 2096.95931083097 831822.036731932 304.823192924568 5.06237132765677 -98.6707112795674 -256.929585493267
26900 2259.16015496302 1044779.31927033 292.02243575906 5.28427957206452 -59.4251680652673 -249.853002728935
27000 2117.53495645473 974498.307677718 296.417578240598 5.20592672346033 -72.6522525966262 -252.943517860715
27100 1511.42540421931 817858.608101702 306.230952641071 5.03909934171416 -102.674530912297 -258.995398609885
27200 1632.41756376856 1085185.27402279 291.01000624546 5.30266368423267 -53.3479857510426 -250.454717356989
27300 2112.56857798439 980505.959580687 295.066399351512 5.2297658942447 -72.8278423882894 -253.40367971718
27400 1690.48628657637 796684.123701771 306.427017371431 5.03587511670239 -107.629243845519 -260.000433794383
27500 2102.48617949176 1057198.33420662 291.384520238537 5.29584821665497 -58.5392906608027 -250.80976111757
27600 1772.6401716709 1012711.27926811 293.850582604308 5.25140422792376 -65.8621975027739 -251.600659790098
27700 2060.20769762514 793197.990015973 307.34958249692 5.02075903057909 -105.650518513157 -257.811701172374
27800 2067.59765826185 1029777.33077533 294.216622735233 5.24487086256438 -60.1917635917532 -249.295528645117
27900 2450.79554583838 1012301.19804503 295.000337765069 5.23093703402818 -62.6282544136008 -249.017953265924
28000 2192.48745810379 791937.813108356 306.806366138873 5.02964854115066 -104.381906008349 -256.032840002038
28100 2545.68422086063 1003041.97235544 294.603023007325 5.23799170868574 -65.3264409795854 -249.762548524005
28200 1839.26481747938 1018731.70388758 294.695418015089 5.23634945619381 -63.9167839675158 -251.296617164654
28300 1870.40445258242 834960.914209274 304.624277788697 5.06567698105964 -99.884725744232 -258.637126289859
28400 1911.63986636794 1008871.67281042 294.077659788579 5.24734926473341 -68.0062926386555 -253.183531580231
28500 1752.56602165325 1030001.01274761 293.310640876913 5.26107129033103 -64.0915456270133 -252.653952548393
28600 1824.46084452225 817952.71634347 304.10295828618 5.07436100116442 -103.303617935493 -258.556076561784
28700 2051.72517433127 997825.627968206 294.843028107148 5.23372793236047 -69.0154451569351 -252.641861892583
28800 1968.65234702591 1023172.77487836 293.719226525711 5.25375274243766 -63.5685496685381 -251.141838903175
28900 2332.46584640504 833241.762116786 303.942210196737 5.07704471474126 -98.2256725830934 -256.296486133286
29000 2424.16986398448 969735.553825723 296.929433574784 5.19695260011155 -71.8641944078919 -251.584112104101
29100 2132.72117233865 1016499.46266926 295.388943592345 5.22405535257857 -62.8092845038279 -250.218538378204
29200 1934.37958432494 848415.710710559 305.170772489483 5.05660545168787 -93.7333446526097 -255.333316834049
29300 2352.16987343937 992301.331725495 296.863323304893 5.19810994058453 -66.1934451225449 -250.054506033063
29400 2268.21600288613 1022066.33088239 296.038073105674 5.21260044587334 -59.9827037741432 -248.832401158051
29500 2227.91441559521 816984.932775343 306.213246828016 5.03939071170495 -98.2045675411516 -254.34941729691
29600 2410.22878639291 1017238.95832368 296.081001702994 5.21184467422895 -61.2410471096336 -249.226034875829
29700 1966.30172668581 1013429.92025621 295.001283379752 5.23092026647108 -63.8721755831064 -250.470298256246
29800 1526.17219813358 831558.787160936 304.605965356558 5.0659815216022 -99.5002303393917 -257.596274760144
29900 1742.91037801067 1022102.73301897 294.799377839208 5.23450287845515 -63.9834888105742 -252.04969111834
30000 1878.97848958753 983792.41825484 295.79681033486 5.21685203474374 -72.001997105425 -253.631586199635
30100 1735.64691794246 853662.601074047 303.548818609602 5.08362443620892 -95.9783114264335 -257.713472344863
30200 1684.52905432089 1032353.43107808 295.31585479111 5.22534827314858 -61.2507092718165 -251.535822020229
30300 2129.79515229909 963937.002283789 297.668726651142 5.18404539578865 -72.816216734115 -251.906285800622
30400 2257.22157116519 889738.036557247 302.432201434175 5.10239380776384 -85.2711738279692 -253.221105121887
30500 2244.3271773423 1007350.60004411 297.135394061249 5.1933503133862 -62.710120445257 -249.530684535381
30600 2223.42538493638 946005.584560045 299.275944810074 5.1562052300776 -74.6653459863676 -251.372915417584
30700 2082.70221474309 903799.907611984 300.78036522866 5.1304153138221 -83.1886782562761 -252.861162096328
30800 2455.69799821985 969244.674327052 297.167385007613 5.19279123389193 -71.5923602810506 -251.365253780815
30900 1979.55242399679 931902.409005818 299.012830521562 5.16074239749001 -79.3645570979991 -253.284707023237
31000 1751.1430735067 943007.255339726 298.974673239674 5.1614010482723 -78.0265000604474 -253.996679393271
31100 1982.54016487392 983572.099515163 296.111991214314 5.21129923019317 -70.8889596451379 -252.671361827593
31200 1813.63180581351 924736.022275292 299.057199176037 5.15997674062939 -82.2353557540111 -254.843657522785
31300 2052.29923153065 930620.166828916 298.796163996565 5.1644846146146 -81.3224038223446 -254.877399783354
31400 1612.43505388704 1002142.21333439 295.931702933486 5.21447407144801 -68.0210229113449 -253.122759064372
31500 2028.4988143923 925962.917030984 299.166026837372 5.15809969527379 -81.5522113906056 -254.452417383455
31600 1968.33924171346 921665.31943794 299.803612519002 5.14713007925585 -81.4816384842446 -253.946153037401
31700 1759.63286074213 993852.9086179 296.767424335663 5.19978968487034 -66.6871712167375 -250.776232477492
31800 2539.81779222494 925957.481978407 300.219857322218 5.13999375534285 -78.52654604358 -252.034785070926
31900 2273.78443172005 923071.070983394 300.802835122285 5.1300320731312 -78.9590153562887 -252.262265760454
32000 2422.32519025529 996359.195033147 296.788480897217 5.19942076997433 -65.6447553977083 -250.211144882176
32100 2151.73486352829 912290.018674962 300.296104635742 5.13868867442663 -82.8867859425391 -253.877397093158
32200 1999.08316882048 918251.707375144 299.290420755676 5.15595583704245 -83.5206066481537 -255.052232445889
32300 1761.19822408374 1026494.63200822 294.265582123661 5.24399823020295 -63.9648250386707 -252.49713744914
32400 1791.11790799222 904018.090535361 300.158756482698 5.14104006142853 -86.7853004022524 -256.148005380735
32500 1799.56375756287 907162.596190561 299.647178135605 5.14981719990628 -85.9969162780659 -255.659067769285
32600 1616.85825441051 1054626.91206226 293.061298304217 5.26554751785837 -57.9479393418817 -250.85448370546
32700 1834.57875811091 907144.459111774 301.328865778287 5.12107656158481 -84.6887071873438 -255.299629867341
32800 1906.7262462853 907228.14379541 301.237571597859 5.12262857412135 -84.1583427369767 -254.73330930412
32900 1869.96252532383 1096095.65518393 291.878636991709 5.28688295851523 -48.6592478674401 -248.341933169354
33000 2159.40969813807 891590.290393818 301.986873156356 5.10991810914628 -86.3828538182632 -254.434603380559
33100 1954.7184771383 875473.813910331 302.997087801734 5.09288126516867 -89.4948851156306 -255.060923602344
33200 2190.50516273878 1081646.44306086 291.374778037048 5.29602528489928 -51.4380146205961 -248.148234912443
33300 1982.1933709525 886567.466694626 301.351281381082 5.12069563731078 -88.259201910629 -255.012516616721
33400 1799.55838972729 874951.870203037 301.877762178146 5.11176504268466 -91.3966036980962 -256.252668301763
33500 1645.16217113942 1076667.8002066 290.079208078069 5.31967872530464 -57.1050717870799 -252.039239681245
33600 1375.16012935313 901509.698214404 298.802981598551 5.16436677977783 -90.247779854833 -258.377686744913
33700 1179.48148838603 887664.363250951 300.285589720819 5.13886861271231 -92.4746035267436 -258.843799924873
33800 1826.20982464583 1079378.03122033 290.52159841559 5.3115782106454 -55.8946101145046 -251.617510135073
33900 1664.77108203641 900479.496558664 300.154414990494 5.14111442243817 -87.5052604290341 -256.202589656183
34000 2069.99260810552 870743.580702454 301.698843673659 5.11479650725904 -92.0018242585673 -255.967736524907
34100 2348.33559858744 1054122.77276618 292.843206616526 5.26946897520769 -56.4260610305846 -249.096901568036
34200 2138.98195050351 886029.467352244 301.429625540507 5.11936472435007 -87.2117638449393 -253.907212543533
34300 2148.74415030805 910197.826930056 301.321384825922 5.12120370334025 -82.0875513106166 -253.268485293926
34400 2142.88231228213 1046879.10570575 294.320206574252 5.24302496871487 -56.5701370447676 -248.882079361724
34500 2474.55798251019 900463.097575165 300.612100633532 5.13328701211302 -84.456510456247 -253.407998201229
34600 2004.06846403605 907588.431153667 300.394631690757 5.13700322532629 -84.4286473433392 -254.593852302467
34700 1995.29396693472 1039824.3898983 293.739926654978 5.25338250553407 -61.1541475731498 -251.793530951189
34800 2043.85020602418 897770.043758316 299.466621572818 5.15292216461892 -88.742573069838 -256.546907956527
34900 1803.59843579347 915454.066795209 298.46935113519 5.17013953358034 -85.8395399475805 -256.379415741812
35000 1979.26542555693 1013976.05318707 293.850673615872 5.25140260145645 -66.9358268981716 -252.90631533024
35100 1830.50835970726 915823.262450599 299.342851792445 5.15505275180606 -84.2687525784547 -255.376709236054
35200 1880.15702861753 956152.385438592 298.06300357037 5.17718795483385 -75.1654708371003 -253.044532148261
35300 2313.27495680973 997609.693516539 296.521846409921 5.20409612495415 -65.7256670061025 -250.357677473089
35400 2077.61757677289 894737.683162057 301.751762637355 5.11389951256275 -84.9891058778144 -253.502795219915
35500 2455.64257778735 941192.092161364 298.503745716353 5.16954381313676 -76.4092211132345 -251.764036858427
35600 2345.06404765433 959608.123394268 296.96099743049 5.19640021827218 -73.2157507619572 -251.077668887434
35700 1736.36862415789 895965.956691172 300.980197839962 5.1270090289682 -86.0990708964952 -254.412618687753
35800 2039.60406177089 981386.054083906 296.911304811723 5.19726991481395 -70.887617163726 -252.755603519836
35900 1977.56365391958 962747.309611988 296.335545333636 5.20736785095678 -75.2757758806446 -253.343703485599
36000 1485.10206564597 919646.619788877 298.934827539751 5.16208902310294 -84.0207512821734 -255.608840162583
36100 1698.32743040451 990682.111339876 295.658240047966 5.21929708982835 -71.2246507318426 -254.040544914382
36200 1821.17900379056 959053.785277725 296.523253604855 5.20407142814669 -77.0364084350744 -254.53354985027
36300 1771.85524203592 894541.984008582 299.201735181031 5.15748409992495 -88.412949195313 -255.466025936639
36400 2405.13383283705 961978.051263874 296.322584491987 5.20759561581054 -73.8597057935048 -251.777570882074
36500 2079.47961306155 947930.908057762 298.856768361529 5.16343732258856 -74.7047174509495 -251.523917964846
36600 2190.28819070226 923852.079092787 300.926352792889 5.12792640971584 -78.6222317765987 -252.143336774406
36700 2251.05723722427 995071.401837611 296.792790202123 5.19934527659924 -65.7095324657462 -250.040046489465
36800 2024.78398909277 935434.642971395 298.808625771402 5.1642692304561 -77.6617640451735 -252.121906336141
36900 1905.46585955803 925520.319578183 300.44220557267 5.13618980038034 -80.5357457761872 -254.090510882523
37000 1994.27472368593 975270.192867394 296.156140887014 5.21052235231158 -72.4180988594511 -252.693029019606
37100 1950.41628968661 964321.216905825 297.126761074471 5.1935012056331 -74.7442325250502 -253.579485579018
37200 1704.08119875588 894963.850450086 300.137198988265 5.14140931903098 -87.8497479072786 -255.504150071985
37300 1891.41492849888 1010835.85979429 294.138966662789 5.24625556883531 -66.3886482538461 -251.96509084028
37400 1935.37107118707 944306.462993089 297.773591412535 5.18221976820058 -78.315496717835 -253.820209762572
37500 2053.76510741736 863850.836976214 302.075844765929 5.10841306448006 -92.9751283322281 -255.846367132288
37600 1868.30296408834 1031082.2188202 294.162147806485 5.24584214309337 -61.691515925379 -250.999847468892
37700 1918.2217923964 945334.37817272 298.356093089806 5.17210215446023 -77.1905945101523 -253.230045678668
37800 1709.56525994967 877065.514683405 302.329238287517 5.10413151108658 -89.5304954725976 -255.031954882646
37900 1913.63074604198 1037236.8092843 294.576554044847 5.2384623646293 -59.7731563274719 -250.479763875043
38000 2248.62769340715 947641.767845803 298.338739021798 5.17240301050334 -76.2052631471219 -252.664130234178
38100 2179.18295498617 890190.055640948 301.323354808513 5.12117022209168 -87.3233738646355 -254.742540219221
38200 1687.09183513582 1014237.49207194 293.969954477524 5.24927179925152 -65.4530950613756 -251.54704249712
38300 1766.10953059689 952672.218158337 297.411151463696 5.18853507769189 -78.3286109886813 -255.172636206842
38400 1676.7500462157 893394.469893275 300.799947097745 5.13008132732378 -89.8046997425887 -257.534665374537
38500 1753.65760036824 1003005.45224978 293.788206871565 5.252519181414 -69.6649234299628 -253.584219024966
38600 1776.96071666697 970757.129067253 296.188110649424 5.20995994229022 -74.7576210208493 -254.217699206922
38700 2145.82391967225 862233.377217449 301.955578219302 5.11044770547471 -93.612336378801 -256.113894713776
38800 2276.61530513449 1002566.82450863 295.611901322905 5.22011524218207 -66.0046318378004 -250.984679414496
38900 2278.66118599105 965115.924376028 297.186541270587 5.1924565132346 -72.4281899031577 -251.446833286379
39000 2071.07853168652 883804.774500644 301.847928632669 5.11227027084893 -87.4851195525993 -253.992767429523
39100 2155.82404446552 987220.033729328 296.881720416365 5.19778782507036 -68.1742452830161 -251.10514087602
39200 1876.64121889367 968782.553658056 297.901593280187 5.17999308051621 -72.3030874126952 -252.434219205468
39300 1893.42616018282 908585.543644172 300.283211668327 5.13890930929085 -84.4889360446159 -254.777905531364
39400 1754.95975031316 995679.227210582 295.707037875414 5.21843579697372 -69.5102303562534 -253.278594798325
39500 1533.92761408097 956862.352833209 296.404712024975 5.20615270021786 -78.8886232416756 -255.909388518826
39600 1633.80444557542 925235.917865507 298.501006468798 5.16959125237462 -85.2684059930125 -257.648822697375
39700 1765.36547323507 972368.551667457 295.757312701415 5.21754873200381 -76.2252031984874 -255.721725458385
39800 2012.93644021194 942420.087144513 296.368151582709 5.20679493942005 -81.3658522657151 -255.693274520027
39900 1900.7946558741 923142.475530275 298.335796408402 5.17245402812367 -84.2327023027854 -256.127899639501
40000 2079.25929717612 950651.816999275 296.905821783322 5.19736589399811 -78.0517465574572 -254.220888319291
