# step temp[K] press[bars] vol[A^3] density[gcc] enthalpy[eV] etotal[eV]
0 2231.9414744752 421769.115968675 336.422520659489 4.58687542332518 -178.194578936863 -266.756999575604
100 2116.40570475512 460574.590017548 333.281023877218 4.63011117138975 -170.013239797224 -265.820893281642
200 1665.63164031865 498760.540408905 332.681704965699 4.63845221673739 -161.757163293003 -265.321600140533
300 2224.27883016561 422537.530294433 337.935212058839 4.56634330132322 -176.825635794005 -265.948344748273
400 2081.4546297222 443385.833069474 338.00755000462 4.56536604535913 -170.966103722949 -264.506209412035
500 2311.64634300486 473026.719096775 335.457254886287 4.6000739867415 -163.1761695544 -262.216596546102
600 2247.50410845942 458375.883844177 338.019575501774 4.56520362637406 -165.371691814439 -262.077655032136
700 2030.05547432303 425794.956178388 341.47585652426 4.51899647481078 -172.652090283615 -263.402826775334
800 1837.62110258225 458409.839910232 337.450623820098 4.57290069402508 -167.487224968049 -264.037565359996
900 2151.23504227835 478486.065532196 332.317406196696 4.64353706153072 -165.49997407971 -264.745748935927
1000 1923.98067197527 468861.700898184 333.875386140499 4.62186868491334 -168.334371730994 -266.039825177523
1100 1809.12095877301 391571.519308245 339.575199478959 4.54429002540198 -184.454927176341 -267.447017485603
1200 2017.06152483508 432808.045106934 335.631797677239 4.59768175287751 -175.721774244434 -266.388528018698
1300 2353.12993038552 474223.363128069 330.64679087345 4.66699884728877 -166.950156824584 -264.817297664255
1400 1722.82244311355 477288.394504826 335.347111190558 4.6015848664617 -165.720682492711 -265.620590088393
1500 2187.21504935798 387829.256817946 342.517794364222 4.50524970456049 -184.042196365398 -266.953424707094
1600 2467.2960032999 427300.236143785 335.523252102221 4.59916915503664 -175.06612696289 -264.550128791035
1700 2172.51927832658 540768.301990161 328.596789841748 4.69611462914561 -150.62955071527 -261.537885772075
1800 2319.77608775239 429987.097105459 340.516838363668 4.53172359781537 -173.054428859961 -264.441268476896
1900 2060.14261836442 351448.915513572 345.829337857918 4.46210897382022 -190.658842501418 -266.518990083749
2000 2127.6922554901 533261.195504908 328.951759174683 4.69104708768763 -153.485109782013 -262.971928719211
2100 1797.50649391775 516042.03885591 329.765374681611 4.67947307492793 -158.455812288582 -264.669326401904
2200 1711.04253985811 355055.526228657 343.575062322039 4.49138590396214 -193.656216887834 -269.795284307557
2300 2092.97300783319 438149.918269007 334.597896040137 4.6118885089493 -176.573603656994 -268.076656412398
2400 1777.76457009313 569804.231611832 325.098831371305 4.7466433064586 -148.969883463237 -264.589286074267
2500 1996.31663623378 391797.97899077 338.824592557422 4.55435710914224 -185.313842394195 -268.170375738911
2600 2356.04133181743 363277.130908024 341.702960813593 4.51599303732089 -190.444521473038 -267.922172173282
2700 2128.23696138707 512057.972328331 329.28675817321 4.68627466353934 -157.581091197423 -262.82162474959
2800 2301.58277481903 495404.850117943 332.889993199647 4.63554995160412 -160.179515116789 -263.111568599557
2900 1629.01056700459 384979.696692428 345.19301525204 4.47033434537897 -183.656248424901 -266.601106442775
3000 1983.68748885652 445599.979404713 337.856179672509 4.56741147479352 -171.058943399751 -265.024063162664
3100 2092.95612698054 536831.503249508 328.307989327896 4.70024562918854 -152.456585843058 -262.460740466296
3200 2278.16733873024 414067.66416745 338.49753606892 4.55875753125698 -178.615041670123 -266.09659197778
3300 1802.91819292968 383010.133021276 342.469771411337 4.50588145489981 -186.039595619375 -267.909097951997
3400 2155.20132361099 518542.886778493 329.317207297539 4.6858413641043 -157.885421737874 -264.468619867354
3500 1883.54090322613 501898.398351515 330.623441942371 4.66732843503303 -161.806934693173 -265.378155447154
3600 1689.93219508762 369180.37845268 342.873681747279 4.50057345901371 -190.298063331271 -269.30448714845
3700 1797.20526259311 447028.18244496 334.931119439912 4.60730013516395 -174.233090615865 -267.683250175364
3800 1941.03090522798 548664.482846989 325.833342381469 4.73594316833144 -153.270873272498 -264.852326559346
3900 1595.14977189429 420227.363782267 338.194080393489 4.56284802522471 -179.865569011589 -268.568909030946
4000 1679.7722709946 382501.322058847 341.637970031872 4.51685212777186 -186.95307174364 -268.51523122026
4100 1909.87639900139 536320.827036242 328.153639600536 4.70245642786282 -153.122438863008 -262.970281086079
4200 2314.71969823421 481405.946601448 333.090707968538 4.63275664841384 -163.491210609171 -263.574970153603
4300 2352.23567908145 353722.049842132 345.247897125428 4.46962372461751 -190.19051549694 -266.412950337853
4400 2148.73807429776 446921.364379784 335.981708547601 4.59289345999469 -170.136310971164 -263.857198520535
4500 2438.8911365484 533156.489579566 328.663481885503 4.6951616985659 -152.709823324606 -262.079214434182
4600 2051.88073316284 399493.790210149 341.07512233519 4.52430591038421 -182.320433221448 -267.365616051227
4700 1628.95642640405 377651.973094867 340.891291215685 4.52674571521913 -188.731553297319 -269.083667273814
4800 1713.14399322792 556799.880472977 325.039322092243 4.74751233768631 -152.171408407676 -265.131407315398
4900 1863.36061242888 480999.735066247 331.208588466789 4.65908266150186 -167.821121507436 -267.255386898415
5000 1694.04028789568 345766.848327125 344.294012691257 4.48200704916093 -196.098451474073 -270.400786869802
5100 2028.24555467035 482495.110377474 332.334602869031 4.64329678144966 -166.366085740308 -266.448580330352
5200 2133.57721301515 524842.837999774 327.926205273975 4.7057178323912 -156.863277592532 -264.28572463909
5300 2174.59740997548 364030.704344597 342.023855647319 4.51175602633207 -190.383392467349 -268.094671514289
5400 2080.57165082363 397404.434731205 339.16070034918 4.54984374745484 -182.70347974123 -266.829021718226
5500 1775.67513917129 560096.168664594 328.376997761118 4.69925787246732 -148.431743446091 -263.227272105751
5600 2284.63446446939 427476.218715943 336.685437820922 4.58329353907753 -175.794609147871 -265.625547160261
5700 1891.40795866584 395866.3506545 341.803871068961 4.51465978732226 -182.48406190988 -266.937086329881
5800 1892.32496077784 478250.263775011 333.121761143099 4.63232478890276 -165.036518670828 -264.47348465796
5900 1922.13001436646 508748.821546138 331.011749115037 4.66185323026052 -158.472559587142 -263.580727932016
6000 2138.18671475454 414393.252885575 339.493919285864 4.54537800003057 -177.536202157821 -265.344249241112
6100 2438.2091365375 401635.374487153 338.673919241201 4.55638330617102 -179.662291187741 -264.561443299554
6200 2321.19124833215 479335.271862358 332.680461778843 4.6384695500752 -163.227690395128 -262.758222511943
6300 1781.09259218648 472970.918431902 336.65401854592 4.58372128908848 -165.215819986608 -264.597854578586
6400 2186.14795809779 389672.255083434 340.646851374251 4.52999399712862 -183.889894792124 -266.740084369911
6500 1977.42264363713 446827.585503634 333.817218274751 4.62267404851489 -172.979839594012 -266.07741132924
6600 1901.86824705135 489553.507060987 330.505890553479 4.66898846880439 -164.960793869063 -265.948617510697
6700 1738.94720643211 437618.213873249 336.060652208763 4.5918145481296 -176.29011144427 -268.081660235978
6800 2063.34052652119 407616.897911482 336.39257068622 4.58728380569831 -182.59774597399 -268.180886248227
6900 1957.0825249112 482143.319594952 330.566836125684 4.66812766202418 -166.422981731637 -265.90053100142
7000 2011.57329689529 477284.883562611 333.675614846237 4.62463579359019 -165.868860592631 -265.270098208817
7100 2195.28593524787 397982.619191506 341.245009482107 4.52205350697453 -180.390862650207 -265.156543996625
7200 2520.17481935576 415110.070162163 338.845758070867 4.55407262776885 -175.767766734293 -263.559771177591
7300 1797.07018331646 534415.481986845 333.00759887537 4.63391285087054 -151.047614111886 -262.124275427455
7400 2009.6281982202 424712.330909154 338.868552843955 4.55376628759268 -174.83652485763 -264.665362660561
7500 1878.23903483578 410363.899753812 339.402382244463 4.54660389140887 -178.890654556765 -265.821454729886
7600 1911.96316802183 506616.378979985 330.063043831463 4.67525286670407 -159.803553043215 -264.17117053168
7700 1829.9851023492 474138.177562304 333.332925417001 4.62939024081003 -167.398168677424 -266.042647471569
7800 1864.69427772157 373593.23704517 342.146209188089 4.51014259526053 -188.829091911356 -268.610258239356
7900 1973.70256384563 466857.273439705 333.011064396269 4.63386462748236 -169.089934316838 -266.125833638352
8000 1845.7564484324 540303.021502989 326.862486149018 4.72103180162009 -153.838865721981 -264.066914181245
8100 1904.29408148959 374501.97325694 341.897830455521 4.51341908139681 -188.287568452642 -268.204738725617
8200 1675.22428429761 385229.810453704 342.966291817323 4.49935818383006 -185.415919161246 -267.879267980054
8300 2127.872421725 554118.781696492 326.837015217676 4.72139971917926 -149.645758896255 -262.683572573922
8400 1902.09274934861 480385.883849517 333.193830760745 4.63132281994197 -164.823809413728 -264.726418697541
8500 1630.2325083105 356375.878973523 346.542948945676 4.45292047222702 -191.114373358227 -268.196734778827
8600 2120.42855353678 472491.903887899 333.856453614296 4.6221307845344 -166.33289471958 -264.789257918941
8700 2131.64336714333 559523.105246978 325.373944790059 4.7426298773302 -148.566703522424 -262.196032098516
8800 2038.66227071014 381125.521402286 341.006527176073 4.5252159970221 -186.244906197893 -267.363491117572
8900 1897.35100869524 379512.466878074 342.446170256493 4.5061919971548 -186.971843372989 -268.088119168441
9000 2024.59760462336 542560.953020343 325.985557016557 4.73373178244134 -153.541074441946 -263.932803746284
9100 1969.830790129 483649.219272498 330.12680306796 4.67434990896043 -166.740760920508 -266.396180011192
9200 1804.22894317747 356634.526911909 343.07978142873 4.49786981162189 -194.162595992187 -270.5300221421
9300 1640.41262312874 460885.980631872 333.27248547411 4.63022979431044 -172.779050742484 -268.649022799468
9400 1851.1808181392 539981.680170661 324.262874781997 4.75888025387911 -156.90710929995 -266.19345318388
9500 1916.36196217169 399936.632367953 336.675583535025 4.58342768924193 -185.206749968534 -269.247989544519
9600 1828.88619579882 388738.191055149 341.757220115171 4.51527605282513 -185.670257635364 -268.591261362237
9700 2076.35155105637 493600.794700655 331.870779416472 4.64978626494144 -162.086747633369 -264.329965192668
9800 2191.04744690434 495377.884800703 330.923340143008 4.66309868381982 -161.081106159918 -263.399486357872
9900 2220.81640208793 382958.919964668 341.280885160514 4.52157814563902 -184.654059015676 -266.228441854057
10000 1846.62961515094 407806.987779407 339.330173078316 4.54757140476858 -179.341445505593 -265.712214110508
10100 2028.33653592257 531762.600270929 329.373587169254 4.68503927448548 -154.046115415685 -263.36525420825
10200 1992.93766961547 436238.167805477 336.033159853957 4.59219022472895 -174.904387305561 -266.398982299668
10300 2086.72622630602 397020.283738897 340.383721125631 4.53349586391228 -183.761378924792 -268.108666218919
10400 1805.87260625986 489738.915178943 332.128419025489 4.64617931941468 -165.092445322764 -266.614475906561
10500 1833.67752297395 468168.960765459 331.436638909372 4.65587690287939 -171.171059664105 -268.019532224898
10600 1807.39725665386 416873.357345859 335.751495127599 4.59604265136532 -182.205105018476 -269.564926491163
10700 1795.82862590259 454208.459695706 333.76150961123 4.62344562638028 -173.801762495087 -268.421363510475
10800 1738.76097619416 489222.643303876 331.827589511076 4.65039147028072 -165.132512207783 -266.455662598369
10900 1879.44274382914 450611.706389621 337.518547227006 4.57198042757708 -171.657205371389 -266.584205301862
11000 2101.60307639744 426502.305558556 338.833034693046 4.55424363584874 -176.095224392507 -266.293196024213
11100 2135.91960828892 504088.899841698 333.932698995056 4.62107543379262 -158.62028202976 -263.684715853116
11200 1933.34269503307 431021.994860669 339.038933297239 4.55147784019613 -174.063504730844 -265.272705068765
11300 2292.66641692536 402141.161297661 339.814417176547 4.54109100104603 -180.494845958249 -265.787174455805
11400 2267.77112825105 483711.256891125 334.103970239816 4.61870653844214 -163.192136811191 -264.061080636679
11500 2245.29435041706 432716.946731368 337.508016444528 4.57212308057798 -174.382256590107 -265.536657102932
11600 1715.12998086117 412973.301723491 339.34312585641 4.54739782328486 -179.898093723753 -267.366391443818
11700 1768.30062058815 483030.720541137 332.226619220464 4.64480599262911 -166.599844864674 -266.76088409163
11800 1897.00099270133 462969.29325416 331.747895750428 4.65150860527841 -171.731578470536 -267.594355657775
11900 1825.6631273103 414927.320481002 336.369073091195 4.58760425768321 -182.048523230175 -269.160472625518
12000 1770.06034672895 461948.132218095 333.4332448092 4.6279974054451 -171.930691697128 -268.067955387507
12100 1869.16655536147 490501.64937002 331.333415162138 4.65732739666776 -165.030530752972 -266.467286708655
12200 1720.06160665433 450740.371186145 336.627380510656 4.58408400863064 -171.774187351835 -266.477580169538
12300 2115.70557241057 423912.717589931 338.681018846338 4.55628779292839 -176.28947804757 -265.899574747452
12400 2258.06664087712 478448.40792758 333.240892351955 4.63066876629395 -164.688087754806 -264.201826972775
12500 2330.6321942171 445549.403355414 334.846557444713 4.60846366061538 -171.795405863711 -264.912914381097
12600 2271.8099312941 407186.84209587 339.385098284283 4.54683543758168 -180.183399018118 -266.436783975876
12700 2133.04174437083 419968.201601447 335.868117911292 4.59444677709387 -177.831194716496 -265.870140147582
12800 2030.5615676155 509392.296174951 329.450050647568 4.68395190358278 -159.819916116281 -264.564504352545
12900 1882.92186768236 437011.00087302 336.355689487056 4.58778679861012 -175.584277317816 -267.328936231533
13000 1471.28450126044 403385.764955008 339.894360430939 4.54002293509562 -183.116822584175 -268.693253511933
13100 1718.27367042583 510404.584386084 329.541117191066 4.68265752395147 -161.169419942904 -266.151172551329
13200 1744.51194569497 502232.671500874 330.311281998066 4.67173928341677 -163.075015694088 -266.61736423357
13300 1984.60935879651 381546.538245787 341.551802046095 4.5179916563809 -187.359155393484 -268.697202545155
13400 1982.53735419766 435387.811133799 337.26071957461 4.57547559589057 -174.147115949221 -265.796947585748
13500 2009.27661469076 547617.12140582 328.931421856403 4.69133712783384 -149.887279121769 -262.314641760609
13600 1783.08731844493 436036.77777961 338.548119708928 4.55807639160084 -172.075283631056 -264.212093302915
13700 2212.40457308803 368316.287113646 344.783746815083 4.475640763582 -186.206307729233 -265.466906972863
13800 2120.50896515022 468376.23477324 333.598394118128 4.62570629557555 -165.601656770785 -263.124969441672
13900 2014.56900296576 519695.461076559 328.816475547375 4.69297710614197 -156.440237246583 -263.097918138271
14000 2028.92662590587 397373.181941712 339.584611960684 4.54416406843776 -183.33008962359 -267.554154695858
14100 1793.30508371882 395955.367066057 339.219389197458 4.54905657225823 -184.392870082276 -268.226166704466
14200 1864.14708310417 520643.808401165 327.977470650133 4.70498229286071 -158.729017149523 -265.308685113113
14300 1824.95047419931 479249.675913352 331.639385177506 4.65303055317202 -167.40217155625 -266.60351913963
14400 1746.92045251443 395526.20332885 341.027640738812 4.52493583371436 -184.23494512779 -268.423776989709
14500 2276.12139311259 421583.067574777 335.979908954828 4.59291806068557 -177.930136761756 -266.337026177916
14600 2003.82969169867 512814.074618454 328.204525744492 4.70172734018741 -158.524234006792 -263.573771404982
14700 2190.87730006783 444983.742764517 336.207708771824 4.58980609785305 -171.966233629255 -265.343564151559
14800 2077.30614985943 369041.043572304 342.853591530017 4.50083717944959 -187.534836109034 -266.506814047014
14900 2294.50481022699 494195.185507866 332.078684165204 4.64687516979691 -160.81319188128 -263.243658764443
15000 2222.37842356159 503452.744401964 330.837591839569 4.66430729133834 -158.86580797885 -262.825074366148
15100 2180.21715028312 379285.214779387 341.870906499236 4.51377453456856 -185.199299043607 -266.130819508666
15200 1965.7105485642 426190.590912554 338.142895601445 4.56353870490581 -176.013361463597 -265.961828744987
15300 1671.20230089614 523657.697954191 328.183517108505 4.70202832080663 -157.077992106113 -264.341970248066
15400 1858.00941068539 440018.943425559 333.636963746078 4.62517154736054 -175.280777867857 -266.910248325863
15500 1756.81230971152 377477.494721564 339.854385095605 4.54055695480292 -188.991579449142 -269.062271945272
15600 1744.01369629045 451137.881116848 332.667467222979 4.63865073656811 -173.706813183142 -267.37870031885
15700 2036.72735204333 512438.480651629 327.782031623022 4.70778762406614 -160.787603718323 -265.625070919849
15800 1953.91961999016 416982.845591096 336.519641620671 4.58555163209627 -179.487260919985 -267.069944700632
15900 2291.91379851802 391302.639624352 340.012395196074 4.53844687331546 -183.238116171965 -266.27999560611
16000 2149.60504441611 497457.410790667 332.799560272146 4.63680958774174 -159.676922448765 -263.007365483758
16100 2107.28097938148 489552.871920184 334.293775199478 4.61608413421792 -160.828063628403 -262.973162944206
16200 1978.11139562483 374893.127369433 343.045096903678 4.49832458121216 -185.326305197608 -265.59539490587
16300 2021.30455007821 461234.164594223 336.740241185527 4.5825476231572 -167.507393936164 -264.448089189442
16400 1964.51323579945 527431.451061214 329.765626786383 4.67946949748566 -154.751774235972 -263.309578601504
16500 2253.24080003297 419613.616884724 338.041301707192 4.56491021680765 -177.969070418651 -266.502845109376
16600 2074.76103226571 383327.297996525 339.946037302892 4.53933278384178 -185.626000408111 -266.959483918787
16700 1892.51337898804 528727.904197935 329.293685311046 4.68617608141652 -155.528457702991 -264.197359100636
16800 2038.25719743152 479854.920724428 333.053430875522 4.63327517092254 -165.883536234161 -265.633674667581
16900 1980.7855502704 380890.779074872 341.687834323735 4.51619295992865 -186.549898473286 -267.780490368732
17000 1837.38920481283 468859.726916198 335.24469652071 4.6029906151574 -167.517117177206 -265.62287322893
17100 1888.36015455935 516290.765363127 329.799788878457 4.67898477774593 -157.936350792596 -264.212148382098
17200 1917.45397006576 435563.624643268 337.800136973813 4.56816923074766 -174.849537362803 -266.683022665644
17300 2083.3372392332 412307.02137835 340.063212265172 4.53776867420411 -179.426119952503 -266.938606953409
17400 2084.52819965423 486606.052185062 332.606057272906 4.63950718311775 -163.714639101966 -264.732298805754
17500 2155.78442701454 473718.11180708 333.236423140913 4.63073087065752 -166.606575777317 -265.135126879932
17600 2130.94273573897 394492.748222589 340.775816728528 4.52827963756424 -183.549911597756 -267.456764849588
17700 1974.93460041516 431471.799623647 336.764309299067 4.58222011435223 -175.339911161502 -266.031731059174
17800 2200.53726380539 503950.535334878 330.832718090268 4.6643760048094 -159.990927678164 -264.051451214668
17900 1894.68679543827 421185.060969765 338.267006298555 4.56186433537107 -177.660720009476 -266.5853857201
18000 1793.9136575661 416684.556253102 339.298794581583 4.54799196610492 -178.540682017464 -266.783498996392
18100 1853.03594988215 487289.641295352 333.824954029121 4.62256692689159 -163.143024523719 -264.673312918466
18200 2020.70831814261 452249.073322173 336.272486287069 4.58892194512988 -170.519174829623 -265.439378881467
18300 2221.350416133 407874.052523716 338.207598705956 4.56266564610142 -179.94571354217 -266.044906657606
18400 2031.55414251002 466173.238598989 333.703107951402 4.62425477946357 -167.504475830065 -264.599557779059
18500 2344.15766928159 456703.422256445 334.03972769562 4.61959480841223 -169.383124131112 -264.601776263509
18600 2236.18671396933 406915.987100266 338.31017852267 4.56128218963036 -180.32115302879 -266.244158540117
18700 2097.87955584387 454744.867877544 335.409515362771 4.60072872469676 -171.011525980326 -266.210622801753
18800 2206.02208755893 467009.843556742 332.382090217675 4.64263339476424 -168.916320255945 -265.800594837191
18900 2039.226473893 423268.969750195 336.690669436136 4.58322232228898 -178.591228421877 -267.539426561555
19000 1632.42844315562 435147.751059963 336.182035654051 4.59015660626816 -176.76438294782 -268.070713281351
19100 1819.70719334652 501009.928194421 329.654262780767 4.6810503187467 -163.076991364472 -266.161800388182
19200 1680.26067875562 458288.726973539 332.427872450036 4.64199400758145 -171.352251484314 -266.440368477447
19300 1992.57714982169 427252.529420939 338.200157835519 4.56276603104546 -176.564008992642 -266.751870870398
19400 2366.24105402922 428448.714889641 337.299255500288 4.57495285477973 -174.673512880155 -264.872958791595
19500 2326.96930825552 485713.599973201 333.857244189356 4.6221198393134 -161.823151485589 -263.03484941796
19600 2083.47047129605 465685.610207644 336.708968613612 4.58297323715462 -165.698207907287 -263.565403881773
19700 2100.05323832877 419191.596744762 338.69138802877 4.55614830021908 -176.164146847612 -264.778967843601
19800 2175.20212841157 460909.492233243 335.014355032014 4.60615543390271 -168.521101528418 -264.897060274943
19900 2060.62844171366 460564.089533209 333.374546657738 4.62881226937337 -169.983598102238 -265.81595150086
20000 1685.0923999106 435638.141383925 335.958627240887 4.59320900474949 -176.141824275623 -267.490306763735
20100 1886.34908070262 435349.925832634 336.628521233348 4.58406847468648 -176.385604120842 -267.855677331932
20200 1819.68803556769 467097.894582198 332.67700454319 4.63851775383465 -169.605514481852 -266.594035033761
20300 1854.71769040666 488138.148685964 331.933833690574 4.64890298981878 -164.871748581144 -266.002658355412
20400 2019.85722008798 422562.554598919 338.015310921725 4.56526122339904 -178.033428388578 -267.182541034177
20500 1609.99472360311 431492.477730439 336.063832739597 4.59177109088627 -175.433883074289 -265.941399483621
20600 2203.28021006226 507888.424871765 329.492922625758 4.68334245108756 -158.816451094974 -263.265393816822
20700 1971.44349818455 456296.794331157 336.22009258253 4.58963704403638 -169.105264913221 -264.860102432766
20800 1973.48610961068 367590.308794151 344.723451696963 4.47642359192504 -187.288689328931 -266.37922651873
20900 2259.15771720533 484280.997003836 333.123429773547 4.63230158537668 -161.85018564379 -262.541555599641
21000 2241.81412963914 551045.967906538 328.597049380607 4.69611091996978 -148.031368107239 -261.047680059867
21100 2269.04686547264 350280.323572776 345.24225723531 4.46969674055385 -190.863935709049 -266.343490911225
21200 1922.96652225897 414274.197491822 340.696616421956 4.5293323076474 -178.683399499388 -266.777200248797
21300 1801.15310295493 575164.365717934 324.203271181435 4.75975515682732 -146.728444299357 -263.113979121987
21400 1707.73457313304 467339.762336787 333.724858854555 4.62395338831696 -169.836706101901 -267.1810974489
21500 1657.22500725164 339235.223865225 346.173556555552 4.45767206259293 -197.275603426911 -270.572311969536
21600 1949.65059806272 484719.243681446 330.19494770029 4.67338523079638 -166.244490092107 -266.141002939924
21700 2037.88043976783 578280.494025495 324.319693991352 4.75804652155126 -146.229036761503 -263.287146691037
21800 1912.64399322494 353540.382166985 344.618998665487 4.47778038309488 -191.861497825816 -267.906011329915
21900 2248.487349194 382098.415201795 342.794936847695 4.50160730510362 -184.190031187661 -265.942199009811
22000 2583.46805220674 560861.193898052 326.303425872665 4.72912041220279 -145.592685069955 -259.819132036296
22100 2620.17844623793 461048.892464589 336.498396747845 4.58584114153288 -166.366800070751 -263.198961281894
22200 1981.53229125401 340221.031479264 349.409533076076 4.41638835174579 -192.704066752994 -266.900930676432
22300 2487.13633568222 478809.791360334 333.716843714228 4.62406444544809 -163.749557965065 -263.480700140874
22400 2175.56052081146 539857.606257244 326.945151157551 4.71983813310173 -152.038942702045 -262.203975506688
22500 2338.33713576509 371930.060488162 341.489010960316 4.51882239936982 -188.295738310564 -267.56916948529
22600 1969.03352397202 375314.016435338 341.644911762064 4.51676035187323 -188.269022767603 -268.300232829739
22700 1994.4946884913 529163.09138964 327.548636394242 4.71114216457549 -156.334490347132 -264.516484662264
22800 2127.77125873855 473838.9290885 332.146989236639 4.6459195533057 -167.954944196799 -266.186427232443
22900 1842.99989248513 356001.108764342 343.890457238156 4.4872666844531 -192.970952756378 -269.382873709069
23000 1868.01649465791 443402.163471372 335.235167200299 4.60312145874635 -173.141209270674 -265.917503523086
23100 1920.81062758687 574218.384838427 328.192162106866 4.70190446340898 -143.715771422163 -261.339499670353
23200 2654.47899221198 377129.101572772 342.162707056055 4.50992513223633 -183.967274468403 -264.507411153566
23300 2267.44627853156 392761.412876397 343.505647585063 4.49229351166342 -180.485846046614 -264.693649292094
23400 1924.50199607547 522468.595852222 331.62981944809 4.65316476797608 -153.670846059311 -261.815089911202
23500 1829.8571820858 481775.017568638 333.585170338985 4.62588966499325 -163.707698565853 -264.016872555548
23600 2112.6578951977 379069.49018699 341.44016701401 4.5194688292277 -186.867214206408 -267.650792070246
23700 2129.02476296693 452391.007309561 334.071105088682 4.61916091622616 -171.815707853495 -266.144119076658
23800 1938.09416265086 517007.669770217 329.348337261235 4.68539845896392 -158.672460227797 -264.950149602299
23900 1719.14287864991 433162.629511644 338.459121896877 4.55927493759877 -176.255320433293 -267.760746472842
24000 2075.16528833832 400755.225130416 339.572206257188 4.54433008188359 -182.920686261288 -267.858479298841
24100 1982.34651608646 508015.838168244 331.103832249428 4.66055672440435 -159.899920658734 -264.885851273064
24200 2046.83700367158 462995.783601338 334.433761240427 4.61415195087542 -168.643750345546 -265.288172073273
24300 1977.54162657976 407989.28344855 341.479309019768 4.51895078590776 -179.216151999689 -266.172800408576
24400 2813.3042108277 448825.780483876 337.416162200326 4.57336774208805 -168.368573596619 -262.890664232348
24500 2461.89113038839 494385.205743012 335.657399431595 4.59733107173942 -156.882393591436 -260.45653319288
24600 2385.54648663878 426446.68196701 341.140887540315 4.52343371383109 -171.62004094686 -262.420523649514
24700 2426.98201181381 425936.101615704 341.250864041722 4.52197592583225 -172.975342970763 -263.696348242605
24800 2280.22696131952 476063.523437647 333.757783670023 4.62349724071684 -163.581229864257 -262.752517465025
24900 1883.3402483859 494879.530649577 333.901424592794 4.62150826025383 -160.748530789769 -263.883847208221
25000 2023.69920197214 402003.455570165 341.049924728206 4.52464017722887 -181.160239359018 -266.733363332989
25100 2275.44565961462 437484.413927122 335.7105636512 4.59660302339909 -173.981468204536 -265.649358220455
25200 2050.82648038672 522158.903659449 329.592942952658 4.68192121482338 -156.81662888387 -264.232940224132
25300 1574.14575986044 424149.796484612 338.757539589113 4.55525858918982 -177.749095334659 -267.429565291839
25400 1825.91348260528 386290.180735179 340.037599315089 4.5381104765306 -186.171226175179 -268.155443080235
25500 2019.73892705732 523969.601101926 327.908398157418 4.70597337712989 -157.238379837123 -264.476273153192
25600 2274.77238284685 472015.080021862 332.383430289945 4.64261467703133 -167.186655160456 -265.109693880753
25700 2193.1805813122 354821.420437865 344.470483350421 4.47971093737032 -191.113990370125 -267.401157359102
25800 2410.74622627309 437621.258226126 337.002106680608 4.57898678161265 -172.021601643305 -264.07093949742
25900 2225.9253102106 549720.403790065 329.020524473043 4.69006665872162 -147.703714807785 -260.593459207694
26000 2240.84231554385 408551.526624388 340.695093122674 4.52935255897708 -177.156953150417 -264.033461705315
26100 2158.06114725345 370425.592201955 345.500668799171 4.46635370411712 -186.278086089863 -266.158355115219
26200 2142.90830720932 510308.439576186 330.768501559387 4.66528156275807 -158.574141894848 -263.927052695702
26300 2102.39857267712 522235.069743933 328.695552634045 4.69470359273212 -157.736968391341 -264.876440761808
26400 1773.85275140531 368022.83165968 342.513620683253 4.50530460303405 -190.514222602035 -269.190219014329
26500 2076.8658576327 420081.215919833 337.459020921292 4.5727869050685 -179.346021447484 -267.825783715706
26600 2003.64605220629 542251.104858818 326.102998316868 4.73202699708603 -153.938689796497 -264.307123695693
26700 1857.14052214765 456472.880877045 334.984269994399 4.60656911410176 -170.9578261417 -266.397520066081
26800 2008.80070535453 374714.46345099 344.284033627288 4.48213696002141 -187.325076164676 -267.845672325831
26900 2255.79628312331 478819.677056089 333.352206456724 4.62912247759923 -164.520814140216 -264.145041459456
27000 2439.38839355202 507074.384572767 329.565882507251 4.68230564440228 -157.9853528366 -262.289976608416
27100 1908.08685027799 372202.400650392 342.498652684503 4.50550149546893 -185.709036156136 -265.275064461193
27200 2048.13257915064 430470.374572068 341.223773154395 4.52233494050221 -172.701673804556 -264.381164449105
27300 2322.78138231579 519776.971423459 330.393740873209 4.67057332196346 -154.22811108835 -261.414215745574
27400 2334.8126304917 423649.448951562 337.767354349964 4.56861260270663 -175.731968735587 -265.044821310936
27500 1994.98211434486 376579.041086569 343.010779453872 4.49877462837473 -187.028990891901 -267.650988786076
27600 1544.26520385518 494364.656412053 331.477351942924 4.65530505424041 -163.219008019029 -265.499054694062
27700 2078.8890716331 506563.39187139 328.759487889704 4.69379059376022 -161.561235660657 -265.505789394475
27800 1534.98527815916 406277.178472766 339.495422982213 4.5453578675992 -182.960110611391 -269.048779714721
27900 1689.51010497521 423420.100330337 336.814410873635 4.58153850324732 -179.023461066519 -268.036120810821
28000 2044.738740171 533116.215860343 327.614170074845 4.71019978016698 -155.520226246335 -264.532202525183
28100 1604.74416336197 446155.321122383 337.687520578772 4.56969268281313 -172.563024318721 -266.598284593006
28200 2184.0622507302 370468.200106914 344.710069978493 4.47659736764405 -186.735871480736 -266.442520020183
28300 2405.80227978335 515492.345570982 331.49402755223 4.65507087189673 -154.593507994368 -261.250067871305
28400 2677.75171812446 482020.230243969 333.430326617795 4.62803790980591 -161.597003703287 -261.910647553781
28500 2230.95200702756 351313.040188755 346.944878193801 4.4477618459153 -190.848154793917 -266.923580900954
28600 2077.77042252915 450186.356172197 337.288471960184 4.57509912182318 -170.437290907482 -265.210037961657
28700 2214.26187138693 550867.03556834 327.399033921251 4.7132948847897 -149.914714767146 -262.482422047922
28800 1769.04830267016 432276.639923835 338.058703490215 4.56467523520152 -175.582621311893 -266.792847177619
28900 1958.58570755438 370250.439694171 341.388992563643 4.52014630078749 -189.793424773882 -268.685746939036
29000 1990.65279096793 495755.05918628 329.783695719292 4.67921310815685 -163.473420320099 -265.517068813251
29100 1963.64548936494 493726.344372561 330.541468055039 4.66848592688277 -163.916215984036 -265.775799298579
29200 1778.96707831611 390349.509103042 340.296696928915 4.53465521644033 -185.509367393137 -268.418240788539
29300 1882.03072423146 444029.388536635 336.195571390933 4.58997179969319 -172.77369149726 -265.94739239316
29400 2309.18548344105 510632.557260956 330.893895375921 4.66351363210556 -155.756832959597 -261.216622176232
29500 2411.71034370964 421928.867486693 339.485714601251 4.54548785264389 -173.480121867368 -262.88277075756
29600 2484.66377944123 399186.877042477 341.504492257281 4.51861754926364 -178.732545522193 -263.819370700418
29700 2014.96971772737 517694.486427357 332.587459512156 4.63976661696626 -155.311009818625 -262.776506937279
29800 2143.92352348077 461819.348560033 334.021610258838 4.61984537668185 -168.622600219411 -264.902655790511
29900 2078.74691793193 403060.650589636 338.954462779325 4.55261210964132 -182.146363106356 -267.417371817379
30000 1671.98248518945 464552.136489933 333.893776247414 4.62161412293791 -169.812132037896 -266.624853430594
30100 1788.64124212121 494660.404047818 330.690243928148 4.66638559860692 -163.829961979823 -265.928182541771
30200 1889.39687129987 424435.890181452 337.271912231727 4.57532375481624 -178.587116302601 -267.934516106102
30300 1939.10377940126 417172.763782377 337.795718137186 4.56822898873875 -179.688299838891 -267.643137105037
30400 2024.49523175213 508681.095227632 330.370128806872 4.67090713509453 -159.699841869184 -264.590307402771
30500 1965.50135061367 453360.618325349 335.718344550186 4.59649648854813 -169.407071603209 -264.40376907595
30600 2268.1716218155 410925.270394982 342.898496011655 4.50024776957222 -176.749152869373 -264.695554025314
30700 2535.90112360618 431132.183835711 338.024279667975 4.56514009402478 -171.847466465672 -262.806949320867
30800 2246.95569473607 517901.934420122 332.063130192989 4.64709283132181 -154.324250871585 -261.663322114079
30900 1913.2966353936 408757.379490916 340.647320186934 4.52998776276682 -178.574391707967 -265.482485747678
31000 2261.51443463974 396662.761291515 340.431551844547 4.53285890659973 -182.350998477323 -266.634171639215
31100 1971.14551035429 534431.909753467 329.234879102152 4.68701310163233 -153.87447641203 -263.696100431615
31200 1840.1238271722 476594.323176252 334.10501169956 4.61869214118153 -166.160699873154 -265.54584996164
31300 2017.14443149449 342103.648730704 344.037600167191 4.48534750595926 -194.954210818736 -268.414605673954
31400 2059.01790880346 485332.991330676 332.341313232993 4.64320302779898 -164.738941706826 -265.412122030051
31500 1837.38960274167 533310.719885043 328.247913697544 4.70110586380756 -154.632298812631 -263.894999367033
31600 1793.08639417769 363484.652500603 343.370472348025 4.49406200047998 -190.280529753692 -268.180746627669
31700 1776.91984377201 412506.554488383 339.622843084423 4.54365253482827 -179.925373167217 -267.366830975582
31800 2071.97304641083 562666.180986592 325.566715914141 4.73982172143505 -148.517477931173 -262.852809088356
31900 1949.9700153209 466189.058980152 335.209915768829 4.6034682128267 -168.171514666889 -265.708331111948
32000 1530.97460297877 373512.851748404 345.708756852867 4.46366532891405 -187.322021561699 -267.916552592775
32100 2328.21153043261 469219.207446787 333.263155600274 4.63035941998039 -166.666905882987 -264.267559582487
32200 1664.97716145192 553488.727856535 329.285144208674 4.68629763293607 -148.845540963633 -262.600558322903
32300 1788.82953948363 397205.586977837 343.538667180596 4.49186172994875 -180.955230490298 -266.124048000137
32400 2243.48767127421 406310.919844135 341.444543554398 4.51941089994392 -179.407849134119 -265.997963623595
32500 2099.83371519446 533967.748020663 328.846609540953 4.6925470632652 -153.733807338523 -263.330648598404
32600 1932.75843070347 468398.531468081 333.902748479119 4.62148993650055 -168.607739028283 -266.224672643759
32700 1742.95160071226 358660.552602741 343.779771559049 4.48871143542855 -192.936239621225 -269.894204515238
32800 1998.96783443643 478649.557796062 332.65546246779 4.63881813459033 -168.247470525267 -267.628150499447
32900 1906.15982098652 523443.077766537 326.395240851956 4.72779011065924 -159.06840269641 -265.70417562149
33000 2030.71676692563 399512.202442248 338.848812197663 4.55403158080412 -183.999028623062 -268.492987469686
33100 1668.72593975789 401329.237095538 342.045048487237 4.51147648150709 -181.969616879554 -267.648490812413
33200 2074.3317029529 513365.858917423 331.325129991619 4.65744385856019 -157.086975753733 -263.249442834654
33300 2487.60261445716 469925.138287845 333.567024357562 4.62614131249373 -165.564022693129 -263.400640599765
33400 2168.51461279121 384336.491600347 343.685941411519 4.48993690439733 -183.517050887013 -265.961805840332
33500 1856.36367405597 454383.604804176 337.402990626644 4.57354627770233 -169.226128961166 -264.91495422645
33600 2346.2428754283 505206.593920876 330.427146577603 4.67010113378716 -159.582135372125 -263.774134981073
33700 1857.15402950863 430758.130557597 336.452836959884 4.5864621199497 -176.044580874616 -266.502651548876
33800 1849.3231365232 409974.581833994 338.899878999098 4.55334536094723 -181.33832237115 -268.058066529328
33900 1413.56246172579 484710.764617701 332.954569557937 4.63465088920368 -166.264142862326 -266.993784068139
34000 1980.96481075884 483701.205925086 331.15293823705 4.65986562004018 -166.60805309292 -266.583976825978
34100 2193.04818605219 408243.205854621 337.375021050708 4.57392544077585 -181.965318423332 -267.930291801116
34200 1606.64632832452 439555.656821935 337.36927277114 4.57400337378362 -173.814560985241 -266.371512285211
34300 2019.42903833154 509626.261698477 332.231639331544 4.64473580833819 -156.874962515742 -262.552438355945
34400 2243.52208841536 449559.99441918 337.688405113052 4.56968071305116 -168.551836189355 -263.30494080551
34500 2664.3305400337 369349.817777593 342.865742259728 4.50067767545341 -185.800396140938 -264.841250519846
34600 1790.75149006212 485868.081329559 334.409751553006 4.61448323411563 -162.158669615736 -263.570108595745
34700 2247.58766794897 493202.193122195 330.827639595333 4.66444760707923 -161.95209694296 -263.791636715175
34800 2090.66546388076 399921.915638439 339.337261994677 4.54747640384488 -182.511843033531 -267.214376034367
34900 1949.56323850328 412634.960203483 337.534084610681 4.57176996997502 -180.359687141726 -267.290411422507
35000 1773.23142755583 529960.154091273 327.230109162147 4.71572801114545 -156.328647273285 -264.568232034936
35100 1922.22501847297 459654.887934398 333.401672472312 4.62843566567374 -170.847899736201 -266.49885229817
35200 1948.41838919582 346536.501974781 344.01825930997 4.48559967416067 -194.363155069474 -268.771239445153
35300 2221.7065319868 484316.535367987 332.505827469983 4.64090570564639 -164.614070151445 -265.126136300167
35400 2088.21209211521 541769.628968562 328.064093007353 4.70373998483136 -152.439867056517 -263.373438948566
35500 2167.37080452448 371377.879698977 343.102145395552 4.4975766330085 -187.023920538313 -266.553577400195
35600 2210.76732933117 413555.856997253 341.931811684407 4.5129705372087 -174.974427743226 -263.234306361947
35700 2656.60953589812 529177.117437537 331.552037721094 4.65425639508275 -148.716709667027 -258.223840499236
35800 2331.48826847966 463467.501414313 339.804619098762 4.54122194088722 -163.175406734667 -261.471941344147
35900 2378.35662103743 359319.198640915 347.16756385607 4.44490889277281 -186.696047952795 -264.555117062149
36000 2314.95775677613 462525.248031654 336.462217824037 4.58633424533017 -165.74839356719 -262.880183199819
36100 2018.53950345649 507748.996855906 331.874656211759 4.6497319484423 -158.03193198657 -263.207000884047
36200 2039.63163375589 404865.849701498 339.873936094243 4.54029576259778 -180.952428967439 -266.837691875857
36300 2009.24930129025 426766.692926024 337.75794453165 4.56873988265735 -176.487088671078 -266.454605356826
36400 1870.70498281572 503737.52141248 331.663543555523 4.6526916263493 -160.963124623612 -265.240881396065
36500 1876.99085736763 449374.065784721 334.97183461387 4.60674012680774 -172.966801023487 -266.918781497425
36600 1945.79053904103 426372.615295359 337.288115998528 4.57510395021701 -177.608173058946 -267.367582291535
36700 1658.3685803705 473799.709955923 334.418896355032 4.61435704945296 -167.216342311951 -266.111548986617
36800 2096.06886634404 466463.289663695 335.342258726527 4.60165145223926 -167.860756646751 -265.493478864828
36900 1943.66740322048 430568.529770605 338.759439665953 4.55523303907865 -173.661818483407 -264.699949352811
37000 2211.99572992782 454834.984990109 337.01537516795 4.57880650429408 -167.199065122337 -262.872908238841
37100 2491.00391842855 454805.050324448 337.168791957545 4.57672307957976 -167.060959116265 -262.772055486786
37200 2110.51425674064 421964.563334549 338.165718819578 4.56323070609481 -175.414789367959 -264.477355119246
37300 1923.39577571283 448579.58893412 336.435996139711 4.58669170235074 -171.017605308583 -265.21342009615
37400 1969.6203001478 456256.8617836 333.883161729472 4.6217610492033 -170.380608946006 -265.461571357497
37500 2000.53170825058 468256.031446374 333.990346579157 4.62027782440829 -168.513503745679 -266.126341176858
37600 1625.59281676486 442177.234219132 337.821464576979 4.56788082959273 -174.135205740681 -267.368979214768
37700 1959.93174568654 437262.77678896 335.969843035951 4.59305566809755 -175.160322821329 -266.852534311918
37800 1755.63349852096 494211.439830715 331.255528783632 4.65842244967949 -162.933931160015 -265.113854428171
37900 2071.36036654961 439933.1490145 336.3945209248 4.58725721103846 -173.677749534087 -266.046537181185
38000 2033.48507878273 435280.170647349 340.567265560357 4.53105259346377 -174.210397101918 -266.735894430092
38100 2037.12337176588 471787.70101492 335.711907001175 4.59658463010882 -165.512361552381 -264.368354514092
38200 2256.98395144473 480256.125564012 333.810761294009 4.62276346599559 -161.86601448644 -261.926565175228
38300 2648.73453535724 405553.801639898 342.268821660837 4.50852690694464 -176.282688820286 -262.920098498533
38400 2403.64979151993 408492.581128415 343.800915682425 4.48843537488288 -175.313283573174 -262.969121392182
38500 2569.26386989579 495420.63394596 333.429313292957 4.62805197487331 -157.988871934514 -261.09097196392
38600 2055.71017833391 488993.152328892 334.005140058283 4.62007318688823 -162.136392931547 -264.076613831774
38700 1923.06410897302 372817.093538845 342.463199281319 4.50596792620192 -188.264191615469 -267.953373550216
38800 1926.98346780607 464632.656370059 333.794562037677 4.62298781156278 -169.507085396573 -266.307814930084
38900 1903.97964203906 519286.023746371 328.224890228553 4.70143562479857 -158.138672193829 -264.520583388616
39000 1570.20196385085 428858.260612434 338.45498503805 4.55933066458643 -176.986859049031 -267.581881619282
39100 1856.19173830617 386173.010751931 340.632629640592 4.53018312865184 -186.0517363549 -268.154506023944
39200 1938.34759043079 533626.001253018 328.003136939747 4.70461412736302 -154.498772207396 -263.744540300738
39300 1899.17791426112 490249.902446913 332.402030911206 4.64235488464368 -162.407139186747 -264.118819034364
39400 2141.13811810291 358711.934232088 344.636942718932 4.4775472405598 -189.538996475056 -266.699898741779
39500 2128.31281420274 458551.575519595 336.776082752394 4.58205992318245 -167.49956107185 -263.886696536281
39600 2503.40524345044 528849.073001212 329.446658938381 4.68400012566144 -151.908733638965 -260.653032524206
39700 2264.53236064635 399378.99016281 341.933802521033 4.51294426140042 -179.2850813883 -264.519870909542
39800 1964.60171170548 398033.361263182 343.983898713429 4.4860477412976 -181.014680038787 -266.471599064449
39900 2083.92532236654 522252.838047034 328.307039031046 4.70025923422311 -157.078326913949 -264.094802866993
40000 1770.06949496306 521079.860067584 329.601830950223 4.68179496278092 -158.577757694425 -265.774983436758
