# step temp[K] press[bars] vol[A^3] density[gcc] enthalpy[eV] etotal[eV]
0 1914.73520212343 656664.494179533 319.314233847099 4.83263202292771 -129.202236284583 -260.075657442321
100 2180.42330159103 621601.475440418 320.376392630644 4.81661017278874 -136.510180846337 -260.807621456337
200 1922.54958385582 681916.050305098 317.131045113473 4.86590075504583 -125.147531764539 -260.124389628143
300 1838.32917794062 655922.314421157 318.129603382107 4.85062746585284 -131.061169829915 -261.301693103272
400 1851.47754396807 606384.306467916 320.196600961351 4.81931471862307 -142.731577093191 -263.918096685342
500 1705.87169879897 678284.457247655 314.541961409952 4.90595335817505 -129.924387144122 -263.086322534238
600 1719.0109154052 679367.965768126 314.1404745337 4.91222340628564 -129.729989936068 -262.934399780673
700 1495.29646671917 614748.110383192 319.506251618322 4.82972769405939 -142.170695732549 -264.763846011548
800 2075.06402361624 649596.328275552 317.19179224925 4.86496885976647 -134.699699125319 -263.303896980084
900 1489.59334753241 717185.055743465 313.436525053501 4.92325580626802 -120.739912608956 -261.044049944969
1000 1987.88473112854 619601.903850713 319.446313236201 4.83063390600197 -139.286610708015 -262.824525450393
1100 1945.86563587411 590793.810372937 321.248903450718 4.80352827757698 -144.68695697274 -263.145730864242
1200 1986.29544562427 714524.56169293 313.010933230093 4.92994981338806 -119.749361176719 -259.343219825455
1300 1938.89084768477 661185.846438322 317.074222385251 4.86677277092299 -129.816344645532 -260.666465160697
1400 2314.51813605967 546269.48373691 324.520044808487 4.75510901884901 -152.675220367893 -263.321829739464
1500 2119.34556713727 698223.126595589 314.239262826388 4.91067913661276 -122.355714531766 -259.300127703307
1600 2271.91097820494 719566.750712064 313.242021781774 4.92631283340768 -118.100169940381 -258.782887356339
1700 1779.21573316364 538031.693455299 327.291999677602 4.71483627276613 -155.008662449204 -264.917570013952
1800 1958.99636831312 637838.606853112 318.418974838032 4.84621933303772 -135.731979559488 -262.496986602274
1900 1902.97436646663 800307.659013399 305.958467520296 5.04358713904119 -105.04462535581 -257.874794127163
2000 1561.12815381701 579797.398612702 322.217632445991 4.78908674287021 -148.793037654232 -265.397509807786
2100 1842.84900461415 528792.851735539 325.35433479724 4.74291572856343 -159.479210213951 -266.861291103261
2200 2059.94783456799 795475.262470323 307.011239839285 5.0262921731267 -106.062220880594 -258.492272496314
2300 1823.01072939082 671757.15969214 317.48782778675 4.86043261130189 -128.677236487549 -261.792858537213
2400 2024.84190688415 514812.786648923 330.022082069364 4.67583315089136 -158.706060676182 -264.749051398995
2500 2345.81811096036 697726.466807179 314.621076801133 4.90471969505561 -121.131441387682 -258.144718201769
2600 1932.90493814245 750742.173581898 311.867595367328 4.94802350352743 -111.044366875311 -257.178176986636
2700 2165.2680654865 552283.0769297 326.437121520318 4.72718355277518 -150.659690443632 -263.185181796998
2800 1791.35952682144 646301.36384828 320.021609690305 4.82194997193925 -132.129220717528 -261.222615111819
2900 2074.73258901925 738479.816486999 311.014961276494 4.96158829637225 -115.038861034359 -258.392774618896
3000 1739.90861001306 606406.114767888 320.077273759011 4.82111139520626 -141.96053502856 -263.106249003081
3100 2036.35797795254 604819.980550123 320.545594526701 4.81406769649919 -143.008239906919 -264.013872087311
3200 1590.43076159259 703723.625461341 312.909038861853 4.93155518127235 -124.864050520107 -262.303017617356
3300 1753.17748526984 637469.573296926 316.151132578875 4.88098264674454 -139.005863089262 -264.795205014072
3400 1418.80540614175 612612.548583431 318.914342791173 4.83869172631276 -144.67909991294 -266.620052309327
3500 1393.52862300823 677173.178145114 313.545142917893 4.92155029896354 -132.421556377545 -264.944010003393
3600 1671.594794528 679179.166760953 314.1226464662 4.91250220009898 -130.811304838707 -263.971139156374
3700 1379.84267045699 624968.981202295 320.021986375068 4.82194429621959 -139.416902630147 -264.249475562755
3800 1663.65443746761 647819.952085901 317.759844573714 4.85627186133691 -133.753763924009 -262.235967530519
3900 2125.10412543028 706164.771357447 314.45980596227 4.90723508253792 -121.497023184778 -260.096258024668
4000 1855.98042307836 636616.698905417 320.014753589131 4.82205327897898 -134.460210257057 -261.616448056665
4100 1897.55141387991 605858.939147143 321.570524776608 4.79872399044693 -140.194775002533 -261.795845173107
4200 1828.88565467798 709995.918361205 314.296738478925 4.90978111746964 -119.146710748244 -258.425623823224
4300 2149.08414821849 675504.043063634 316.761261161053 4.87158115929314 -125.903822699261 -259.455595927882
4400 2166.70977286053 551949.129732552 323.772235268416 4.7660917885279 -151.13902073636 -262.678419477987
4500 2053.28852957415 695881.60803866 314.876446708565 4.90074188779946 -123.510843723312 -260.272759822478
4600 1947.93389644074 702850.205875443 313.385850599124 4.92405189614019 -123.607051325846 -261.084607395383
4700 1515.39578781888 576684.67898871 322.158915704903 4.78995960266896 -149.620848244123 -265.578179341311
4800 1544.33569586452 641775.211702912 316.66132097006 4.8731186592 -136.909780314101 -263.753100200321
4900 1723.41286998485 736134.942243791 310.761708293207 4.96563170649765 -118.267932164754 -261.050298643105
5000 1888.46533661113 586708.377347809 321.814518627771 4.7950856861464 -146.704386630574 -264.551124509369
5100 2151.32395201202 605319.823221009 321.019030786116 4.80696794855833 -141.277329144762 -262.561833670969
5200 1970.58927028306 780940.522100294 311.165388787364 4.95918970255596 -105.305813864554 -256.975533885504
5300 2463.66709391015 589893.35419122 322.327095757526 4.78746035371148 -143.023803907509 -261.699000843128
5400 1981.81318010687 554246.046030477 325.696407936049 4.7379343286129 -150.176486501203 -262.84568761911
5500 2448.53457228164 765481.592508046 310.292267365887 4.973144206802 -108.286427913078 -256.536648139234
5600 1966.13910238855 661665.699582334 317.704200298039 4.85712241266722 -129.681049534584 -260.886301858811
5700 2129.96692709976 503030.960063293 328.598387593169 4.69609179512055 -162.377431066453 -265.546565294949
5800 1743.79268566626 738861.969560277 312.45825360599 4.93866996329054 -115.293847139328 -259.387535109839
5900 1576.72338615121 722524.968982026 312.786897356605 4.93348092553512 -119.326446515907 -260.382281070068
6000 1508.32334362818 562935.709693975 325.982262598161 4.73377962213956 -151.32517960677 -265.861284925593
6100 1822.85530793769 646410.153468444 317.515662798872 4.86000652145341 -134.643021220299 -262.747102336489
6200 1695.27838274832 765648.490722632 310.042507573581 4.97715040412611 -111.329574056483 -259.492762059536
6300 2226.04635462795 578841.835351357 322.029551595041 4.79188380141782 -147.736943089064 -264.081288847879
6400 1990.86699754114 609859.952954715 321.879814610357 4.79411296335595 -140.065513754329 -262.587351139501
6500 2490.07284080483 725384.48926989 313.016959332032 4.92985490357808 -115.759662320816 -257.477910702239
6600 2250.84192459826 645693.091739961 320.088910257594 4.82093612872835 -130.978430571112 -259.977450401887
6700 1815.99487992437 597746.408201023 324.913645941133 4.7493486689251 -140.419668252808 -261.639749084608
6800 2041.67170709352 691679.907978142 316.522241245409 4.87525990525793 -122.098071475761 -258.744735995968
6900 2028.5045080067 666505.780726095 316.630846569071 4.87358767658633 -128.597356448908 -260.315859119795
7000 2026.4349328687 592776.060775541 320.688751297174 4.81191867698578 -145.284023284706 -263.93300779357
7100 1833.90006601136 667383.277183242 315.299420829551 4.89416754336611 -131.270199666775 -262.607515354031
7200 1607.28220795381 687278.076670471 314.087360637159 4.9130540902242 -127.48665151719 -262.219221321585
7300 1512.16989472353 611355.029899323 319.496472404569 4.82987552335821 -142.290789621994 -264.203559806568
7400 1726.76939095882 637547.089878645 317.628499808488 4.85828001201573 -136.236701785411 -262.629222032351
7500 2074.67588321359 679505.396690703 314.628970633862 4.90459663888319 -127.155301480775 -260.593835562975
7600 2158.13956421998 634828.339185744 318.557968164602 4.84410482888555 -135.232815221284 -261.454630273695
7700 1894.26216758946 619284.670246552 320.290881336278 4.817896111897 -137.506365127065 -261.307477446035
7800 1818.51242311756 680424.436097086 315.879028330026 4.88518721874084 -125.144873612095 -259.294768911616
7900 2164.62110807584 662254.08229502 317.345309035273 4.86261541586109 -128.937616332037 -260.111195775865
8000 2060.67436712249 615982.712016828 320.56408143618 4.81379006953196 -138.311102899183 -261.557157412054
8100 2320.74605268514 649349.032395521 317.229463674507 4.8643911381745 -131.87949886599 -260.450006100612
8200 1991.11087542583 675599.853907438 315.592960871369 4.88961536913073 -127.216280468886 -260.294351617047
8300 1749.6281018953 630727.722958011 319.244435533027 4.83368861007595 -136.665761634826 -262.342499429171
8400 1973.99247248871 631416.194421171 318.430769361206 4.84603983139487 -135.953382843442 -261.44663815998
8500 2354.64603696588 668921.868331571 315.99732976937 4.88335832771869 -128.579392170387 -260.510876758455
8600 2250.72977704555 628111.246604495 318.817550867295 4.84016073666043 -136.970179790819 -261.958212828782
8700 1980.29504523731 630352.96584394 318.798490877468 4.84045011511435 -136.362492277476 -261.789106780425
8800 2134.82719975531 672062.680749308 315.97987382669 4.8836281032016 -127.991362091363 -260.534987008339
8900 2024.91300713114 644789.93799247 317.904423622453 4.85406328821255 -133.765153766551 -261.704599636
9000 1926.91641227705 635371.91595463 318.980346956682 4.83769049281171 -135.361374557877 -261.858769943304
9100 1844.31204419584 659674.204383935 317.348598096667 4.86256501878755 -130.152551855152 -260.816485548959
9200 2327.79805651139 642441.338905541 318.136339994592 4.85052475266533 -133.318610305003 -260.885040233687
9300 2153.84453679987 621474.148027207 319.468620086237 4.83029660769051 -137.287365454054 -261.207226024673
9400 1648.52981134364 678436.039674727 317.920773741995 4.85381365207179 -125.792889560339 -260.415330139042
9500 2007.72194236937 647561.207476234 318.680486804874 4.84224248349089 -131.997699357469 -260.800687564123
9600 1998.44904559677 652842.607077329 318.237112395736 4.84898879407629 -131.423503881215 -261.096324650458
9700 2095.23376985479 641208.56494222 317.762707524808 4.85622810771665 -134.437137264241 -261.609249502897
9800 1757.4092590265 639730.444026198 317.443522899698 4.86111097108035 -135.754234668408 -262.505741670205
9900 1621.93837426521 654540.584871265 316.283759250714 4.87893591350324 -133.719017790789 -262.931096962619
10000 1641.23662828066 658030.261336355 315.69038537314 4.88810639589854 -133.59370437357 -263.250971714879
10100 1937.73649921736 635757.118240413 317.413239197078 4.86157475904151 -137.986369437756 -263.93861392723
10200 1670.38170976176 666469.947340763 316.799300333832 4.87099621192352 -131.059570607515 -262.841064725722
10300 2191.32342760132 649198.299777519 316.547116356021 4.874876794425 -132.610289398885 -260.874466122115
10400 2530.65158321343 616123.570928332 319.89184532317 4.82390599956425 -137.466534579322 -260.482261031036
10500 2490.74729742489 635637.890945849 320.843925276774 4.80959142528552 -132.880256375279 -260.16995010485
10600 2438.0594281088 664624.104862283 317.77896966734 4.85597959324216 -127.340873639715 -259.163780328968
10700 2388.32308312063 664159.927265881 316.943602472752 4.86877848243926 -127.925425580052 -259.309976511669
10800 1753.77745195953 621282.096192672 320.817892921614 4.80998169339374 -137.250438350955 -261.655217106889
10900 2078.90967877877 630900.287106925 318.974449422113 4.83777993711349 -136.563287092346 -262.168095127031
11000 1779.27438766366 715981.252283218 313.022435543974 4.92976865758665 -120.880992615011 -260.764579344387
11100 1870.13051268653 648572.809469581 317.421451490521 4.86144898090545 -134.252933596816 -262.747467488131
11200 2103.58418262564 588499.055092396 321.388950245744 4.80143511681467 -146.279751546362 -264.329849982307
11300 1783.76097088565 682872.037766763 314.722003625344 4.90314682192705 -127.379186249521 -261.518499830564
11400 2131.31863385718 671716.279529008 315.181401270856 4.89600016258577 -128.247303216551 -260.387849678441
11500 2235.52635407764 577098.094570014 323.823896497184 4.76533143031815 -144.668143563274 -261.308322497843
11600 2783.84436298647 635975.879031403 320.146812404737 4.82006420827723 -130.04867254821 -257.129334658911
11700 2139.64719486757 712408.28158735 315.281429560391 4.89444682491374 -114.951009678479 -255.140995893807
11800 2451.93730869502 614317.320617551 322.004736316786 4.79225308769372 -135.733491032993 -259.198719015234
11900 2244.87129627146 600822.549296296 322.418567503647 4.78610212747337 -140.323743183598 -261.231986231727
12000 2196.98420568908 716225.223216831 312.914581476706 4.93146782928361 -118.962718653446 -258.845756487265
12100 1778.12125686925 690974.742568161 315.621531527795 4.8891727519237 -124.98355330946 -261.102455625395
12200 1949.85567358663 554677.242276636 324.268074878189 4.75880393851845 -152.93144696155 -265.193811021807
12300 2111.88592457791 689394.497422806 314.104153570666 4.91279142387703 -126.260201979307 -261.414896289994
12400 2262.2154278183 731599.675617348 310.566408895461 4.96875433938366 -118.105954150062 -259.919470953962
12500 1800.53897150975 562365.657731148 324.562270363299 4.75449037911529 -151.469818597727 -265.391521136474
12600 1541.17392056043 625420.612795317 320.324854999063 4.81738512570507 -137.928888334066 -262.969897927631
12700 2217.07820604506 793585.090343276 308.518248251038 5.0017404176705 -103.098090076778 -255.912391067243
12800 2378.25726085644 577979.798757304 323.965521396574 4.76324821608761 -144.464438866937 -261.333914147031
12900 2265.0596048794 533121.241581723 327.943062406032 4.70547594617369 -153.32322518083 -262.445667432365
13000 2545.78061345289 803968.333060286 308.075730398604 5.00892488307839 -99.6420577983255 -254.233721965723
13100 2055.7940712985 672279.431228847 317.26588691169 4.86383268900147 -126.236171022571 -259.362159327421
13200 2111.69817228899 473426.637296129 331.928910717816 4.64897193959096 -167.822513352368 -265.904084279481
13300 2028.64125526724 735046.396138704 312.722712057486 4.9344935061271 -115.504257427523 -258.975156225862
13400 2241.79915439937 734601.799040823 310.485007038553 4.97005702975702 -115.615331131181 -257.973457558403
13500 1861.96052784868 518776.40953588 328.160030890942 4.70236484216736 -158.989540509102 -265.246050062691
13600 1921.52062324999 649572.899547933 318.659999852079 4.84255379584018 -132.742333593729 -261.937150815089
13700 2260.9961615871 771791.409729606 308.712887111533 4.99858689510623 -108.576399208876 -257.287826661162
13800 2184.7365418241 565908.958150958 324.099139431265 4.76128444701837 -149.301919728252 -263.777825680667
13900 1606.37181794877 601573.576873559 322.988781564615 4.7776525995452 -142.346035672638 -263.61951372943
14000 2031.17364947252 794109.727692 309.077531044137 4.9926896550942 -103.791527769438 -256.984059312109
14100 2048.21740848404 634999.836790957 320.019281306709 4.82198505529163 -133.855815173802 -260.69089944805
14200 2101.90621931903 532113.660824584 327.530291003592 4.71140604167569 -153.709907861026 -262.489023131324
14300 2277.67798288893 726046.047399741 313.647164146082 4.91994944723111 -113.921727312232 -256.054809283163
14400 2350.84741002548 697497.215201388 316.18849939272 4.88040581751042 -119.466537755711 -257.11716351706
14500 1952.20240519745 546024.670080809 328.151660301636 4.70248479147624 -151.423093638084 -263.25777730288
14600 2070.34065688393 662988.74595688 316.88972757309 4.86960623079902 -129.628801529702 -260.759374903048
14700 2131.31282682852 754157.438068178 309.033750945235 4.9933969579251 -112.982994955768 -258.447681205665
14800 1831.97175479536 581302.81796278 322.252245611896 4.78857234628733 -147.581513320363 -264.501302412906
14900 1765.40008054597 583702.524038435 321.768759482063 4.79576760139806 -147.148794531418 -264.37510328479
15000 2024.40742074169 767624.69478556 309.491942840263 4.98600441001648 -110.465823394909 -258.747650123329
15100 2259.04195032455 622052.805528748 318.798945882239 4.84044320659748 -138.497780697111 -262.273019371286
15200 1814.24115027855 560612.04089761 325.381179312556 4.74252442973604 -150.228989159592 -264.08199287303
15300 2623.92926310291 710982.848781904 312.698184163079 4.93488056541238 -119.180182780786 -257.943325159415
15400 2467.93243056548 708101.525466266 314.895505924932 4.90044526781524 -118.250200418079 -257.42212567595
15500 2481.24835776758 524585.133464558 329.021132345418 4.69005799374032 -153.567381671019 -261.295584290445
15600 2446.40303362065 671416.59361859 319.582328745154 4.82857796901738 -122.391942491595 -256.31781055093
15700 2876.00089401312 745006.801530572 312.988437668899 4.93030414592678 -107.704149525241 -253.242743346682
15800 2290.84536044327 554729.837696301 326.667952287813 4.72384322079607 -148.212053763885 -261.315984668627
15900 2040.47788594304 596363.839753284 322.170840843652 4.78978230253616 -142.103729214475 -262.02250202263
16000 2093.92143529449 791697.386400444 308.065808241521 5.00908621010067 -104.841653065629 -257.06888597296
16100 1994.08747827008 601454.081240621 320.618802139943 4.81296848957903 -143.012009581546 -263.371712192057
16200 1643.8743545688 544185.611318611 325.190101408748 4.74531108167553 -154.810648965246 -265.26275841129
16300 1669.55512845911 775262.961408852 308.85532805074 4.9962815976178 -109.175320120213 -258.624582590059
16400 1950.33092009287 678219.438235582 315.06579544861 4.8977966321889 -128.093623449206 -261.464539073298
16500 1900.97155679656 516090.213195981 327.768641268557 4.70797995163228 -159.96125629874 -265.541501640777
16600 2110.5783965599 710810.182919667 313.769734254572 4.91802753229899 -120.06457630777 -259.269415599913
16700 2443.15711136094 757083.311363839 311.186396317015 4.95885491824035 -109.968333222166 -257.01457149558
16800 2272.95589503379 545749.273603843 327.733804938108 4.70848038443131 -150.931518839227 -262.567462806946
16900 2125.85390384583 647847.754705956 320.411311704755 4.81608524885053 -129.563871458102 -259.12372261702
17000 2632.29475917221 758344.653067584 311.177475813532 4.95899707339619 -108.246500622562 -255.533503607726
17100 1970.09106916794 571898.869099836 322.229729015347 4.78890695958293 -147.087176833421 -262.107474293922
17200 2021.47625361203 595251.419148232 321.749377166031 4.79605650042899 -144.157129388657 -263.695628029811
17300 1836.89525949985 723863.165508312 311.096929126123 4.96028101659761 -119.64976654165 -260.203324715266
17400 1830.20016166441 667577.248769765 315.445622986809 4.89189920359317 -130.889182571965 -262.325588692014
17500 1739.19015841523 562952.93955652 323.247998863658 4.77382133003395 -151.467601302581 -265.046480512243
17600 2088.2300292155 688581.957367922 314.685655156805 4.90371317083771 -125.787310061626 -261.032624409627
17700 1876.1663182002 732512.963114626 312.808654970565 4.93313777398943 -116.343710807344 -259.359411474774
17800 2331.7464765861 562421.514356314 324.060079339446 4.7618583412421 -148.874049826397 -262.630780476559
17900 2264.32131998811 638190.783009508 319.886721334301 4.82398326954452 -132.364106783887 -259.783749477861
18000 2620.10184269578 716257.522649834 313.090358910145 4.92869916926757 -116.730585234778 -256.698513136934
18100 2301.38616393505 617958.878046349 321.373350668801 4.80166818018594 -136.634323936644 -260.587905338748
18200 2158.0236827673 572403.565883596 324.204281086982 4.75974033005477 -147.677827369868 -263.505070229139
18300 1845.77278256325 721633.622384901 311.147680743222 4.95947194007723 -120.67974730502 -260.823250815022
18400 1872.2935778971 710768.952175322 312.363742641153 4.94016424191358 -123.247723863528 -261.820752524611
18500 1458.01622793472 551152.39688213 325.103170245831 4.74657995706183 -154.72136565158 -266.557603116659
18600 2005.84924635274 658670.631092613 315.781334274494 4.8866985612416 -132.785193403858 -262.606028208169
18700 2070.90365234736 778747.061434712 308.360438433531 5.00430016154213 -108.171772197129 -258.052128882445
18800 1835.12327974838 569590.621251906 324.299774085586 4.75833878150921 -148.224906590331 -263.516892082106
18900 1845.11430712279 579220.675804956 324.085738458725 4.76148132653066 -145.471139095579 -262.634984932047
19000 2444.13219851124 782205.370376368 309.80130417411 4.98102548657727 -104.798428256804 -256.047834220873
19100 2082.05322968986 635126.735118802 320.17019946163 4.81971212330475 -133.445154796924 -260.365412001046
19200 2089.30865713583 537632.114824121 327.274766640285 4.71508453800902 -153.698959108335 -263.520458123823
19300 2329.08079654072 711877.292645851 312.385247961047 4.93982414962995 -119.723404992158 -258.52207329182
19400 1733.1639666345 712647.860469096 312.776248453514 4.93364889276579 -121.968233424429 -261.091060569845
19500 2011.14819404991 530336.056385386 323.75388371362 4.76636194805036 -159.836123990242 -267.001818861022
19600 1537.99502448778 681597.435367546 314.007158387755 4.9143089596721 -129.90107439017 -263.485903430007
19700 1879.3564550804 731487.747433873 310.08605398401 4.97645144642878 -119.502603664042 -261.075114020686
19800 1621.36957134419 585358.679785027 322.268508349772 4.78833069904335 -147.345248715363 -265.086751342515
19900 1835.04980872431 624127.013778224 319.823413727111 4.82493815534967 -138.298839819617 -262.885882599148
20000 1677.03060881123 743765.294451439 311.883784053853 4.9477666706765 -113.524980071113 -258.308238645586
20100 1920.51993120858 634356.162382483 319.99546109341 4.82234400010963 -134.588326474189 -261.285411769741
20200 1611.47463126266 592623.44633589 323.528079996638 4.76968859049934 -142.784579460947 -262.453246273899
20300 2645.98840100706 706264.442907656 313.08392745412 4.92880041595957 -119.970648563497 -257.982937226278
20400 2156.54214880162 671311.944221869 316.390789019369 4.8772854502147 -127.66054175604 -260.228280522951
20500 2230.62029427928 538141.514434457 324.409113580007 4.75673502151951 -155.352742996513 -264.315776518902
20600 1814.32027648883 685856.323281443 314.418415648102 4.90788107523954 -127.287517948735 -261.883087493279
20700 1777.75044709346 714394.087450018 311.546358006049 4.95312544092124 -123.158329670885 -262.073658990787
20800 1524.1820207883 579141.035313066 321.443508471778 4.80062017491824 -150.309894689617 -266.502540313248
20900 1726.29551022704 639007.497916078 317.153994183846 4.86554866142284 -137.607473263069 -264.100266209108
21000 2149.37232179823 725976.274988946 311.211237140936 4.95845910334946 -119.806044182402 -260.821702990453
21100 1750.57288282099 595671.809369845 320.387575773266 4.81644204879583 -144.968369834095 -264.084988359257
21200 2021.54286032529 597017.109593379 320.65168859347 4.81247486528142 -143.778055111514 -263.262109652515
21300 2114.91343057893 728899.29508439 311.947866857566 4.94675026122459 -117.27312097165 -259.19168004149
21400 2059.32480196406 642432.513126979 318.004013879458 4.8525431268646 -133.993001416159 -261.504619406466
21500 1677.03316940242 585006.542070981 322.992445794364 4.7775983988448 -144.877631949728 -262.812637131248
21600 2316.05733485099 693317.183505444 314.421080059206 4.90783948574805 -122.845626109228 -258.906501837582
21700 1919.71181645869 692055.956948692 315.776683217235 4.88677053715376 -122.896351888543 -259.295265919543
21800 2515.07469470039 567284.539189784 324.060876267805 4.76184663091164 -147.224725412771 -261.965345352596
21900 2269.37730017147 662801.21938305 318.483639943454 4.84523535381629 -127.46392940778 -259.216794905479
22000 2397.03237203215 695581.269039259 315.660995005697 4.88856151466629 -120.953572365567 -257.997072561867
22100 2036.26687867494 617139.68289274 322.157186295077 4.78998531621363 -136.788926867995 -260.880113944925
22200 2060.11351616845 621324.292093808 321.158273933281 4.80488381310299 -137.074343183741 -261.619571004562
22300 1884.64391183443 702320.290110344 314.058143424073 4.91351115765347 -122.639233450138 -260.307840124316
22400 2070.26994645104 623821.744049636 317.560699178066 4.85931727654007 -138.920660891474 -262.565758171881
22500 2002.33509541558 593550.804864553 320.863623300772 4.80929616137762 -145.521911892649 -264.390751787585
22600 2141.45176976693 659098.941352749 315.17091243663 4.89616310063635 -132.676519124885 -262.330658186445
22700 1867.27028712319 693228.606662263 314.400253929466 4.90816458504615 -125.308866631676 -261.343348454238
22800 2306.11457945862 579103.348351166 323.029217676782 4.7770545431285 -146.499188320508 -263.257424115305
22900 2208.02930310874 634649.095067654 319.13867311398 4.83529049240295 -133.8423080621 -260.258511328643
23000 2618.73873534531 715883.165004174 313.820832388108 4.91722675044627 -116.307007123552 -256.528169232873
23100 2073.72754594338 585207.443686707 324.9940452477 4.74817374173733 -142.300437372151 -261.007043312763
23200 2065.43004511247 611032.006097662 323.093567935503 4.77610310142158 -138.089186345507 -261.309387723371
23300 2059.32773300244 764191.18977091 311.068683432236 4.96073142059727 -108.41567642334 -256.786313049549
23400 2078.18736733619 630346.923726468 319.221334664913 4.83403840625485 -136.014623039708 -261.606395415526
23500 1705.11235123721 570044.105435275 323.727571164703 4.76674935753626 -149.264029001818 -264.44421901791
23600 1844.50983375564 741750.143976011 311.600922156156 4.95225810369327 -115.571335524881 -259.831364848983
23700 1688.21523036962 688351.967608718 315.252291148459 4.8948992130859 -126.079845766685 -261.523434475668
23800 1665.09042698022 562533.412577388 323.909598664139 4.764070587072 -151.121023369431 -264.847552190138
23900 2051.15496003667 681497.942409063 314.947961996166 4.89962907550075 -126.973596544067 -260.939104130974
24000 1974.06779121557 703718.075200474 313.689691374747 4.91928244470946 -121.021593291152 -258.802359532866
24100 2435.00263359422 600742.777322024 323.527276430114 4.76970043729668 -138.836415079547 -260.144320033875
24200 2383.48600814728 621793.273248993 322.426330831911 4.78598688849204 -133.407787682902 -258.539147198934
24300 2729.36138279267 697321.017419407 316.144145601311 4.8810905194245 -118.756573306613 -256.353122289759
24400 1966.14212151752 645073.900114467 319.968066344286 4.82275687538679 -130.72101173719 -259.547672513199
24500 2258.9178265985 606044.07040989 321.576772296676 4.79863076193352 -139.782837507193 -261.423428310985
24600 2037.99449145493 691456.211917264 315.857832807556 4.8855150374134 -123.822758432136 -260.138489300432
24700 2027.02304461803 662119.255189426 318.156504814582 4.85021732548086 -130.41605972558 -261.89817046775
24800 1798.48976782889 612647.12052304 321.094902130568 4.80583211264634 -140.721593381946 -263.503238977746
24900 2037.99162419561 678878.532457043 314.833942121785 4.90140351915805 -127.705742662486 -261.108026739991
25000 2292.81354781297 658762.631994183 315.56689037601 4.8900193237238 -131.710130614187 -261.460926031746
25100 1953.89153817455 599960.203746581 321.829696290264 4.7948595473127 -143.228659705625 -263.742854089332
25200 2221.99562271957 654317.928978204 317.330921018088 4.86283589041787 -131.634711916294 -261.230490559472
25300 1951.64626252339 710838.53038991 314.395532005481 4.90823830104308 -118.876315918477 -258.364354803039
25400 2386.36856837253 600234.035300091 322.791541527146 4.78057195850142 -139.592520549273 -260.522062039599
25500 2151.29971735887 635709.87603618 321.98526644895 4.79254286658728 -131.93041091878 -259.687380153904
25600 2567.94344975673 725978.902294517 314.573928629184 4.90545481181672 -114.096698129161 -256.636571480623
25700 2186.2401807434 619423.813025203 321.655393697826 4.79745784495001 -136.794015732965 -261.150483603034
25800 2002.28114565309 576678.957484698 323.135033115661 4.77549022458912 -147.242365786857 -263.549884979607
25900 2057.53364922703 748840.853867171 310.370974570675 4.97188306348774 -113.836123677486 -258.900332029743
26000 1860.33512275984 671111.270781453 315.992422217515 4.88343416920263 -129.45584280654 -261.817087670452
26100 1737.71326528938 534809.28258942 326.492032927374 4.72638850642146 -156.768134910663 -265.75173933942
26200 1957.0963150856 717597.848723986 313.18957293586 4.92713782710176 -119.647880213712 -259.922165713191
26300 2120.79433137099 725008.491749088 312.191748984038 4.94288589268584 -117.838876495322 -259.110246452019
26400 1925.50280509214 527980.119450738 327.503492433852 4.71179156105578 -156.655881603141 -264.581152667695
26500 2191.90225257958 662039.809695009 318.7128786293 4.84175035066893 -128.286210437452 -259.98244584915
26600 2068.72460386916 799405.28450139 310.394333308587 4.97150890422982 -99.8684646971994 -254.739585529499
26700 2425.69822951853 568009.437577142 326.189213366976 4.73077627533329 -144.450272145352 -260.092057946296
26800 2393.77733341375 576640.813873789 326.068752730378 4.73252398135221 -142.177901092462 -259.533605007266
26900 2422.70671936447 740203.187999192 312.582374028259 4.93670891285321 -110.403486649361 -254.816083993083
27000 2196.30161041145 629030.690923036 319.454032599847 4.83051717740895 -135.727959170055 -261.14884185335
27100 1794.63309971665 567112.774907547 324.258775233776 4.75894041958801 -149.515893353172 -264.291820856134
27200 1747.77148513546 742607.087915696 313.050956667782 4.92931952130633 -114.860549632266 -259.959332007544
27300 1991.16087598477 678990.540674372 315.561774023277 4.89009860792674 -127.846108091924 -261.578851993878
27400 1663.18969435167 584474.411969317 322.405182290199 4.7863008308506 -146.711193170661 -264.324689146245
27500 1755.95395915559 678175.513881867 315.876226618327 4.8852305486436 -127.276868565285 -260.982188990313
27600 1873.45824558612 712263.072876228 314.818663334961 4.9016413941897 -119.838369895421 -259.794054269612
27700 1810.19711480195 597833.390344963 322.655544058681 4.78258694227015 -141.814018548333 -262.209154676094
27800 1746.11016524868 672013.457016407 319.92195513455 4.82345199227456 -125.745000222711 -259.932375362352
27900 2120.79769051203 682853.305244655 317.2381998165 4.86425718201248 -122.421238194832 -257.629283809383
28000 2226.87879377766 636377.196734114 321.256382670121 4.80341644589414 -131.57680964021 -259.178379277858
28100 2053.84479106899 632487.37096527 321.717519410065 4.79653142513271 -133.256125888237 -260.259778759902
28200 1983.60888316327 668721.257723284 316.796537340196 4.87103869512631 -128.486365575535 -260.711859391301
28300 1764.2521358142 676046.236167556 315.878946199912 4.88518848891408 -128.756222411314 -262.04289380053
28400 1721.61644351955 612801.90000616 319.591035443779 4.82844642285838 -141.896095763607 -264.133560702635
28500 1906.03600201242 636922.67706065 317.126387248355 4.86597222405726 -136.932006171834 -263.001129974857
28600 1797.29706836679 681536.508813914 314.507137470265 4.90649657199597 -127.474800355003 -261.260370464502
28700 1652.60095382666 616342.991618235 319.921163091687 4.82346393390634 -139.701000710231 -262.771815156651
28800 1751.62769147743 641307.194063962 319.824645079761 4.82491957891888 -133.284156646107 -261.301167086969
28900 2277.0515146046 685571.549626798 316.68003269504 4.87283072043932 -123.358833894196 -258.866264411748
29000 2455.89868500278 635395.770422381 319.758910864865 4.82591145839331 -133.061868468621 -259.872778201976
29100 2378.1020129348 616107.215191315 321.715230222229 4.7965655551967 -137.047754918602 -260.761387328546
29200 2035.211274522 666833.366198945 317.883703925707 4.85437967662151 -127.511556567454 -259.816243565776
29300 2155.80150815596 672560.28694816 316.344854918628 4.8779936448249 -127.878210429905 -260.673184266213
29400 1694.82937424404 605331.478672372 319.729249868083 4.82635915388661 -143.454309347894 -264.253846475954
29500 1801.54691906511 655444.608175371 316.360361116669 4.87775455312821 -134.247292507176 -263.669171391515
29600 1787.11628965841 689178.021930328 313.424480637222 4.92344499934654 -127.558080994498 -262.377973553215
29700 1818.95590345873 634253.939381568 319.011417330163 4.83721932205657 -137.958940932674 -264.24605608469
29800 2133.95831236651 601519.992638055 319.972513668283 4.82268984349664 -143.307723557459 -263.437973917595
29900 1913.816181985 722517.389295402 313.039867794059 4.92949413357568 -118.187540468702 -259.355974797841
30000 2073.30794975739 637473.427745106 318.643912443995 4.84279828235331 -134.182931579568 -260.964860471788
30100 1735.02873091115 593518.842007727 324.307359905673 4.75822747998982 -142.247301723119 -262.38545673026
30200 2123.69735644015 708046.804288718 314.614529451864 4.90482176571638 -118.7715200913 -257.808518924569
30300 2438.54296107558 663993.978894586 317.023841311503 4.86754619300025 -127.888704389797 -259.273680886999
30400 2204.09994621749 531782.877179415 326.471742320854 4.72668225708044 -155.361955752206 -263.722103619285
30500 1730.67854368657 703357.050004481 315.190528927168 4.8958583784816 -122.469440481057 -260.838390852982
30600 1490.37539023904 741672.783900131 311.509362240958 4.95371368861936 -116.931193046275 -261.133792387986
30700 1740.09576355452 568277.661042957 322.858033070693 4.77958741552588 -152.01260396056 -266.527457899775
30800 1622.52202182048 637130.664031088 317.811260097274 4.85548621340164 -137.595323810551 -263.977965911676
30900 1995.7292863383 749644.850790271 310.370299742206 4.9718938736981 -114.711958008752 -259.931599565083
31000 1935.62636368755 600910.437535112 321.175653481963 4.80462380985793 -143.424166704133 -263.883930319111
31100 1945.55648892266 580793.257998419 322.615097405655 4.78318654109915 -146.604970489382 -263.553804467229
31200 2061.44912749229 727668.68289273 312.50409992455 4.93794542931977 -116.668206778921 -258.599789716678
31300 2006.29573959163 649925.468042672 318.566860513836 4.84396961246099 -131.736858950791 -260.964017083705
31400 2069.76074490744 563693.475793928 324.750146186288 4.75173979130691 -149.33144182303 -263.588228555537
31500 2183.46893050766 696755.874663478 314.35046511352 4.9089419712131 -122.314979340372 -259.019976118843
31600 2006.48113206762 698270.525978583 314.889172322096 4.90054383415786 -122.051437328904 -259.288394669316
31700 2025.785832887 566940.633739706 323.963569235024 4.76327691879032 -148.834900946228 -263.471528840022
31800 2099.68974473135 655427.088865622 316.688506811452 4.87270033069075 -132.024739564349 -261.577398773013
31900 1664.49977918859 707682.995656034 312.777418335905 4.93363043942286 -123.013959405043 -261.168064387556
32000 1424.28089854407 598863.303957556 319.953102977775 4.82298242306251 -145.428875693263 -265.021300348564
32100 1531.45535999201 634757.249620485 317.38721888225 4.86197332488874 -138.543297988348 -264.287145886748
32200 1579.59481829798 712388.282760537 312.7341523507 4.93431299481374 -122.644937408741 -261.698372379038
32300 1769.43716442288 641678.838522047 318.509683074946 4.84483918029902 -135.209491818437 -262.774041350625
32400 1877.38658969384 617847.03293748 320.127336377827 4.82035745315064 -138.502179335376 -261.952825967141
32500 1942.69169931278 683627.534724694 316.011620862351 4.8831374860682 -124.693463841011 -259.531445370813
32600 2192.32614990894 633931.865143439 318.960995956379 4.83798398998339 -134.157172710844 -260.360209064602
32700 2185.87911510051 621018.148686733 320.543905549397 4.81409306229445 -136.983383590979 -261.2291098247
32800 1951.13494489423 676008.953359477 316.592093818483 4.87418423263237 -126.206349824116 -259.786570220632
32900 2089.70733996213 649368.369351896 318.106808832323 4.85097504681051 -131.977785970492 -260.907713310695
33000 1611.01277398444 616298.356126551 320.926151787443 4.80835912957373 -139.447909151278 -262.89639300098
33100 1654.73848702806 677398.883520791 315.552493743771 4.89024242387748 -128.798413851788 -262.213744156678
33200 1590.20179636731 694344.471585884 314.057221427351 4.91352558254446 -126.810660098595 -262.915449714286
33300 1436.21351054501 608609.074157485 319.32831301485 4.83241895244773 -144.734932002257 -266.036242398608
33400 1415.23000622258 646778.202881232 316.077567051961 4.88211867187791 -137.93254864048 -265.529028047674
33500 1620.27646792637 705131.655183429 312.040030547523 4.9452891962562 -125.607462472223 -262.938963229763
33600 1965.85419529302 599076.063283771 319.110893231074 4.83571142383007 -144.609031423983 -263.929029980846
33700 1670.5978173076 617875.767124852 319.9017213332 4.82375707587657 -139.803805598981 -263.173185610055
33800 1979.68682246978 700735.09830371 313.795484467684 4.91762395652012 -123.071661062147 -260.314661228311
33900 1770.15774600054 668779.941998048 318.233811307098 4.84903909338845 -128.829675406069 -261.666719182318
34000 2163.83416970227 587361.450394941 322.408309087955 4.7862544120882 -144.508499641651 -262.704099218402
34100 2035.11711582637 690458.669484859 315.142566064342 4.89660349960805 -123.688584189195 -259.499412061673
34200 2468.9266033004 681048.01212913 315.723582658677 4.88759242775466 -124.827672000417 -259.034432836055
34300 1817.88522538095 590263.826883839 323.551857217272 4.76933807500872 -142.547763698309 -261.748711556701
34400 2373.3914854741 649086.217214968 318.393901818513 4.84660096519598 -130.995681071003 -259.985897389675
34500 2111.78569606774 730208.314615054 313.447058135406 4.92309036507052 -115.568510577758 -258.425210848984
34600 2277.8965407241 594358.163822273 322.064152890654 4.79136898042185 -143.036369779364 -262.512256827429
34700 1921.31432787726 607496.74795252 320.615374729318 4.8130199406966 -141.553112324138 -263.120740791812
34800 1843.71141848479 722359.955959654 311.550167003133 4.95306488425217 -120.390432176584 -260.856457558686
34900 1851.37077389338 661991.055654997 316.429396845804 4.87669036836703 -132.173707115895 -262.916749757094
35000 1420.57570929666 591069.881252534 322.628725721659 4.78298449220365 -145.920500131197 -264.943668053681
35100 1968.36431559576 688434.770193263 314.776952669445 4.90229090401861 -125.992670759849 -261.248305250259
35200 2020.80322644514 719406.984183278 313.425990280202 4.92342128515432 -117.615958464644 -258.35004514744
35300 2506.10541595276 600098.447265704 323.515197564761 4.7698785203351 -139.453677826709 -260.626949139496
35400 2730.05989692237 578099.218655898 323.184959830456 4.77475249057274 -143.801626940277 -260.413606181843
35500 2210.02736171195 727719.14282609 313.578717419298 4.92102335440943 -114.750931122602 -257.180454616971
35600 2068.74101405854 660850.532284275 318.013152520204 4.85240368090777 -128.529726963436 -259.700769052979
35700 2221.2694216237 568518.002894794 324.118801007762 4.76099561971774 -148.217937492416 -263.228595462738
35800 2072.6333010111 671398.769349891 315.206296988297 4.89561346524563 -128.667052247094 -260.755570515386
35900 2108.02793945849 698861.602208894 313.229458149707 4.92651042779184 -123.642348267082 -260.271515516463
36000 1883.35804871252 581234.829507567 322.206056804661 4.78925879658945 -147.350122975737 -264.239480979155
36100 1890.34216414745 633830.358138589 318.428610507977 4.84607268613341 -136.727620941012 -262.699834514138
36200 1713.26496344544 721037.777255707 312.888722812401 4.93187539006107 -119.312289236192 -260.123610101921
36300 1804.55112891197 626812.947450639 319.595478091088 4.82837930337147 -137.676883742776 -262.710913148507
36400 2046.93274823805 599618.504701138 320.923217160172 4.80840309878842 -142.960568941025 -263.066874081227
36500 1834.6740406579 705041.298032055 314.257873085003 4.91038832764175 -121.747823023599 -260.037692308689
36600 2088.7133510733 640816.325718062 318.294625407438 4.84811262487017 -134.354725931445 -261.661793754123
36700 1684.20264972977 619406.913660375 321.61794723075 4.7980164202683 -138.482976785482 -262.821574981114
36800 1737.7149215808 708770.914128193 315.093279909202 4.8973694148945 -120.475720134806 -259.866699865751
36900 2104.49940421747 674099.608507032 316.237755707587 4.87964565904962 -127.15429912868 -260.208146390593
37000 2285.92423483422 592305.306965852 322.111481566503 4.79066497214421 -143.418888100229 -262.499613579896
37100 1958.30433495704 654151.184961823 316.558839608437 4.87469626112754 -130.728753169984 -259.976273677243
37200 2059.98917048051 724215.85516453 313.752819186431 4.91829267340925 -116.790969859021 -258.613525774292
37300 1988.55094913941 592126.061831307 323.933427881436 4.76372013212211 -143.275676578015 -262.993713228128
37400 2232.77349628163 602307.592476298 320.489511632396 4.81491011673449 -141.320850131768 -261.802748452716
37500 2084.93801697941 778145.92362878 310.462081672891 4.97042403230417 -107.014686199516 -257.800073012433
37600 1941.47553264635 603022.958807419 321.54832295415 4.79905532608285 -142.210231300341 -263.233739701178
37700 1736.41083074252 560856.79431512 323.967993224004 4.76321187321471 -151.462923389663 -264.870934392394
37800 1864.08143867432 764888.521738081 309.23210200832 4.99019403821341 -111.526565578325 -259.155797051327
37900 1906.87549459985 631143.960655142 316.809980685411 4.87083200007651 -138.228460638214 -263.029133962825
38000 1623.35466894241 525446.485089938 326.781590990049 4.7222004984764 -159.51233685901 -266.682950320023
38100 1900.42641808983 746701.99212032 310.672733712234 4.96705383001352 -114.867842366873 -259.658350254356
38200 1823.10646099944 752117.099036366 312.298408320277 4.94119774790389 -112.439633877552 -259.043315119613
38300 1879.96486047065 468710.020335225 332.957815930103 4.63460570089174 -167.830936790532 -265.236350410923
38400 2318.23148806177 668851.281423467 316.864301510169 4.86999698139425 -125.899564007733 -258.17905637479
38500 2276.68836499228 834668.558915586 306.148398568958 5.04045815388624 -93.6180537319931 -253.108873031781
38600 2137.68739102466 501609.142968576 331.342404234539 4.65720104684767 -160.612137700513 -264.348760611431
38700 1841.31294785248 573704.669714039 325.015923522122 4.74785412094152 -146.70284766564 -263.084003584518
38800 2139.38556240438 882168.318947071 302.573086364531 5.10001801682719 -87.4238379389436 -254.022456104187
38900 1767.75574765001 595622.174227681 321.597642145582 4.79831935822331 -144.290717865526 -263.847262878667
39000 1839.23511218031 527306.08779095 327.919058821628 4.70582038571143 -158.081794079286 -266.006055868997
39100 1905.48269616082 768909.032031619 309.299842095806 4.98910113050796 -109.849576076711 -258.287305748454
39200 1940.98182833 676570.297239226 315.291309900651 4.8942934467568 -127.984548624803 -261.126393644018
39300 1990.03614525228 539295.888135864 325.946261669128 4.73430247048689 -155.003115089748 -264.717293690805
39400 2222.46587794545 678700.92367523 315.46554742693 4.89159023688172 -126.521866526758 -260.156805265636
39500 1995.894364584 724200.528102454 313.011886785937 4.92993479484514 -117.217825736396 -258.70247097537
39600 1998.4182504833 572339.751436284 323.887447122465 4.76439641479111 -147.075137629867 -262.77628602357
39700 2047.26938173555 656504.098697771 319.335444139725 4.83231103901803 -129.284120642723 -260.134266015098
39800 2394.56929143736 721080.90536654 314.848866893169 4.9011711780742 -115.398288766323 -257.10022110209
39900 2374.90794270349 595648.363259237 323.717812407869 4.76689305536839 -139.304639810489 -259.654666863443
40000 2247.87533865551 628313.586503092 322.144665750563 4.79017148482281 -132.378181889539 -258.711248384133
