# step temp[K] press[bars] vol[A^3] density[gcc] enthalpy[eV] etotal[eV]
0 1910.70467729192 41717.8367284047 391.779132048084 3.93877076555657 -262.187553220968 -272.388787519673
100 1720.51833192728 128600.143235696 381.833661679676 4.04136236988101 -240.986529142563 -271.634752721062
200 1643.38336566965 159691.738032677 375.343643940784 4.11124103678594 -232.679347257023 -270.090505678347
300 1804.34515409681 118324.642457634 383.380605826636 4.02505543685201 -241.157101313282 -269.470694172513
400 2109.52163490353 90979.1955030315 394.605199805982 3.91056223441769 -246.427193382009 -268.834751862402
500 2155.3170113653 115804.179669528 394.801426435478 3.90861858276065 -239.540540979319 -268.076507722509
600 2036.34829741804 93677.4135470941 395.990666763785 3.89688020800404 -244.63040370454 -267.783521635817
700 2325.88228895407 60929.3571999165 396.133309705591 3.89547698731264 -252.850290725628 -267.914890615738
800 2095.9116779778 107597.598303701 389.222721145502 3.96464057217579 -242.104492168209 -268.243578592512
900 2378.6850722536 123409.560863018 383.172160904842 4.02724505930207 -239.145304270535 -268.659598177729
1000 2068.59494068178 123795.435840864 383.361186658804 4.02525932610784 -239.467430774478 -269.088614949191
1100 1897.26798567772 98242.457878303 386.932232233957 3.98810970840256 -246.316798368674 -270.042757104808
1200 1762.41172682863 50575.7949625849 394.380984912741 3.91278548129684 -258.587072225317 -271.036469548327
1300 1566.16484786663 74970.0617157438 394.598109357184 3.91063250247179 -253.063606877085 -271.527892560606
1400 1960.71816818776 81525.2011303585 385.818955381383 3.9996173602739 -251.0556371668 -270.687661439639
1500 2058.42993162197 159099.469414532 378.426941015835 4.07774400977849 -230.650359057459 -268.228943893638
1600 2219.52704240457 122440.031386579 386.661480143783 3.99090230372132 -237.53865160421 -267.087732972452
1700 2094.0355298149 63984.3267013142 403.248918848769 3.82673857197579 -250.935523063772 -267.03962305873
1800 2211.61544096226 53826.1262672899 402.086155165661 3.8378048386927 -253.277387550622 -266.785724589816
1900 2096.22397777495 116228.408534185 383.592730856228 4.02282959956425 -238.573934980517 -266.401313944509
2000 2170.48121765696 166504.129650077 374.964184372299 4.11540156681727 -228.6563772848 -267.624047306711
2100 1731.18965424487 73045.3663063811 388.624223818529 3.97074628211208 -252.784014276451 -270.501911639418
2200 1617.11684391533 56394.2165546983 396.540364390962 3.89147822123021 -257.350577817419 -271.308205570755
2300 2037.48847145418 99229.6891915597 386.820492629319 3.98926174096175 -246.52130424524 -270.478762900097
2400 1749.459187162 163697.017652821 377.763398312312 4.08490658110386 -231.018443165125 -269.615153129426
2500 2135.73791141123 119641.45010709 382.172569735383 4.03777851700499 -241.194045412132 -269.732524433821
2600 1806.0688244105 79837.314070837 394.910403666112 3.90753998259008 -250.424347510935 -270.102944673814
2700 2216.62211281538 31980.6923222937 400.01285576996 3.85769649551849 -261.143838561285 -269.128407093742
2800 2489.88171009098 122810.87937208 385.506099690347 4.00286323123193 -237.077830692948 -266.627847876618
2900 2604.77239586978 151272.521723708 382.915468612514 4.02994477464599 -228.67949092003 -264.833178446985
3000 2116.63719819848 106815.301647073 396.380728157326 3.89304545415145 -239.390532123789 -265.816788560087
3100 2219.33536637531 44075.5254867183 402.450441736608 3.83433096807495 -255.941490437288 -267.012814165918
3200 2224.17344505722 130590.229022366 384.408853088484 4.01428889961314 -236.527777517868 -267.860180759989
3300 2200.76830228734 151557.606373185 373.309359935622 4.13364452509906 -233.1561018251 -268.469235570695
3400 2191.18942378463 109848.818087652 382.03305509682 4.03925307320603 -243.516558209202 -269.709602217026
3500 1818.55482429796 39247.7521993133 397.416016194008 3.88290388154061 -260.920578641646 -270.655888904667
3600 1880.10303290148 94112.365423441 394.035172798845 3.91621940981875 -246.988056778277 -270.133810178189
3700 2323.12391982269 120144.899609985 382.893081133296 4.03018040257801 -240.149063248454 -268.861661887941
3800 2222.22128218925 141671.265288931 380.983893895125 4.05037645053547 -234.574152726066 -268.262370162052
3900 1972.08551892067 100035.101614548 392.516131132062 3.93137522123119 -244.349179122033 -268.856710635037
4000 1964.99255413794 49002.461515366 401.536475463136 3.84305856668752 -256.618638022511 -268.899604374157
4100 1987.1605125819 91845.8176508893 391.439889807947 3.94218430989041 -245.61486994343 -268.054418108433
4200 2326.47375578615 197101.143205183 378.298322489884 4.07913041144238 -219.877526600288 -266.416114474569
4300 2256.1626577139 86968.0964020001 391.610929007792 3.94046252941888 -246.316273138126 -267.573392454273
4400 1912.51399634714 17914.200880575 406.124253280421 3.79964550110387 -264.667038595469 -269.207981154381
4500 1966.07875975788 59954.6034339012 393.146925863206 3.92506742480048 -255.318308465534 -270.030150782149
4600 2025.38131618949 181917.012028844 373.657539238211 4.12979273752151 -226.577730720584 -269.004181901378
4700 1748.02712780644 150820.18404265 380.016157936374 4.06069099862982 -234.993174397885 -270.765829207854
4800 1594.40888513816 60520.2918228304 398.730813855078 3.87010017346436 -257.594284958249 -272.655862264659
4900 1670.26694036277 94688.9597894243 399.782712661427 3.8599172575353 -248.80163883134 -272.428879153305
5000 1957.09978257343 113856.544849167 386.319254817024 3.99443769013535 -243.010249513779 -270.463514220989
5100 2289.08644820309 144806.0219839 380.178950724937 4.05895220901535 -233.833952323314 -268.194836718068
5200 2598.52118129553 61511.0961290966 390.078517240498 3.95594251840002 -253.063383795177 -268.039360019941
5300 1848.46302580636 104495.371490826 396.197445936182 3.89484638958193 -242.68521121833 -268.525559829621
5400 2146.40550696588 65556.7172195749 398.169557995507 3.87555542828197 -252.16235521247 -268.454373675451
5500 1852.78696138999 133612.304172558 388.346141471475 3.97358960750603 -235.980000691275 -268.365835072522
5600 2228.96417364829 92310.3638489805 383.512512506456 4.02367104473584 -246.672326715165 -268.768631067468
5700 1686.8643242256 131899.644222436 383.4511843717 4.02431457968919 -238.410755411545 -269.978485181205
5800 1740.32796893948 81237.7203461889 389.227860050434 3.96458822774446 -251.615721305627 -271.35136469181
5900 1827.87029628053 99678.7017485301 387.20524113014 3.98529779029378 -247.741232860985 -271.831035542574
6000 1845.55216131126 86949.3156730387 382.745542858779 4.031733930434 -250.865261581467 -271.636670367251
6100 1990.0043815944 118902.879561512 378.255828990322 4.07958866353809 -242.5506486802 -270.622279538521
6200 2159.83932175868 116227.765549058 381.06164007518 4.0495500716411 -241.338040537245 -268.981650939967
6300 2243.45184019956 65274.1688898478 393.218307036547 3.92435490477481 -251.835710410426 -267.855791958298
6400 2087.44364528954 81099.2646133205 400.013573083477 3.85768957780863 -247.112573625278 -267.360534204164
6500 2384.5526959079 65814.5656868289 398.757639928814 3.86983981583801 -250.733565895006 -267.113821682193
6600 2355.08304021284 105369.443953093 390.17551644715 3.95495905513881 -241.447815193159 -267.108269713711
6700 2139.39422252386 149499.606425312 383.087968548702 4.02813013865232 -231.957581876871 -267.703643889579
6800 1829.48264817053 85677.2750762922 387.608638590433 3.98115015567717 -248.925840290431 -269.653426764493
6900 1704.86026257106 106851.060817093 393.544176818213 3.92110538730935 -244.697693527488 -270.943623842541
7000 1579.54489246304 73424.3348554558 391.039431483387 3.94622144885068 -253.207173373732 -271.127677237646
7100 2026.11705267151 117584.703705608 378.741488178276 4.07435741800687 -242.34122414586 -270.13729135098
7200 1871.1846851524 166784.038076386 375.489175713568 4.10964760550981 -230.647196005173 -269.735024955031
7300 1899.69480571113 98515.3203300256 392.08859476847 3.93566202245016 -246.468662392453 -270.577575181628
7400 1892.52414359173 47717.0589095053 404.045119369458 3.81919770315326 -258.274303087751 -270.307836698468
7500 1880.62788329187 109795.10170354 395.873674944535 3.89803184584659 -241.212463001117 -268.341178471784
7600 2435.20485740566 117304.88514623 387.972861661382 3.9774127119565 -237.144260090374 -265.550064305479
7700 2339.97413491263 123911.875672394 388.041912585249 3.97670494299275 -234.901708599027 -264.912759958189
7800 2820.2785862147 43368.2055255526 398.553308943855 3.87182381186428 -255.22740498498 -266.015568345987
7900 2338.74627175985 87955.6254609262 401.315551906306 3.84517416416095 -244.980081767235 -267.01133760897
8000 2058.80936622396 69459.5963627678 398.845613972449 3.86898623880245 -250.574384910528 -267.865647987715
8100 2438.41404850539 93075.6112002012 387.85026720952 3.97866992065912 -245.448746633898 -267.980222207711
8200 1880.99691512263 138330.952912491 382.618355572999 4.03307413089258 -235.432833454532 -268.467871559399
8300 1569.50719638844 136839.414673605 389.234742279144 3.96451812813628 -236.737523042514 -269.981459839808
8400 1761.35177929228 14159.0966389093 403.130577130539 3.82786193706769 -267.864106701015 -271.426738408377
8500 1566.38428313752 62957.5280351413 393.530238630093 3.92124426635641 -255.653746459225 -271.117517792303
8600 2347.59070156211 166269.017212507 370.970965185267 4.15970072238797 -230.189836130925 -268.688077614138
8700 1930.65491978025 204339.723301182 373.723138901875 4.1290678345482 -220.526709511719 -268.1909230328
8800 1853.17897156137 64873.6638860396 404.50382409802 3.81486675758148 -252.688098992301 -269.0668469799
8900 2088.26073102712 32329.527511357 421.30602967177 3.66272515270749 -258.634018331469 -267.135344419434
9000 2570.16634769979 56962.8757210372 407.222431631868 3.78939879535202 -250.720680672673 -265.198836333966
9100 2623.59858888457 154743.503877202 386.938692520333 3.98804312335612 -226.547503521256 -263.919321836067
9200 2647.9589210713 113031.451710992 386.530807365732 3.99225149059341 -238.157476728975 -265.426718468303
9300 2028.41266994116 65263.8926202967 397.136320539622 3.88563853784349 -251.884689068717 -268.061846940723
9400 2067.96242243576 75947.0021108058 398.285579997924 3.87442646523673 -250.385697818671 -269.265387905753
9500 2089.51993277741 81625.4002388261 387.147287264322 3.98589436792969 -249.72569831397 -269.449525416868
9600 2171.19130233238 147007.039388568 376.231368759769 4.10154048811234 -234.787566672316 -269.308519667496
9700 1874.77212340635 129621.48428554 379.127055769306 4.0702138462128 -239.746202355033 -270.41886026858
9800 1721.02244258085 65188.0142280187 393.110387913611 3.9254322432335 -255.783169544671 -271.777715439268
9900 1704.49509714493 43489.6671819731 393.837453140667 3.91818548378374 -261.139702137915 -271.830072244382
10000 2032.48570952866 153055.681109209 377.757274964959 4.08497279637901 -233.975195710778 -270.062291616704
10100 2438.80921530316 138183.032410184 377.04137567633 4.09272905154795 -235.64535579061 -268.164070573322
10200 1673.62075109171 79279.176319037 395.957289468295 3.89720869626692 -248.229974524047 -267.822802010011
10300 2220.27459751218 45070.0701848463 407.127065202255 3.79028643330189 -256.011803125396 -267.464502252375
10400 2099.50348188835 83976.7248302759 402.891093602665 3.83013726629551 -245.816402560758 -266.933598140671
10500 2338.22864111087 94550.0177535694 387.479285381853 3.9824791932952 -243.570086826041 -266.436589556542
10600 1894.82100689595 196505.436649349 374.508039761301 4.12041405799902 -220.457896891078 -266.390954754544
10700 1710.4834407755 113139.59721337 386.420120907147 3.99339503399441 -241.646490008372 -268.934005980911
10800 2013.86509968545 67977.6910006183 399.53942097741 3.86226767834598 -253.050326941719 -270.002121766926
10900 1979.90677725569 42838.380323119 397.299912806164 3.88403858678667 -259.181415201392 -269.804267781699
11000 1811.87716221996 171105.327091487 381.204968556957 4.04802748953561 -227.901913911248 -268.612909755862
11100 2172.23069381944 141049.45779221 384.010899512338 4.0184489394071 -235.215499065178 -269.022341920828
11200 2070.19399475885 23572.4856449018 402.010931889178 3.8385229591008 -264.231263097805 -270.145965330082
11300 1679.95032941004 112160.43203081 397.618868425492 3.8809229501021 -241.818134066529 -269.65345936696
11400 2209.15164359638 137323.156605602 382.068373757241 4.03887968190373 -235.171444430262 -267.918669922281
11500 2323.58692269946 178399.533619605 378.361870676629 4.0784452965795 -224.765254200241 -266.895182624576
11600 2361.19440941454 54783.8769738161 394.385511888208 3.91274056817669 -254.350535382651 -267.835920646721
11700 2139.73602888001 46153.81546295 402.004286128465 3.83858641589955 -256.980767439781 -268.561284091528
11800 1819.90983300293 121135.666702005 388.504994784782 3.9719648719599 -239.375295593973 -268.748970442102
11900 1722.15525392452 162268.231397727 375.1738838765 4.11310130631078 -231.058006990334 -269.055570057359
12000 1715.66216253665 129733.782858911 380.63007762446 4.05414149479961 -239.843878912547 -270.664815207707
12100 1859.39999073042 54166.8202242572 395.239012570112 3.90429118277483 -258.86841088864 -272.230759256312
12200 1736.28855278228 52272.1871933969 393.875615332462 3.91780585493621 -259.35310721757 -272.203588981328
12300 1692.28091475033 145264.852885479 379.016913444396 4.07139665046243 -236.082867416851 -270.44726870011
12400 2136.0010204834 155054.190940943 375.215470674827 4.11264543301158 -232.460229762884 -268.772540693677
12500 1465.09601734725 156570.671892007 389.852387347161 3.95823712243161 -231.060359015332 -269.158190450039
12600 1852.2121384624 55671.4883130827 411.844875821169 3.74686752819083 -255.349621959112 -269.660165891745
12700 1905.78872087221 44494.1084507362 410.480931617825 3.75931760285234 -257.729991723034 -269.129474294626
12800 2208.72049822006 136372.518551059 386.622383629675 3.99130587675493 -234.673243107294 -267.581395351315
12900 2136.93124725277 144059.217906452 379.128275001372 4.07020075688245 -233.211461306403 -267.300666074367
13000 2242.64797384042 64158.2735027466 390.905278681265 3.94757573259672 -253.334266197035 -268.987852292762
13100 1974.48193530317 34666.0341926313 399.182172311476 3.86572422042446 -261.736302547889 -270.373342745669
13200 1852.77564272406 66321.714245865 392.261349129865 3.93392873218116 -254.104879732563 -270.342444761565
13300 1884.17338918803 153512.977061449 376.52888948153 4.09829958596527 -233.492366594936 -269.569584538122
13400 2088.43350562504 159175.950544924 378.766510414365 4.07408825605505 -232.681841923079 -270.312227420426
13500 1931.27148215413 32166.5602277088 396.530763774465 3.89157243987204 -264.024759542562 -271.985824191239
13600 1599.18156186932 94710.039505131 392.03641026625 3.93618590379937 -248.64881061498 -271.823400870028
13700 2104.31683155626 158626.560387305 377.354150295268 4.08933674284135 -232.327722326177 -269.68839445513
13800 1766.70098659357 149077.820398025 380.578894256342 4.05468672896698 -233.397162441403 -268.80891142488
13900 1909.63847369251 75331.2505066113 398.677393414087 3.87061874427214 -249.859980473754 -268.605022979745
14000 2004.14629890182 52235.5102371352 402.534553716711 3.83352976189994 -254.735737276634 -267.859508472548
14100 1823.96785125101 131144.535256612 388.480606857137 3.9722142228675 -234.820422361137 -266.619109111621
14200 2368.14554429952 143024.735460066 380.024412625225 4.0606027944524 -232.175085889129 -266.099495018891
14300 2166.15913563725 117957.32213874 388.083815394185 3.97627556382049 -239.444508192634 -268.016471162558
14400 1672.73422151931 49901.3546499257 400.625074616608 3.85180132157946 -257.814454573536 -270.292314491027
14500 1842.90204387794 72289.8553267973 391.1833643335 3.94476946762629 -253.306934284981 -270.957042630672
14600 1905.83562005116 148748.991013087 373.562282636637 4.13084581498587 -235.284852705083 -269.967056958326
14700 2008.69499615637 139990.148852596 374.6756822751 4.11857044603471 -237.323848647499 -270.061131046248
14800 1824.87132227382 100663.049294188 388.320984086786 3.97384703660837 -246.466007135107 -270.863802486054
14900 1606.19901287448 57263.7213379204 396.650132587628 3.89040130101359 -256.796505224512 -270.973259571581
15000 1827.40135202831 85223.097740024 389.529253818696 3.96152067332114 -249.201526960719 -269.921397506062
15100 1988.51927804687 138724.900725213 377.643939133923 4.08619874955515 -235.143201626732 -267.841607804723
15200 2455.78599460559 124676.594699509 381.33243847149 4.04667433500151 -237.864982236836 -267.53913478937
15300 2212.08102387958 61971.1630610112 396.861536312525 3.88832892752529 -252.993282088196 -268.343632676578
15400 2244.45135243258 34014.9780996077 400.882777735565 3.8493252331334 -259.773778875052 -268.284713160497
15500 1930.27253091946 130200.06853094 388.676671665393 3.97021047148047 -235.976890464635 -267.56250496292
15600 2313.7336962175 104754.614308414 384.041558636515 4.01812813525905 -242.627369596321 -267.737040942374
15700 2102.28924964266 80371.5347997667 389.105046774639 3.96583957123503 -249.839919662415 -269.35897377887
15800 2167.56084277855 75861.6552918919 388.898594058973 3.96794489730687 -252.227957368956 -270.641965492282
15900 1913.72728638973 96099.1799609802 380.350003541253 4.0571267976832 -248.066905863215 -270.88044946373
16000 1784.37142782674 148517.484376999 373.981236025123 4.12621822492308 -236.199197314639 -270.866259513249
16100 1842.98815205415 78206.245542955 382.004017771186 4.03956010952332 -252.896293539368 -271.542865881559
16200 1613.86201454793 93703.2459193424 392.602777549385 3.93050757689052 -248.865283070929 -271.826645076505
16300 1739.98475319008 81791.398750191 394.808668289093 3.90854688817569 -250.411273530453 -270.566327120407
16400 2251.2767176137 105109.194623483 386.598571113261 3.99155172100735 -242.728165148403 -268.090579621655
16500 1969.40773181737 125521.338067397 383.557168733015 4.02320258271657 -236.957355811134 -267.006859748253
16600 2150.38032455466 97338.8187233743 389.414676446925 3.96268627044528 -244.075800742716 -267.734345602716
16700 2043.41139570258 62687.5378646071 397.404420966878 3.88301717457425 -252.999577069568 -268.548615946947
16800 1802.52452295444 76698.65275887 395.295553829868 3.90373273090309 -249.68141549499 -268.604821511944
16900 1813.8352503534 130441.876268836 386.68322517081 3.99067787640509 -237.189433373748 -268.671411428578
17000 1962.97018458564 122438.770566153 386.457782122339 3.99300586830366 -240.111121589594 -269.644332018521
17100 1329.00264778363 113368.908783391 397.654187575061 3.88057825136027 -243.7201020407 -271.857839249135
17200 1637.62360250288 36717.237208936 403.998327634998 3.81964004875856 -263.480868510312 -272.739338115744
17300 1250.27584984785 153678.463709163 388.529931675593 3.97170994062452 -235.116607623735 -272.383839420563
17400 1903.62470478591 153446.713936474 381.894354312546 4.04072009559798 -234.721382403282 -271.296899357969
17500 1730.29953116763 126864.600158475 389.616155230357 3.96063708126723 -239.628080365506 -270.478924669228
17600 2256.62253447604 49592.8208367822 400.093540236741 3.8569185369827 -256.780645986995 -269.164904062753
17700 2031.32271175776 59801.3290339459 397.152456408217 3.88548066861256 -253.599242576446 -268.422980611742
17800 2166.64931111698 138182.552690464 386.412123426916 3.99347768434595 -233.76464957678 -267.091448219547
17900 2173.84788673668 95810.8975481637 388.544066403128 3.97156545498515 -243.856752188882 -267.09186750801
18000 2126.91450030172 89186.8182214498 395.229448580228 3.90438566106209 -246.062715445506 -268.063573020366
18100 2024.56550450828 83108.797986453 396.725591687643 3.88966132812799 -248.760411388297 -269.339534259981
18200 1694.46554929037 93056.7876788795 393.857590802427 3.9179851497142 -247.517894417734 -270.393727512912
18300 2069.91447795998 97430.0722456727 385.285158675503 4.00515866526222 -247.412453275315 -270.842057220286
18400 1994.0657923204 117872.147350698 381.043248282702 4.04974553104074 -243.009264582567 -271.042621649387
18500 1548.42328670206 112118.883310286 384.160840550722 4.0168805067532 -244.492631081181 -271.375864266843
18600 1971.28626111677 72808.4188083319 390.214504420546 3.95456389853475 -253.566744996306 -271.299436159194
18700 2335.511488079 73616.0216533788 390.555227767716 3.95111390695275 -251.152554833491 -269.097595285768
18800 2327.21080596687 138863.676631449 386.588195797423 3.99165884691093 -232.619945435101 -266.126277734163
18900 2386.59327008451 124254.352508751 393.38442000204 3.92269778212904 -235.797964680288 -266.30629281666
19000 1831.1237360765 69344.3654268375 401.73957297977 3.84111572683885 -249.91824770608 -267.306079667871
19100 2387.15098107016 59989.7307774508 396.031176972956 3.89648159435563 -253.09188512322 -267.920341093011
19200 2034.28606548575 129667.574432295 384.30670038359 4.01535593921696 -237.387056811897 -268.489820881161
19300 2193.49094107832 96053.7570659071 381.826285960578 4.04144043667397 -246.682585893535 -269.573852438161
19400 2010.15836661209 106111.076164143 382.997590836579 4.02908067514335 -245.210007795752 -270.575681635022
19500 1627.67684046971 84212.9714537982 386.433685694255 3.99325485585911 -250.939722211637 -271.251297710439
19600 1564.13475084215 125714.97099155 384.215280890148 4.01631134579293 -240.95505702081 -271.102555059644
19700 1955.48339769998 115449.564908292 382.257462023503 4.03688180133222 -242.979994113272 -270.524685770877
19800 2313.79192545762 99407.2938986852 383.524064910684 4.02354984484608 -245.938576001356 -269.73438716061
19900 2245.62649039962 80789.1680807295 388.513232746178 3.97188065116503 -249.054325243876 -268.644963891939
20000 2213.81729186508 87375.1167523591 396.355810512062 3.89329019769513 -244.974859329162 -266.59022768525
20100 2294.25056709579 90300.8076489233 399.081444035855 3.8666999303718 -243.218912499965 -265.711675759279
20200 2441.84255368589 74556.0853483719 393.393019369944 3.92261203398471 -247.424528172175 -265.730778156243
20300 2339.5023575336 132773.210417258 383.754164650716 4.02113731656994 -234.506429502451 -266.308339249391
20400 2494.20906242381 99767.6969046018 386.198074896313 3.99569105123173 -243.660485890853 -267.709080088431
20500 1915.20377394168 61289.0493014103 391.143789408912 3.94516858927522 -254.158719895961 -269.121385365728
20600 1863.74498030318 103414.949296528 390.065626075132 3.95607325719312 -244.431301935179 -269.608688410937
20700 1921.20075330461 98742.9518653333 387.101655722336 3.98636422514552 -245.890292725327 -269.747564479083
20800 1514.95210187161 132831.828706198 383.040213987379 4.02863233549929 -238.350634800984 -270.107393242989
20900 1514.40937229927 141565.440479977 383.182944029417 4.02713172887897 -236.499858381294 -270.357215704871
21000 1655.09385486125 113046.713052672 388.699998697924 3.96997220744874 -242.700979613117 -270.126957472846
21100 1978.91199712824 114598.249412264 390.556863077199 3.95109736315426 -240.779992445974 -268.71519983704
21200 1921.0268504527 99923.3658276728 388.673879706645 3.97023899066953 -242.495599799514 -266.736126526493
21300 2383.42274403241 137439.58296516 387.462460543962 3.98265212505931 -232.400597384828 -265.638308081382
21400 2149.33052357418 103102.853078325 395.936565182255 3.89741268568058 -240.652155631172 -266.131364387712
21500 2337.64183175967 41364.8874283017 395.96385066964 3.8971441187281 -256.797898259084 -267.020866894953
21600 1941.86974025808 149052.42988324 381.596382853626 4.04387531225116 -232.219110244768 -267.719486201467
21700 2144.31758026399 124083.394147297 379.461837957054 4.06662287879596 -239.522779352917 -268.910872863889
21800 1672.57571156928 102092.440196254 388.283105046365 3.97423470609635 -245.475331303285 -270.217155740956
21900 1585.82642859113 76426.5454018696 393.631404633913 3.92023647935628 -252.008185539615 -270.785073365554
22000 1800.63546411087 109083.058365851 387.505315675713 3.98221167411675 -243.661436027354 -270.044462471027
22100 1630.54477465525 135630.78571046 381.546315190764 4.04440596181513 -236.760489105184 -269.059943325274
22200 1624.70348438976 152283.643660761 382.174913281392 4.03775375682477 -232.375848590929 -268.700802995282
22300 1876.75737441839 105013.756237421 390.004551674541 3.95669277509833 -243.357779768906 -268.92040843125
22400 1956.94228327136 88653.064233 398.909607144979 3.86836557512462 -246.721034773647 -268.793858226859
22500 2753.58868945144 55651.4068905351 396.39042381458 3.89295023077538 -253.593648430358 -267.362221844845
22600 2393.45737816107 163301.497708175 383.825661886953 4.02038827805269 -225.662646197125 -264.783994840655
22700 2544.31169034356 117895.791915377 388.306969561003 3.9739904581437 -236.089620780937 -264.663100471005
22800 2052.10702475086 73151.2693455223 401.203876594176 3.84624447043172 -248.201305165107 -266.519245066989
22900 2453.06375056163 22588.4093815688 402.05761750243 3.83807724239124 -262.517151891888 -268.185592328459
23000 2012.34830325492 100867.889148496 384.483202727477 4.01351263441253 -244.861678224636 -269.0675064041
23100 1864.13066603305 153561.846243944 374.140575981417 4.1244609404321 -233.302354627351 -269.162147604267
23200 1980.09305262534 101265.717304562 382.369800848522 4.03569578047676 -246.023613136434 -270.191332584652
23300 1811.25308517284 99474.1892095622 393.087899251789 3.92565681824177 -246.524336848119 -270.929950128654
23400 1671.78183651639 43755.5767163885 392.041719385067 3.93613259906772 -260.098278704006 -270.804971461376
23500 2040.29890087392 147660.726621842 376.496394281625 4.09865330798317 -234.5719000256 -269.270780673349
23600 2422.73894546997 113825.569821882 378.40095395479 4.07802405289519 -241.497137960752 -268.380383473995
23700 2029.42035098562 77311.6774438472 392.065086563439 3.93589800456877 -249.458888000013 -268.377658503379
23800 2314.59465249501 51631.4371687714 398.290557898081 3.87437804202477 -254.76955001153 -267.604786276092
23900 1896.72572449799 119003.438180945 391.557925451109 3.94099593333043 -237.230801243836 -266.314200841621
24000 2622.52157213648 129781.639513411 388.087619336023 3.97623658932034 -233.355615441068 -264.792006820099
24100 2711.06121631621 68672.1923855848 395.143014556294 3.9052397107384 -247.89792612759 -264.834472828549
24200 2333.78173960703 71002.5540720983 402.925695863845 3.8298083435899 -248.312023327419 -266.168204283519
24300 2010.56463069206 45999.2916048328 401.857213996842 3.83999126584859 -256.918724760281 -268.456247105757
24400 2267.39803550384 119826.665744309 380.512132719568 4.05539813103248 -240.41347353911 -268.87194870651
24500 1943.79505155399 192275.50853283 372.675614144598 4.14067390861637 -224.290586439415 -269.014993037213
24600 1467.49015442773 99607.8778278943 389.443774899676 3.962390186526 -246.768808751437 -270.980665529414
24700 1880.77057858122 17265.4197848925 399.311122195562 3.86447585877755 -267.231922676647 -271.534990503121
24800 1778.04253603601 108812.897143073 386.687731992211 3.99063136530331 -244.40617197616 -270.668329989186
24900 1952.52781480899 167810.521104384 375.104429500451 4.11386288858598 -229.129405271489 -268.417504793004
25000 2275.20781196777 105710.099244977 387.172193025407 3.98563796590851 -242.903074588652 -268.448331899324
25100 2184.13282417643 16953.3299995065 405.275347506431 3.80760438886955 -264.189000789736 -268.477396423389
25200 1930.46100325642 52658.8479672925 398.534699560281 3.87200460479029 -254.152509283941 -267.251177348187
25300 2441.11944226957 176060.481005011 380.157858121437 4.05917741511787 -223.413782742245 -265.188690412339
25400 2242.43128925038 142419.71521399 385.448074172492 4.00346582397388 -232.157883999399 -266.42090368133
25500 1212.94682260799 62372.3132687438 404.398743384965 3.81585802900764 -254.648555173086 -270.391692778645
25600 1794.14446363836 40280.9664525739 399.379210188919 3.86381702526822 -261.950229435697 -271.991183455105
25700 1579.72673141265 163261.352068073 374.09049205225 4.12501313091536 -232.672082799809 -270.791802773396
25800 1725.08899005491 186207.619394608 367.628174514798 4.19752428905311 -227.097430856885 -269.823789156851
25900 1492.83995909719 117311.62571396 385.016433406563 4.00795409747259 -242.798304410452 -270.989270717544
26000 1860.98506096462 26870.9099524464 398.931310913448 3.86815511756338 -264.20701185829 -270.897690028121
26100 1825.97164094077 113927.578834383 387.937439701008 3.97777588328531 -241.60185993519 -269.18731836898
26200 2716.16331939195 132232.83980027 377.324516552842 4.08965790498804 -235.862326726377 -267.004146837985
26300 1979.08885495997 144851.123429251 383.597979964933 4.02277455164698 -232.691365637456 -267.372063015748
26400 2101.10934079882 46042.1242526247 402.15854750334 3.8371139975666 -256.891995902764 -268.448921006462
26500 1647.70967989498 106703.291382365 399.558924728352 3.86207914868938 -242.348189446985 -268.958398977404
26600 2111.81928516429 92556.7317620016 386.311681373963 3.99451599904461 -246.7478408127 -269.064824409363
26700 2095.63171969006 127989.362267486 377.955676211828 4.08282846108458 -240.470125385034 -270.662994874587
26800 1765.66801978466 115041.143771734 381.290880769654 4.04711539062051 -245.148427147625 -272.526271619487
26900 1696.69815501597 42573.0692404196 386.808171267644 3.98938881463904 -262.742287718408 -273.020562963449
27000 1574.14144958923 125685.038605494 380.055021168104 4.06027576513342 -242.287611816448 -272.101574265482
27100 1804.12240750298 164702.700130037 377.17455129488 4.09128396008797 -232.14007729504 -270.913375379616
27200 1960.56329758887 71535.6943877659 388.09916608137 3.97611828813511 -253.208578305525 -270.536846031923
27300 1900.21084871006 62197.2629813146 394.879952871047 3.90784130884975 -254.564323102465 -269.893752959144
27400 2040.08897537755 63426.0823186537 392.755969611898 3.92897450646253 -253.441265119525 -268.989472486033
27500 2365.19440580659 115871.071481425 381.744150725759 4.04230998414088 -240.279976696211 -267.888110866423
27600 2084.10089590996 137963.282883646 382.440133051787 4.03495360058658 -235.070981903562 -268.002869409266
27700 1974.46869485113 49283.9387564696 395.770479362372 3.89904824218385 -256.716780993752 -268.890925394518
27800 1995.36871648402 94352.9477133499 392.410749542793 3.93243098886576 -246.100469639968 -269.209728160342
27900 2051.66351961247 127315.452076733 380.893717565231 4.05133537441936 -238.824570497702 -269.091932330187
28000 1932.63741724631 146123.51337669 375.22978983034 4.11248849022313 -235.062453640538 -269.284585355494
28100 2203.13794133952 89195.5357215177 383.655748936248 4.02216882229632 -249.721758810337 -271.080441863676
28200 1393.49795865452 47618.840331264 390.219477317152 3.95451350218466 -261.971435281362 -273.569282949528
28300 1540.170303409 94690.0665647745 380.297340777173 4.05768861994299 -251.47638363187 -273.952297186086
28400 1931.59367932008 144133.164974512 369.533373302659 4.17588316333813 -239.68482790201 -272.928365463459
28500 1796.46726961993 119269.961624516 376.047881277814 4.10354177936745 -244.904557139801 -272.89848687787
28600 1931.10604423439 49897.8114806522 392.767660167153 3.92885756227842 -259.996840997341 -272.229105459289
28700 1764.69783202588 65248.93554158 397.573845072525 3.88136244622587 -254.791184349075 -270.982453032741
28800 2027.10572229382 86416.6050340371 390.535763880761 3.95131082626602 -248.534969061535 -269.599299276683
28900 2397.0572717937 158593.995683598 380.647383819267 4.05395717260152 -230.794093670565 -268.473081938341
29000 2156.50394073046 122122.783930685 385.407843777026 4.00388372157491 -239.292573125269 -268.66953554531
29100 2051.98033393229 37100.5794606097 396.500492587631 3.89186954547117 -259.816561849724 -268.998070897833
29200 1799.47813507598 109587.684900653 392.587453823358 3.93066099499053 -241.71628819236 -268.56897900735
29300 1485.78615897464 134236.874862556 390.295216493315 3.95374610462988 -235.987631853887 -268.688155258061
29400 1642.32010265778 81936.9308774869 399.908098642458 3.8587070307015 -249.293924910355 -269.745630596847
29500 1846.17156771265 55613.7973679919 402.787061514545 3.83112651648666 -256.726717366851 -270.708022186588
29600 1889.68507319656 68932.0180911765 392.052177247446 3.93602760403028 -253.959274353326 -270.826921441338
29700 1821.57985570782 143060.207497052 376.109936160434 4.10286473050763 -236.884904643077 -270.468199310559
29800 1687.64612496107 180795.923049268 374.294434163351 4.12276553167408 -228.925810942931 -271.162672934582
29900 1691.99508551003 76322.673609932 389.20621598831 3.96480870159707 -254.043308574951 -272.583874480039
30000 1605.68487820695 74541.9383283412 392.249841459812 3.93404414421981 -253.928274321295 -272.177863858652
30100 1836.65108535362 149916.567281659 380.384953688788 4.05675402484145 -234.408765491521 -270.001602175006
30200 2384.17634630517 120263.851860357 379.643865518417 4.06467305815393 -239.699356963605 -268.196487961595
30300 2163.60426216091 71437.6154099467 389.214078741943 3.96472860605139 -250.942755118381 -268.296976497426
30400 2018.99095273015 89907.99631852 393.217671125574 3.92436125123513 -246.004586592624 -268.070453198417
30500 1889.15866254722 109066.394453655 392.184188754391 3.93470271396514 -241.495152574737 -268.192657767937
30600 1767.48250702565 113888.595656379 388.38197254702 3.97322301482286 -241.053897824696 -268.661516231055
30700 2384.4420806909 109051.419719396 384.031374215018 4.0182346950698 -243.177391261537 -269.316313268531
30800 2338.81808829757 66967.7814354666 385.875904223173 3.99902708351969 -254.572036155678 -270.700879148463
30900 1808.47469457796 77263.007005613 384.406062477706 4.01431804149971 -253.405453959284 -271.942967334505
31000 1703.81479468663 98127.1582759181 381.20053115471 4.04807461099744 -249.195150295524 -272.542219020776
31100 1615.69884314584 131497.747347484 380.027629717047 4.06056841976219 -241.55040808485 -272.740964953956
31200 1828.8814596409 93556.738694777 383.805738617175 4.02059697550615 -249.527052390584 -271.938823626377
31300 1743.77381175198 116791.519068663 387.184174059185 3.98551463425836 -241.370057417378 -269.594056363635
31400 2156.58130710397 104000.029828099 390.833573196846 3.9482999867284 -242.821850101276 -268.191528953946
31500 2230.53343134896 69308.0610157224 394.079296302446 3.91578092618651 -250.636692131657 -267.684047346993
31600 2307.81910951584 81486.3033616756 393.910461264445 3.91745927973761 -247.29561357049 -267.329802902272
31700 2277.12396512221 91273.1592690365 391.935331579449 3.93720103173019 -245.221819649676 -267.54968174378
31800 2078.00103310275 101929.402820499 390.02792638321 3.95645564710145 -243.734390226442 -268.547707373185
31900 2000.79853389558 116641.966397127 384.520076810463 4.01312775308415 -241.360230976067 -269.354136690167
32000 1924.18981384973 117749.069482978 382.832863207416 4.03081433223266 -241.917646939717 -270.053257098883
32100 1591.32703723932 86634.7842192343 389.389574772853 3.96294172170965 -250.137410114256 -271.192944125437
32200 1900.39588771865 63079.0938600527 392.914256362409 3.92739170665978 -256.069310475338 -271.53868932095
32300 2148.28512316172 90310.6719008275 383.424122609995 4.02459861252844 -249.074921435932 -270.687577804249
32400 1854.15853455632 161247.133439092 378.078177264358 4.08150558445784 -230.903573334476 -268.954326356852
32500 2043.13386645197 134203.632993107 388.854934314874 3.96839040909939 -235.13254953439 -267.704332288882
32600 2110.78230095917 86311.7804188807 401.105270925568 3.84719001150317 -244.722671707502 -266.330846630167
32700 2322.49913264139 95947.6876161964 404.230412916976 3.81744703653225 -241.207605634814 -265.415283992052
32800 2351.48599963785 52751.9013287637 401.969775351697 3.83891597450575 -252.22577858921 -265.460693672847
32900 2397.05057520725 125056.78104367 391.098425675525 3.94562619166966 -235.0645343933 -265.591452111933
33000 2368.28608870744 156024.030985842 383.845167717021 4.02018397429389 -229.039325341518 -266.419146067665
33100 2469.26709764345 88471.3731246782 390.133537671225 3.95538461286184 -246.409532714608 -267.95250864751
33200 1844.15391364838 66325.0993015321 395.065790794278 3.90600307043459 -252.830022330157 -269.184511242626
33300 1685.43294979152 95072.4751042381 386.073660050045 3.99697868967826 -246.6284156288 -269.537863141923
33400 1966.10009786929 168063.174183247 375.194744174735 4.11287262368328 -230.119791072007 -269.476515904057
33500 2016.06671751889 105363.417083977 385.045914918821 4.00764722355633 -245.563259317307 -270.884909790942
33600 2017.71659120928 21155.6494828493 399.870340712764 3.85907139078011 -266.405771893004 -271.6857874011
33700 1731.53986499151 70866.9572607732 392.886320471458 3.92767096093951 -253.821446063996 -271.199467824515
33800 2094.80143343419 156896.191870319 379.973422380616 4.06114770395805 -231.488691183216 -268.698313833062
33900 2170.38689055814 147887.516351195 383.109522069423 4.02790351837429 -231.588917338964 -266.95151047982
34000 2396.46120603673 83529.3458291726 397.4990948219 3.88209234176375 -246.108544597308 -266.832128645734
34100 2198.84597922559 50108.260563643 401.806564161312 3.84047531699011 -254.573829209317 -267.140377285124
34200 2294.64463254577 122298.679230567 392.306160070248 3.93347938148563 -236.910330035227 -266.856172600392
34300 2180.35680941702 125100.060294583 390.241289125698 3.95429247203279 -237.017912276892 -267.488468298068
34400 1722.12307872513 140144.419425357 394.435224242532 3.91224742878764 -234.542121471355 -269.043872996472
34500 2159.57713232202 55154.6002763375 401.128797118664 3.84696437391311 -256.135732628207 -269.944509916108
34600 1795.63910533484 92379.6664092643 391.509909966011 3.94147926421604 -246.975009624789 -269.549023710367
34700 1957.93750007834 176746.401605476 379.782573990963 4.06318851244301 -226.724986544945 -268.621246629504
34800 2072.67026523503 84947.1843770099 387.049338294103 3.98690306168037 -248.974989889012 -269.496294191671
34900 1892.75046979586 85521.0854858871 393.835337265956 3.91820653417915 -248.986922228277 -270.009091474727
35000 1656.61294216692 78763.6258918803 390.819037959186 3.94844683085084 -250.31090801086 -269.523725386001
35100 1701.34813148123 172941.068416549 379.340558707304 4.06792302179526 -227.340096322376 -268.286622199251
35200 2123.41490569448 154998.559389753 383.76856104217 4.02098647079263 -231.620815273691 -268.747545131865
35300 1855.5657682803 35131.9199015555 401.468601570084 3.8437082895927 -261.069544322846 -269.872795870568
35400 1992.45124585344 64353.1313471654 397.615269900406 3.88095807349814 -253.005396212144 -268.976038453832
35500 2256.10958217384 121464.976368768 385.240278395153 4.0056252640418 -236.903458407785 -266.109479911387
35600 2435.47656117609 154508.488616643 383.400643278588 4.02484507764596 -227.857206538486 -264.831069235651
35700 2237.57012684254 29218.0487105727 399.34652173597 3.86413329746332 -258.875420279032 -266.158092396916
35800 2043.75683254942 21273.4094301856 402.365650459617 3.83513898391531 -262.267166509043 -267.609704751784
35900 2045.96237992242 127122.874196094 382.999281495798 4.02906288972516 -237.913007720032 -268.301650593513
36000 1812.45360553433 158127.231024039 373.811030086443 4.1280969999983 -231.950015123043 -268.843393046021
36100 2172.66951027055 93858.9197517283 385.663391388376 4.00123067504776 -247.982466236635 -270.575451031695
36200 1813.39405818239 57603.2380935819 394.672739318066 3.90989302816407 -257.210339641988 -271.400054552913
36300 1976.86382763433 93787.2283290829 390.767486152073 3.94896772774383 -248.168826966738 -271.043335141914
36400 1892.90807473674 112432.778167086 382.911778629891 4.02998360976943 -243.359599114122 -270.230443284074
36500 1880.87554606602 142299.342720459 380.506522376496 4.0554579254735 -235.547965973672 -269.343136502651
36600 1992.15081590774 107807.376189897 386.108630581129 3.99661667635756 -243.152202126513 -269.13270950958
36700 1736.88917429797 89411.9792343097 392.112115021457 3.93542594770803 -246.487113568659 -268.369546799841
36800 2295.28322048943 125186.532860698 391.600646981335 3.94056599181173 -235.621799158067 -266.219631083326
36900 2337.04089070123 100493.32522321 394.424724338017 3.91235157597189 -239.9246743795 -264.664178484682
37000 2568.77124241655 64917.5720602893 397.957566141873 3.87761993527719 -248.553818858803 -264.678408738227
37100 2413.46360788976 96587.4759004475 392.177485160447 3.93476997088397 -241.90765263205 -265.55013733747
37200 2504.84656625452 116122.599385487 388.511661052437 3.97189671909963 -238.586013137427 -266.744573678655
37300 1850.92891274964 101686.196655041 389.121043452441 3.96567653647013 -243.098376614937 -267.794930925352
37400 2155.15244706663 89317.1926646814 388.685292977939 3.97012240942624 -246.804091240723 -268.472290218076
37500 2375.41912082599 118033.477504324 386.307264352528 3.99456167217691 -240.55661623557 -269.016146004425
37600 1919.06140694562 105127.453628567 386.628762841199 3.99124002189132 -244.223133745558 -269.59193508365
37700 1700.54659016057 123030.372846461 385.342462587393 4.00456306191833 -240.604683538822 -270.194948310338
37800 2124.18885266975 93793.0702662853 386.337683572701 3.99424715082378 -248.051869322898 -270.668477107276
37900 1612.8349549625 85815.6821581841 389.357303305477 3.96327018593364 -250.362514315626 -271.217246978619
38000 1774.7290719407 91118.4916348021 386.491800520784 3.99265441022761 -249.04004652882 -271.020489939813
38100 2163.64859360126 107736.338013591 379.470251787748 4.0665327113158 -244.683029384122 -270.200027862572
38200 1998.26656565271 147359.109531808 378.292049552614 4.07919805264503 -234.355288596956 -269.148446257823
38300 2049.28440966541 92533.4217052907 390.211055858093 3.95459884772539 -246.106090063604 -268.642660900701
38400 2197.33169551014 53064.6193172539 401.195736315754 3.84632251089436 -254.723666628396 -268.01140304152
38500 2049.44850132105 107597.977990341 397.299373630706 3.8840438578201 -240.004674596439 -266.686260089357
38600 2613.61653158481 154634.03851445 390.970493649069 3.94691726596436 -227.944624398224 -265.67913515465
38700 2053.76757253253 34069.2374977776 400.810304033487 3.85002126027477 -258.270123334671 -266.793092832522
38800 1850.15297155996 96795.0584082346 400.723304474485 3.85085712419397 -244.271148935279 -268.480738616658
38900 1868.35458765139 132748.630786794 389.85571342795 3.9582033524598 -237.36719988964 -269.668767265001
39000 1909.80680506686 135704.170621465 379.843890522657 4.06253260975925 -237.568597180713 -269.741332287618
39100 1742.47657681075 145016.236487758 381.322619066377 4.0467785405552 -235.406136169851 -269.920417901396
39200 2103.36739440486 62399.8480423994 396.484212306872 3.89202935190712 -255.240163771337 -270.682004666619
39300 1988.96596354636 51697.8641271122 398.240116877296 3.87486877004303 -257.66437927159 -270.514501247719
39400 1963.78959519226 119287.364965426 382.211590261904 4.0373662944358 -240.567568293233 -269.024491398514
39500 2083.35123446789 185372.310837609 371.526935921505 4.15347594660578 -224.454825436106 -267.440605498531
39600 2618.49855458222 90518.4153992193 386.833692529261 3.98912561565302 -246.748275089701 -268.603278499611
39700 1891.57217050743 18679.456432064 403.642969911937 3.82300276950887 -264.795492594156 -269.501485517269
39800 1656.40132902469 107056.467274767 391.129794958311 3.94530974565769 -243.166967053853 -269.302024018014
39900 2305.88949389317 161525.334853626 374.029271633668 4.12568830542624 -230.880992778597 -268.589199924118
40000 1914.85787754743 120938.174162851 379.311390664144 4.06823583432131 -241.64333498687 -270.275153657344
