# step temp[K] press[bars] vol[A^3] density[gcc] enthalpy[eV] etotal[eV]
0 1984.00096556163 150204.667668476 375.781719341225 4.1064482715427 -235.155687190097 -270.385368982046
100 2087.16222690967 154119.346999647 373.49510714491 4.1315887741132 -234.260135705012 -270.188026309285
200 1694.55948813755 168182.093240804 371.518387659113 4.15357151388701 -230.992633486038 -269.991295689583
300 1881.15003916932 169965.481406276 373.50162486056 4.13151667664691 -229.890070646768 -269.512661213695
400 1966.53752977322 134380.665149025 382.787789530748 4.03128896498452 -237.231269030872 -269.337143613396
500 2048.09036575949 158070.431523097 386.412126779256 3.99347764970031 -229.378056536822 -267.501404136636
600 2360.04466322484 182897.673187469 379.977524760164 4.06110385828772 -222.469491724021 -265.846114176147
700 2492.26995932645 165003.135292346 378.14252724591 4.08081101881093 -226.855203198021 -265.7989166921
800 1876.61123828557 125058.933225143 386.21971007439 3.99546722141368 -237.494458255737 -267.641089998511
900 1930.85490390059 80938.456319301 387.280813765259 3.98452011310183 -249.516613835579 -269.081194409719
1000 1895.48700249285 190147.012982613 369.913184244316 4.17159554617802 -224.703762517285 -268.605222217226
1100 2228.87199814355 230424.618203057 363.142557081758 4.24937304034763 -215.927567848458 -268.154638379605
1200 1992.18143272465 127319.066061485 378.04958484558 4.0818142744329 -240.332675691218 -270.374883941976
1300 1834.64589450519 79323.2975624372 389.925059923216 3.95749940301347 -252.055878340924 -271.360955874729
1400 1635.06129612662 170080.673610227 377.5975620103 4.08670062288175 -229.908245814678 -269.992498517355
1500 2483.98354854014 192008.916918284 366.228041956688 4.21357191443199 -224.156546401994 -268.046248742035
1600 2031.8928970313 173909.494118308 376.867873765461 4.0946132564923 -228.166682115551 -269.074098543138
1700 1908.7981345305 56729.8154770675 390.980139202363 3.94681989477586 -255.813862934012 -269.657675492833
1800 2142.88110019257 140754.527185687 380.387343121049 4.05672854203 -234.130503995875 -267.548320714833
1900 2815.73254659793 196641.508526741 369.491482375228 4.17635660217746 -219.527730161409 -264.876892680049
2000 2510.57765295496 171427.733938127 377.843577784505 4.08403975241365 -224.958698687872 -265.386746610602
2100 2040.06760304701 123302.18575082 387.573496124195 3.98151113865545 -237.199142137866 -267.026479644814
2200 2180.18049488041 125174.248992244 384.41054730958 4.01427120734901 -238.274831463282 -268.307915561179
2300 2170.76283204542 134833.111058836 376.024780129221 4.10379388117938 -237.471485158752 -269.116307648682
2400 2080.44061425654 171078.217827997 369.907587646318 4.17165866124801 -229.838756697984 -269.336983551009
2500 2098.5335154694 165869.421162018 372.440616951453 4.14328653114455 -231.365444004274 -269.923311724193
2600 2108.77992650412 104256.345637422 379.149967393673 4.06996788757174 -245.808882834232 -270.480815077035
2700 1715.56740941681 141384.186662207 376.981814550065 4.09337568102025 -236.862932026219 -270.129720820465
2800 2045.93335189722 195511.361659094 369.929874034152 4.17140734009402 -224.017416661377 -269.159442768235
2900 2328.78206967219 146351.747722771 373.270270795657 4.13407740342356 -235.234027448622 -269.33061824489
3000 1825.25345129457 138077.92834405 381.683021399875 4.04295738963312 -236.77193325264 -269.665937676618
3100 1714.40816039112 141387.244837717 385.536708101649 4.00254543715009 -234.836394698653 -268.858846620957
3200 2410.51309758815 154201.228585297 381.125736659456 4.04886903044529 -230.298025479097 -266.979412853313
3300 2414.71830971724 175159.514111097 375.920069564744 4.10493697144932 -224.449610181426 -265.547439746128
3400 2457.94162829077 156652.178572909 378.851577444958 4.07317346353221 -228.858887563276 -265.900951881742
3500 2170.85003554189 152931.630923793 383.957108112943 4.01901191372709 -230.964048368774 -267.61368512758
3600 2266.52656057738 87137.7105219878 387.236440997013 3.98497669251645 -248.6957518899 -269.756413370805
3700 1734.08407848542 157115.969488328 376.265267720238 4.10117096700372 -233.030103099185 -269.928211592631
3800 1689.71271503645 226243.209802125 367.038878568487 4.20426358614809 -217.426948016419 -269.25647741565
3900 2162.58170807765 129352.974044896 376.526358835172 4.09832713077503 -240.163842238529 -270.562992595325
4000 1847.66983952173 130682.945461469 380.087743197783 4.05992621304585 -239.965016649322 -270.967210112332
4100 1903.60190404358 186058.504478199 372.302784236812 4.14482044508315 -226.21628499785 -269.451283918487
4200 2192.40386705337 180838.730713127 373.465122516393 4.13192048957232 -226.545895304272 -268.699152901976
4300 1802.2694520201 111839.151803342 384.337086609264 4.01503847958066 -241.931309937126 -268.759773450944
4400 2017.62067988859 155122.729091734 385.367418600718 4.00430373037054 -229.944658618077 -267.255932174005
4500 2488.10636390968 157923.633978014 379.214338779485 4.06927701318662 -228.040109704517 -265.41857982727
4600 2774.63522518577 152059.295442974 380.193559656414 4.05879624384134 -229.392838236237 -265.476231553584
4700 2154.76225482254 151601.648681128 385.934475928949 3.99842016744369 -230.532537808501 -267.050551169524
4800 2059.62494132434 114821.671322248 382.419755920482 4.03516860197722 -241.477634366373 -268.884150141281
4900 1842.11580079218 200733.797734013 370.236500256578 4.16795262162622 -222.596988603497 -268.98325051425
5000 1820.10776927876 193199.792478445 369.648461488845 4.17458302315343 -225.150055232483 -269.72442394256
5100 1995.24229626932 110527.236698036 381.572542224155 4.04412797333726 -244.616637364841 -270.939678984713
5200 1850.13713145379 139006.608305198 382.805531281752 4.03110212827711 -237.351615706467 -270.564247737922
5300 1575.48361024826 179814.75757648 376.102114391205 4.10295005749695 -227.327419132083 -269.537943704911
5400 2348.32868348466 157126.130842509 373.770981839275 4.12853931108456 -231.700114359215 -268.355993532084
5500 2633.14510354812 142601.760169957 375.578321759064 4.10867215295788 -234.663353110559 -268.091711200022
5600 2080.35119212635 121933.158197993 380.848557253384 4.05181577421457 -239.392453367647 -268.376817687717
5700 1742.77923393557 159776.708322377 379.062547642381 4.0709065072869 -230.432871651788 -268.23480303113
5800 2018.23293865219 162945.338587855 374.889707222965 4.11621914961871 -229.806437787802 -267.933654281458
5900 2023.89779937937 155956.409125059 376.94768323367 4.09374632211105 -232.654152724848 -269.346369284718
6000 1849.33836372708 117601.881889584 377.90868728615 4.08333611737714 -243.500999719705 -271.23999901677
6100 1641.12365698994 154512.951066982 370.477287150492 4.16524371503316 -235.972232958758 -271.700842722359
6200 1707.88915487215 188275.193046671 367.479986560708 4.19921695956412 -228.362570622296 -271.54593113876
6300 2017.92570646096 124157.836695266 373.614662762119 4.13026667759191 -243.021646643848 -271.974254728023
6400 1716.28256498378 118256.908005096 375.869632756742 4.10548780051303 -243.744499515683 -271.487498232006
6500 1529.98840836288 176112.456084353 371.354581692165 4.15540367062254 -228.891247540895 -269.710824822165
6600 2290.41956914815 167619.711852787 371.72986615895 4.15120853164455 -229.267716646048 -268.158096733784
6700 1564.89269254422 146859.680226405 380.062160765501 4.06019949146748 -233.636362004463 -268.473851754299
6800 2109.43329651172 128118.957695168 384.407836087535 4.01429951993676 -237.997050024911 -268.736441901767
6900 2203.42138924937 127728.039133667 379.886008920334 4.06208219210761 -238.42515748567 -268.710269652594
7000 1566.43278876527 208905.03454885 369.067390123946 4.18115561861991 -220.061063195389 -268.183124581695
7100 2006.79489859291 179670.867950744 369.927505899726 4.17143404384859 -227.708962233333 -269.193278139763
7200 1947.99429385295 99266.6711813281 381.791535544755 4.04180828593889 -247.406447499837 -271.061253832807
7300 1709.58622860077 112860.817503774 383.68882426158 4.02182209720576 -244.596164318952 -271.624044439041
7400 1696.62398965951 139683.951045234 376.74882838189 4.09590707552761 -238.42326803329 -271.269689697847
7500 2231.96775541357 164483.995141058 370.191291089365 4.16846162783879 -232.033237551971 -270.038128102297
7600 1991.47676090396 192204.459617685 371.625863512912 4.15237028251803 -223.627333821219 -268.209281113827
7700 2141.03933974547 124908.999953799 384.485483625461 4.01348882489755 -237.415073421326 -267.390358451664
7800 2062.6801146053 98567.1628951792 386.802292733725 3.98944944446958 -243.116828193141 -266.913210549339
7900 2352.29172852901 210821.573510776 371.965740080777 4.14857613373481 -217.014463982379 -265.959385229152
8000 2140.81366161734 178305.542244036 369.895908886754 4.1717903734333 -225.790220761034 -266.955779367032
8100 1777.59736205461 140550.424601403 382.725965053714 4.03194016807704 -236.220876333581 -269.795390061801
8200 1828.91776788485 73376.3138759642 391.506102873779 3.94151759203514 -252.99969104453 -270.929847109621
8300 1787.46005396693 157137.265204434 376.629740027254 4.09720217992996 -232.933435510551 -269.872291711812
8400 2082.58994441235 226808.503255474 362.728868039357 4.25421941244193 -217.055614811141 -268.404509048174
8500 1993.63922778472 156056.920674169 373.857097776914 4.12758832463555 -233.507290598181 -269.922122204591
8600 1836.27646117129 108278.514801759 387.601809657658 3.98122029726605 -244.590890296854 -270.785849643846
8700 2094.5702504626 130256.098438057 381.495456412855 4.04494513873357 -238.611901678168 -269.627279649437
8800 1867.08416431413 206443.959292778 369.275701654252 4.17879699355613 -220.034552666047 -267.616537497383
8900 2137.51744937767 184956.726635785 373.528204131585 4.13122268893653 -224.032279982593 -267.152718924445
9000 2239.80885001712 132379.181013655 386.416542372209 3.99343201611625 -235.186694261555 -267.114203752152
9100 1777.25057430126 131785.228835925 388.016563840436 3.97696473725977 -234.413907698647 -266.329774432332
9200 2456.21345380203 176631.182551829 380.896578185753 4.05130494796301 -223.183241742963 -265.175002972075
9300 2067.432735471 150166.320184739 385.23130836714 4.00571853416301 -230.799941983395 -266.906306043438
9400 1819.08695517037 107099.60911135 388.9926781882 3.96698518607986 -243.561717663042 -269.564448186885
9500 2208.24878429336 134560.110595925 376.480118423795 4.09883049954063 -238.352215895612 -269.971208167857
9600 1976.69669970407 195160.748222114 363.542916993595 4.24469332156816 -225.066032475226 -269.349110957104
9700 1892.10538133949 182357.631994912 369.431624118 4.17703328877235 -228.315470239982 -270.363694114313
9800 1764.51435950608 108036.287038753 383.048326346522 4.02854701542317 -245.451512840673 -271.280826237098
9900 1745.03584482988 137189.564419177 378.38163805923 4.07823223077375 -238.08754147359 -270.487225347096
10000 1905.29091704081 221009.706978402 367.191419173306 4.20251702869395 -217.921060997638 -268.572701410836
10100 2200.21648876535 157564.597155226 374.291910510631 4.12279332930518 -231.562900690653 -268.372299716333
10200 2238.99361220591 116806.580241379 385.991946757963 3.99782483760922 -239.903773211007 -268.044492602104
10300 2533.54118923299 114556.638823083 387.279118146305 3.98453755847265 -238.811105168126 -266.501808446578
10400 2405.9204292499 203742.316717892 379.000450011172 4.07157350821254 -215.98118242229 -264.177139436015
10500 2760.7197516911 126835.781077996 382.331967337296 4.03609513118416 -233.495418935171 -263.762604671769
10600 2458.74917549901 132211.307890264 385.093579256492 4.0071511834746 -233.201377609687 -264.979228410547
10700 2412.40486688543 120406.664417336 383.118552945898 4.02780857257005 -238.744862170368 -267.536962813844
10800 2303.9430308925 143961.466160561 377.765502262847 4.08488383037269 -234.801738029333 -268.745361325918
10900 1714.71640334403 169372.093455796 373.082956802087 4.1361530022523 -230.266852611874 -269.706852778053
11000 1832.04572749665 159415.458597016 372.076867164094 4.14733709092849 -233.303762154373 -270.325154249629
11100 1599.42201427277 158709.848813536 373.911229845608 4.12699076329774 -233.747088415826 -270.786325203084
11200 1917.35005885512 142550.608708431 376.288540340441 4.10091731858217 -237.602178761136 -271.0817363976
11300 1831.35419768756 150507.240534947 375.439276850371 4.11019381033254 -235.696006956227 -270.964486769272
11400 1918.04524660637 188778.898083317 372.507321137157 4.14254460061455 -226.304363190288 -270.195608388455
11500 2062.80209664048 148425.429548891 378.035969836075 4.08196128144964 -234.367920043481 -269.389124765839
11600 2056.65633100954 137933.94688158 383.907967492802 4.01952635144268 -235.296688931059 -268.347942145401
11700 2406.01809656443 117727.817760888 384.107241428202 4.01744103060489 -239.09821611291 -267.322389491746
11800 2217.37366513063 167258.954505439 377.165275286881 4.09138458118229 -227.089932311182 -266.46403973333
11900 2197.78664100992 183401.167525 372.99700714729 4.1371060954834 -223.950089384798 -266.647062280196
12000 2116.21905878635 202910.505183565 376.495810461771 4.09865966363206 -220.628537115028 -268.310521653119
12100 1919.49595267332 89703.0336337358 389.68143244388 3.95997361790737 -248.453522915306 -270.271098345326
12200 1832.20288227451 143692.699661989 381.340005677197 4.04659403391411 -235.871525948004 -270.072361439521
12300 2003.29614926607 237705.052336641 363.65469907401 4.24338856556908 -214.357723164723 -268.31092949115
12400 1904.99482727542 194861.880700602 368.231873848403 4.19064263975532 -224.377331766774 -269.162881593529
12500 2026.68425401157 75275.6903906674 385.699547469484 4.00085559340256 -252.598852702322 -270.720326659239
12600 1821.30577375892 146887.550387431 385.952652101392 3.99823186461932 -235.213388952264 -270.597530233019
12700 1736.19039545088 154607.313715659 378.762255465512 4.07413402364911 -233.099419493366 -269.649334471152
12800 2093.90330365946 183988.156608345 372.871379989956 4.13849996185732 -225.667278293053 -268.486479458693
12900 2233.5120140216 144762.45674761 376.172164556171 4.10218601285076 -233.665381563826 -267.653900744589
13000 2358.26182482469 104317.936178548 384.994346133181 4.00818403533725 -242.153872972577 -267.220908738625
13100 2584.09721204593 127523.364646133 384.341997353735 4.01498717936327 -235.653439470306 -266.244691231497
13200 2008.90051384593 190171.027215097 379.264290799757 4.06874105814738 -220.827828676176 -265.844766427663
13300 2228.91227798565 127753.140144335 383.280053317559 4.02611139950868 -237.396882375717 -267.958577898031
13400 1921.03232624356 109148.668456589 382.123305000358 4.03829908218938 -244.031389566543 -270.063633783719
13500 1734.30212740971 174765.642777127 371.927913334775 4.1489980626357 -229.533586866576 -270.103537081616
13600 1844.67663824937 171301.462110963 369.893027969275 4.17182286548613 -230.560283180485 -270.108495575179
13700 1890.28651541059 148460.80264066 374.027979877273 4.12570255405078 -235.427863396558 -270.086026278516
13800 1636.23831041233 183497.210962939 379.716655296236 4.06389388072074 -226.9482828144 -270.437216276497
13900 1855.39374416043 90164.34527826 384.763699559569 4.01058674098546 -248.709331113263 -270.362355644349
14000 1883.67937887913 212732.260289788 371.549615077003 4.15322242103873 -218.484101137033 -267.817360877849
14100 2535.55542551052 206674.706934332 369.637472587695 4.17470712875307 -218.615534487483 -266.297369990007
14200 2156.21943602458 120631.806269655 387.927771217789 3.97787502302789 -238.221173163124 -267.429208447728
14300 1704.82898382914 95728.7549153896 398.218875104936 3.87507546310929 -243.969829448721 -267.763086369917
14400 2307.32775292132 153836.53695165 385.260157931035 4.00541857261647 -229.444536734363 -266.436146910617
14500 2213.81182377544 167950.466784208 374.361881509715 4.12202274879867 -226.688067940047 -265.931093128452
14600 2224.00206616673 171517.261486907 375.267015501849 4.11208054031201 -227.63521959329 -267.80855307137
14700 1991.58628886798 152385.170862217 380.788090688557 4.05245917506446 -234.040578856345 -270.25784846545
14800 1699.81311876769 129002.229641005 378.345599006458 4.07862070001184 -240.285727345308 -270.748929025457
14900 2018.06047172336 153011.069105172 370.368452858115 4.16646768902124 -234.935690483512 -270.306620549362
15000 1994.69138909061 179159.234692334 368.551277542339 4.1870108337607 -229.447468520055 -270.659759943234
15100 1895.70516448197 146364.472185294 375.758870075134 4.10669797776848 -237.50347496348 -271.83037258524
15200 1822.50194490938 138097.711524998 379.185185062056 4.0695898802417 -238.626605729058 -271.310025003559
15300 1983.92375352925 131463.479207602 378.214820929123 4.08003099422511 -238.290878876939 -269.324561025706
15400 2285.21666017897 138290.90931474 379.352955293243 4.06779008924095 -234.952533888378 -267.696158038861
15500 2000.29383594375 151631.146019085 383.404889934723 4.02480049779451 -231.270653689813 -267.556370556914
15600 2062.19915479517 120759.159418693 385.286009815354 4.00514981741916 -238.793132770895 -267.832888803444
15700 2326.9087370273 186349.172167488 377.255898639465 4.09040176026739 -223.732709940226 -267.611349033214
15800 2181.99202411716 159952.103103276 376.503335829048 4.09857774159744 -230.534142478055 -268.122073889641
15900 1692.20884667639 155959.373455691 378.209923139071 4.08008383031954 -232.524019151103 -269.339802335723
16000 1585.37279528431 151204.131226289 379.411952903255 4.06715755805299 -234.352761969202 -270.159462863646
16100 1976.1990202567 121211.380996225 376.514536277745 4.09845581825769 -242.046648384544 -270.53155432804
16200 2083.52379160029 182120.428091397 370.171225139597 4.16868758851849 -228.205057828456 -270.28265788659
16300 1796.74319104631 162359.944106739 372.395480690706 4.14378871892855 -233.075660684274 -270.813144307673
16400 1631.68440093524 157996.246892345 379.394276080347 4.06734705596698 -233.557502395752 -270.970903299543
16500 1724.05081651176 149563.33937432 381.80868576788 4.04162673450614 -234.938787265476 -270.580666949496
16600 1877.18574426128 165027.050087077 379.010225756941 4.07146849081514 -230.850380362427 -269.889112680312
16700 2298.90075130608 135430.083348888 380.388155444768 4.05671987883488 -237.416554668432 -269.570315253994
16800 2094.66262343826 118343.760540422 381.447683400607 4.04545173301127 -240.839353647194 -269.014747121671
16900 2197.3591403887 161724.761751977 378.68492404034 4.07496600446057 -229.914384009453 -268.139092160827
17000 2113.51061873671 175737.732993202 380.069443929997 4.06012168699976 -225.951776279173 -267.640405750548
17100 2360.05076528926 138305.494081239 384.630246460029 4.01197827281762 -234.191419268271 -267.394050985341
17200 2432.4992060549 115629.939884377 382.341841316982 4.03599089901014 -239.513044418451 -267.106860784354
17300 2133.2844969976 224671.527436759 372.055867997958 4.14757117034528 -214.393317272517 -266.566320780502
17400 2234.48958863051 155260.878692137 378.165130140046 4.08056710912149 -231.648957386431 -268.295513116259
17500 1817.27479704442 145828.286845604 385.514088460354 4.00278028237304 -235.08478453148 -270.173839373451
17600 2060.28404665028 94430.3174149396 381.982894630218 4.03978349177117 -248.440018461302 -270.953621667322
17700 1774.61604212289 204061.922069392 367.481253664493 4.19920248033926 -223.449774477126 -270.254187690805
17800 1867.12836233468 189203.450128878 367.727949041351 4.19638538731956 -226.995616389281 -270.421166987133
17900 1941.1818855331 121529.873375793 379.396085296604 4.06732766011472 -242.608262257934 -271.386588619211
18000 1557.69743868322 128848.752200582 383.551584052688 4.02326116232163 -240.129509940006 -270.975139625465
18100 1936.78439894871 196482.028483034 377.789070519244 4.08462899613586 -222.218586760993 -268.548540367441
18200 2344.24247496513 167717.391429016 375.407997686248 4.11053627353941 -227.375127281258 -266.673200928904
18300 2539.24946070482 132961.240513033 381.278661883012 4.04724508905143 -235.309631271943 -266.951141345967
18400 1987.00523375752 130414.093219959 385.37954948307 4.00417768388592 -236.43432995497 -267.803485907108
18500 1934.21992492993 147297.537230359 382.407163051042 4.03530148220616 -233.156362969035 -268.3133093708
18600 2104.10131659809 160753.682299739 372.708319172437 4.14031056589369 -231.030664014018 -268.426191117752
18700 1743.94218569523 174726.584242384 369.987521035799 4.17075740161737 -228.82078060941 -269.170052841834
18800 1952.57293163114 143101.75764543 376.034146756731 4.10369165985455 -236.778372917258 -270.364652166509
18900 1895.67994730979 141850.414910739 380.053236587678 4.06029483059046 -237.193893512079 -270.842314455796
19000 1988.36875896547 142049.382643223 376.315451950906 4.10062404789968 -236.883859736727 -270.24808498203
19100 2116.24308153707 149742.597701744 371.754696637267 4.15093126145976 -234.816980534299 -269.561912807546
19200 2149.59391363547 140046.197472515 374.929029913064 4.11578743908928 -237.051318163198 -269.823852875437
19300 1687.16835040699 119169.312947262 381.832736587299 4.04137216116699 -241.916850845169 -270.317432728552
19400 1990.1135671277 109751.627795538 382.791451918814 4.03125039530245 -243.788049489785 -270.00987021572
19500 1875.53558493403 180387.177245201 377.48384867926 4.08793170162171 -225.210884554885 -267.711349340698
19600 2493.77402212975 170549.247392235 379.878500998885 4.06216247512951 -225.404728970398 -265.842216629124
19700 2528.58629032272 144094.239757753 388.985252539022 3.96706091501841 -230.273260471565 -265.257255207219
19800 2398.97855049592 111310.483498923 392.68446981405 3.92968989223548 -237.920847384787 -265.202422290872
19900 2554.0078853005 128683.71907706 381.113756950532 4.04899630024747 -234.698798154283 -265.309118325516
20000 2665.59597233545 191266.362600716 371.119377873045 4.15803723510768 -221.211847995684 -265.515739293814
20100 2098.35892904396 178685.158513765 376.583932234083 4.09770056494848 -225.224266217636 -267.223359092225
20200 2050.89162713437 86281.5236138046 388.776800641016 3.96918794877113 -248.129801751149 -269.066480515946
20300 2145.21041673479 122016.108172211 381.530922144262 4.04456913529709 -240.367903186819 -269.423951797816
20400 2174.76382070683 224061.16654595 364.521100473041 4.23330279060277 -217.414726080081 -268.392270066405
20500 1845.47145696023 197393.881987046 368.210612806184 4.1908846138511 -224.01359130212 -269.378457314473
20600 1964.73159339317 70403.8167812569 387.187049171971 3.98548503924968 -254.743676592986 -271.757686017028
20700 1588.6287949573 121156.988012282 384.200820386524 4.01646251122957 -243.03302517451 -272.086387391394
20800 1752.77659688967 223656.761066066 365.305801569011 4.22420937537342 -219.130557357106 -270.12563335377
20900 2216.60079866563 211332.262316462 364.978184795813 4.22800116869841 -220.759484524847 -268.901287559067
21000 1704.96113460195 115974.182274311 381.511864755193 4.04477117076375 -241.280676313985 -268.896564165873
21100 2160.4460969167 125703.769073611 388.595563661713 3.9710391372596 -237.228142445282 -267.716622957611
21200 2130.73785188383 129745.471015874 382.263715615059 4.03681576051036 -235.685654570009 -266.641660874404
21300 2384.10670537476 169216.135320909 373.541568200308 4.1310748875976 -226.724803898577 -266.176924531084
21400 1983.49645292596 172993.301555768 375.743764769857 4.10686307146384 -227.020159071665 -267.59069197271
21500 1846.49467544821 129990.706266145 382.034159065647 4.03924140092655 -238.151097048298 -269.146989295336
21600 1994.00243273559 121382.540939928 379.007322385239 4.0714996801503 -240.833248658372 -269.547233557013
21700 2334.02370632641 199712.724326564 370.240922535372 4.16790283823554 -223.036547805829 -269.187407774578
21800 2351.45101679818 144148.444075104 374.110512793016 4.12479237844857 -236.267645351833 -269.926513979136
21900 1974.30156610675 124563.44628321 381.854152191961 4.04114550806397 -241.22696953554 -270.914753106567
22000 2012.08249752374 129551.626127077 381.222625462942 4.04783999898275 -239.91632463828 -270.741899127207
22100 1899.09181623536 218421.478709491 369.802794340489 4.1728408099732 -218.908038419272 -269.322504722298
22200 2122.85831140278 198297.353947419 370.41275790838 4.16596933804263 -222.554491723395 -268.399546723014
22300 1930.29386997083 125085.328596347 386.17496728191 3.99593014204783 -238.231906096656 -268.38140752683
22400 2287.55533046179 92589.0030814537 394.227305298838 3.91431078244663 -244.370386738399 -267.152591561093
22500 2486.20575050397 120282.362277213 390.266558731604 3.95403643315328 -236.687787639221 -265.986796582391
22600 2383.27092920091 192626.877608517 380.804133623479 4.05228844861198 -219.742242804853 -265.525657578636
22700 2679.56284805892 148858.611021847 381.091849316703 4.0492290628439 -231.60287819795 -267.010215255404
22800 2031.07454557461 116798.196185449 386.08129536911 3.99689964361217 -241.287511080642 -269.432724095596
22900 1915.56783659215 132621.052764466 378.986416452217 4.07172427527012 -238.087550906119 -269.458362756952
23000 2167.05009038525 184142.16283971 371.821765965688 4.1501825151584 -225.969110068008 -268.703518028555
23100 2136.8544432512 137686.225076824 378.032081581454 4.08200326652336 -237.180606757274 -269.667545787327
23200 1815.15377853337 103551.788793438 382.365445351673 4.03574175079251 -245.87325183063 -270.586275544911
23300 2212.50792154857 140199.925843129 375.576480334352 4.10869229748458 -237.117267619515 -269.982432407102
23400 2174.21714689902 153305.605798838 370.444202151613 4.16561572000136 -233.28480061729 -268.731065635857
23500 2172.82943317899 185032.289051276 374.955917728553 4.11549229897274 -225.256391790715 -268.559331105227
23600 2097.64169591891 118322.070764028 390.205945518561 3.95465063920385 -240.192009532972 -269.009044047079
23700 2166.90468155834 103061.195459694 395.176709181269 3.904906731632 -242.359473969989 -267.779509818754
23800 2532.44679254202 103364.229248952 389.122844570814 3.96565818069131 -240.868597435223 -265.972812178244
23900 2245.63053339081 193388.879379117 377.237490961474 4.09060135548329 -218.972499050297 -264.506518327717
24000 2259.31385165816 195086.917580242 375.753560218431 4.1067560104263 -219.806728339182 -265.559867168029
24100 2325.66309309661 90161.9381438802 386.630235648709 3.99122481788569 -246.53502682781 -268.29251196825
24200 2177.13129941649 89834.9864636334 382.696482285083 4.03225078697377 -247.686730285719 -269.14474899075
24300 2265.85150645206 210288.409437954 366.860011147308 4.2063134301288 -220.009254111344 -268.16025884182
24400 1650.57606658755 209811.434540803 369.75033136092 4.17343288425574 -220.942119831951 -269.362407762008
24500 1798.01237104124 106527.137818885 384.324986558609 4.01516488866329 -245.576576272459 -271.129966183227
24600 2105.04746999539 111222.085985641 380.444479736896 4.05611928692802 -244.313112252749 -270.723329003563
24700 1976.04247607869 226334.407703759 366.828054962121 4.20667986265518 -217.065618446816 -268.886257776486
24800 2262.49197190806 153092.617399981 371.130956533775 4.15790751134953 -233.318646368848 -268.781287054137
24900 2157.35129954364 124645.575954353 381.607047091779 4.0437623037265 -239.307401083655 -268.995534802378
25000 2139.09037605819 148391.714903516 383.662828574006 4.02209460218391 -231.777078598404 -267.31148137914
25100 2149.90337522468 151853.129392856 379.755091969223 4.06348255625544 -229.709038048584 -265.701950888335
25200 2685.63129800901 149162.741321255 379.158493247087 4.06987636924832 -230.336601179167 -265.636282736081
25300 2380.26677311053 153311.024436419 383.714190251026 4.02155622875611 -230.732698083844 -267.450010813232
25400 1921.61601014151 131997.636341195 386.797658297179 3.98949724426854 -237.541710810452 -269.408597284905
25500 2220.92208472443 138574.867229926 379.353659563804 4.06778253738337 -236.990276079796 -269.801194856373
25600 1636.18951514219 185569.717496503 369.131586591887 4.18042846485584 -226.563055808403 -269.317174498131
25700 1985.50132888266 193321.232924654 369.555867978041 4.17562897948034 -225.209043315847 -269.800257849362
25800 2065.19965618549 99148.3878600628 380.490114894423 4.0556328047952 -247.168567049392 -270.714650448113
25900 1865.42744921647 144155.698749163 376.978101186893 4.09341600217008 -236.257634321206 -270.17620795509
26000 1746.10998165276 170724.815903302 371.0719312804 4.15856889671361 -229.589350528784 -269.130054786229
26100 1921.91437828815 186569.852047857 374.556798441769 4.11987767485689 -225.130837519777 -268.747134768426
26200 2138.86107844903 101815.479343876 384.84024044453 4.00978907528913 -244.072635851842 -268.5285516337
26300 2305.02417030955 155782.657716102 382.390532519752 4.03547698134083 -229.55475967152 -266.735315897006
26400 2416.32857868307 164015.626732039 377.478194481055 4.08799293423442 -226.398109421442 -265.040745014642
26500 2463.25655112892 163884.296340231 378.820679388873 4.07350568705898 -226.322776154534 -265.071790686188
26600 2003.14147089127 137101.432208497 382.986878135891 4.02919337439699 -234.50333976473 -267.276289255309
26700 1833.52048740909 155357.646131947 380.565271066111 4.05483187560236 -232.578486726342 -269.480616243531
26800 2043.76567248472 147346.772850932 374.527905636649 4.12019550116833 -235.362422588776 -269.806491789753
26900 2071.23361430953 154118.959736308 371.918558859012 4.14910241801377 -234.089484477455 -269.865631111722
27000 1924.70952183083 147891.10625322 375.047744276267 4.11448466339642 -235.817766491992 -270.437064552344
27100 1933.00915311553 91955.8664882787 379.42680501024 4.06699835512273 -249.045653434964 -270.822605364789
27200 1891.95831497079 155824.171235819 371.580678850231 4.15287521579692 -233.916168205774 -270.055289787623
27300 1665.20352173116 223798.557655316 365.395698111808 4.22317011349689 -217.84735641137 -268.887319992711
27400 1717.39490088879 147217.461440203 377.52136456809 4.08752546662243 -234.783151049594 -269.472048890222
27500 2087.60546314438 88781.6210584662 387.436228765042 3.98292177472628 -247.75992338046 -269.228979034778
27600 2317.35511074132 125532.567012491 377.466216094855 4.08812266123001 -237.47175400716 -267.04671223859
27700 2425.01030605752 206089.837925552 368.686248809013 4.18547802325411 -217.602078731719 -265.026622321286
27800 2042.82025499366 150690.137789231 382.123493431474 4.03829709084048 -230.737797480137 -266.677809006764
27900 2119.13246625357 76729.8180349401 395.641618488726 3.9003181661236 -250.29146105788 -269.239129678465
28000 1764.0065682745 153847.774312309 381.776687456655 4.04196548025557 -233.541408450634 -270.201223177371
28100 1957.92980956313 222866.06007621 362.227308258255 4.26011003777199 -218.374022910686 -268.76058958641
28200 1880.92171127216 176404.2975874 368.952344259901 4.18245937686493 -229.479367620598 -270.102094974539
28300 1844.36148033842 47084.2632499945 389.278135383538 3.96407620054423 -260.42766381323 -271.867648236835
28400 1579.74732341477 150834.287445277 381.591654898348 4.04392541623373 -235.081895749892 -271.006218295914
28500 2453.94985857056 205144.31661729 365.441539040046 4.22264035971297 -221.531150409504 -268.322658579759
28600 2209.7635287635 178707.104304656 371.766501777089 4.15079945204794 -227.081040197862 -268.547954117805
28700 1748.54230382329 84067.1097192407 393.256211752069 3.92397664868673 -249.204169775644 -269.838546263587
28800 1695.20595811576 105933.985686478 391.713476305907 3.93943094942442 -243.001419690217 -268.901044227333
28900 2883.54325851276 199159.04686317 370.283146010088 4.16742757128913 -218.864663683645 -264.89282501847
29000 2775.81940122649 256931.255722078 367.579221562624 4.19808330108022 -204.392413061638 -263.338846849319
29100 2407.4401109081 115894.080040889 395.114864253929 3.90551794294025 -237.982325256885 -266.563117512414
29200 1937.2681939761 75000.9494651671 409.646661200859 3.76697368249631 -249.865503091624 -269.041847605041
29300 2146.41132977661 112293.663720147 393.537365799427 3.9211732505538 -241.738707485976 -269.321032290012
29400 2370.48364563098 198843.615458944 366.957267738617 4.2051986090252 -222.291445658069 -267.833937284979
29500 2311.39823600541 233788.727451133 360.088800580397 4.28541012488831 -215.345774900496 -267.889737726748
29600 1898.66788959292 112092.557066756 381.104446543995 4.04909521749172 -243.906105630394 -270.569192951065
29700 2001.68443838629 49579.6682656562 389.613092878637 3.9606682118016 -259.033342179683 -271.089996297927
29800 2358.88854714223 143000.630232598 374.687654093187 4.11843885169041 -236.027993073101 -269.47035767881
29900 2284.29907454559 182457.509337344 368.391432070438 4.18882758264331 -226.567219425722 -268.520014986505
30000 1696.09366209274 154351.692512504 374.79501468896 4.11725911868586 -233.001656943072 -269.10894278985
30100 2036.14681230973 97760.0760209182 382.271510373091 4.03673344728214 -245.883930666054 -269.209008717508
30200 2080.7805028157 142850.522790311 378.925692540759 4.07237678057455 -234.43380416706 -268.218929138078
30300 2402.23081745727 176147.167401585 376.741117225378 4.09599091076373 -225.748314203547 -267.168145690877
30400 2162.46181406374 143857.367413984 381.605665086517 4.04377694842729 -232.945613371144 -267.20949526531
30500 2103.62810770534 129273.783470383 383.736613193172 4.02132123652562 -236.566202504564 -267.528511490867
30600 2394.14901960867 139639.503439914 379.644661577839 4.06466453512801 -234.677942532038 -267.76630203946
30700 2201.61415596392 172214.074020183 374.539612933975 4.12006671277825 -228.50323921743 -268.761595662742
30800 2106.50327533105 157691.822131799 374.852057198454 4.11663258139506 -233.441386215232 -270.33563845865
30900 1771.4439955132 135434.048959146 374.203982126745 4.12376208049932 -239.692784874454 -271.324730815529
31000 1761.9135207011 171351.800284893 370.178108040822 4.16861007808692 -231.52400779583 -271.11433085877
31100 1915.30611886092 151787.423813432 371.109158067042 4.15815174140043 -235.527830792323 -270.68606901175
31200 2119.45488597664 137944.042810623 376.887140872132 4.0944039329526 -238.200032410538 -270.649226300998
31300 1797.56413789685 136712.855954732 382.058788368363 4.0389810124674 -237.611354836974 -270.212225028519
31400 2195.93771718822 124880.910575598 382.545885816958 4.03383815923322 -238.789231990795 -268.606595157569
31500 2368.07241641576 148628.799063997 376.905350372312 4.09420611923338 -231.65876668071 -266.623072789701
31600 2749.36937137938 159212.370694283 374.22834830448 4.12349358047722 -229.014437092981 -266.202463826965
31700 2185.04987173573 154726.169933744 381.34611083563 4.04652924998951 -230.64613707647 -267.473679578015
31800 2230.8135929555 115265.524339959 386.976997360087 3.98764836771479 -240.826956265571 -268.66727629786
31900 2243.73822839945 142774.820647766 377.923802904673 4.08317279834145 -234.995143655023 -268.673083119393
32000 1962.33055970714 203491.726469259 368.604473992793 4.18640657057324 -221.748696486401 -268.56498719912
32100 1946.87411639383 142657.814029631 373.999012716437 4.12602210005327 -236.870656367157 -270.171532770828
32200 2042.34111070318 79522.3585671058 382.951401321505 4.02956664093936 -252.639683675792 -271.647076837322
32300 1619.67848985404 150839.253885774 375.934793348162 4.10477619834723 -235.952320894325 -271.345252783127
32400 1746.64484158753 232710.457052448 362.508696826929 4.25680323085559 -216.87662230514 -269.529725458309
32500 2032.55918405267 189086.939609261 368.696825188544 4.18535795928537 -226.247857954485 -269.761012914973
32600 1998.24321043049 85978.6401066742 392.177445318824 3.93477037062042 -248.6429713983 -269.688644848773
32700 2330.91424952487 82084.1513816435 397.724803904075 3.87988925186144 -247.501048563831 -267.877644408231
32800 2331.58318019906 196680.286910395 382.805521036115 4.03110223616795 -218.461712851506 -265.454225666584
32900 2767.08515787167 164537.573065804 378.278490294607 4.07934427004907 -225.951748251356 -264.799543569832
33000 1880.49482181574 159615.241363606 384.568738230861 4.01261995180628 -229.196363695955 -267.508642008373
33100 2185.3022777247 67121.7474894789 388.588058024132 3.97111583848592 -253.23534509279 -269.514893262497
33200 2278.08657825978 189236.364784537 369.860611070225 4.17218851015505 -224.748202159943 -268.433200358279
33300 2091.08839299924 228636.779211607 365.911623531036 4.21721555870508 -216.218268579393 -268.435271562663
33400 1497.75172525354 114974.188985021 384.365838769414 4.01473813803693 -243.529354794283 -271.111927991469
33500 1699.12911316266 50375.8021882565 393.17490601528 3.92478809877594 -259.337910561723 -271.700157349647
33600 2244.82008747584 142850.35664999 371.40324696662 4.15485918464468 -236.773553990865 -269.887937013052
33700 2112.44387939693 260435.544715191 359.231923452322 4.29563212822572 -209.29170158767 -267.685244161407
33800 1995.39231487638 112259.922262078 379.64753331403 4.06463378912488 -242.915510637439 -269.516326825182
33900 1934.53542674164 79608.6989654432 391.000538821318 3.94661397786797 -249.985481002183 -269.413455504588
34000 2240.47496041302 189071.148120947 378.213045887324 4.0800501427596 -221.39094083368 -266.023460921346
34100 2507.92681524075 199338.986518498 375.9221745286 4.10491398598972 -217.056723996054 -263.8280661549
34200 2116.08233772904 162469.556699638 384.102052171153 4.01749530663406 -226.018010507536 -264.968082577416
34300 2286.84760173928 123331.112273816 388.384382743578 3.97319835819695 -237.045182012538 -266.941936779285
34400 2419.23292467746 143177.67139971 380.600922408744 4.0544520546613 -233.62402374831 -267.636227649107
34500 2273.88918254953 201269.366771605 371.123573583661 4.15799022671961 -221.364984347416 -267.986443749173
34600 1925.94771051032 169160.745054671 374.115617148781 4.1247361006382 -229.736479879413 -269.236295619736
34700 1839.95918330929 125145.395733902 382.606602436162 4.03319802125891 -240.755685220715 -270.640941103745
34800 1954.60213895857 106781.447621254 379.15250390839 4.06994065965331 -245.561062866623 -270.830721506955
34900 1876.63809225598 211383.462423956 367.5282569084 4.19866544370415 -221.259587387991 -269.749498133741
35000 1954.21001846423 162698.712709177 371.803796231696 4.15038309857518 -232.498306350423 -270.254445594309
35100 1782.35737334255 144080.041538949 380.719522000974 4.05318903468831 -236.502981089155 -270.740210598256
35200 1782.70189535127 135089.384526115 382.599324672722 4.03327474032036 -237.902459860077 -270.161769174716
35300 2162.12819759006 179375.716480596 372.11031425696 4.14696430801033 -226.470242944959 -268.13079297154
35400 2288.86089544369 177960.189820979 371.43890311928 4.15446034033376 -225.25218284002 -266.509396203219
35500 2367.91690516515 134071.93060795 384.150291380202 4.01699081451132 -234.849785026773 -266.995913252315
35600 2180.18841785421 96920.8508374516 396.220375932438 3.89462098771328 -244.152711587015 -268.121366697427
35700 2007.51225038951 110528.665785188 392.084289462762 3.93570523822959 -241.442828972646 -268.491380358622
35800 2046.85603280719 168942.115994578 373.04076738681 4.13662078457509 -229.153841767609 -268.489268666312
35900 2061.27966164799 208306.975368713 363.944626763279 4.24000817264385 -222.293581316475 -269.611841447462
36000 1885.80417181364 128340.65507837 375.520708512419 4.1093025148441 -241.947499837154 -272.028189278035
36100 1653.50414140518 107505.934987877 384.702738321335 4.01122227151181 -246.498773247484 -272.312301017759
36200 1963.58382986502 118740.275599821 380.289548575444 4.05777176271776 -242.991891767658 -271.175856396761
36300 1499.9977373605 139097.451580687 373.02215216507 4.13682721765879 -237.691547116564 -270.076512661437
36400 2303.73133604686 164200.705257349 370.915933647123 4.16031788306566 -231.467438737302 -269.481139410134
36500 2024.92779564564 130213.19412449 378.077777439429 4.08150990073291 -238.971553236303 -269.698951265094
36600 2063.22133230786 113513.446745343 383.574566868033 4.02302009871532 -242.282690469894 -269.458766993949
36700 1653.6437736364 144436.714449541 380.816403186628 4.05215788751062 -234.42797904289 -268.758697340636
36800 1952.38955374576 223777.249069269 374.981362250224 4.11521304047211 -215.640971698929 -268.014912832507
36900 2408.09164716463 109575.723150285 380.495234424606 4.05557823660965 -242.678798133058 -268.701549351362
37000 2050.27154649256 125671.59837826 383.123214170351 4.02775956870102 -239.553819588253 -269.605256930272
37100 1982.23251999814 115876.147599828 377.279690911402 4.09014380853195 -243.870488829569 -271.15694394264
37200 1841.57005164019 196076.823055985 364.861599885593 4.22935214982884 -227.096363910443 -271.748687397081
37300 1630.15808079482 172722.843887197 367.600445354873 4.19784092039503 -233.051907041637 -272.681120387291
37400 1498.12825854387 130249.107415418 375.653486832952 4.10785004253754 -242.703345365045 -273.24213516597
37500 1629.75985746465 143187.459588726 375.584907884577 4.10860010472079 -238.749000557567 -272.315245487422
37600 1739.04286300478 185340.970477447 371.361145972579 4.15533021857937 -227.568530896296 -270.527864772542
37700 2138.36088301348 154483.491411125 374.265921080794 4.12307962052735 -233.510090827697 -269.59719247022
37800 1971.9537434888 150081.632870963 380.181520254648 4.05892477580847 -233.913076261275 -269.526046085251
37900 1790.44949541753 126765.201224919 382.725905851755 4.03194079175773 -239.009752871664 -269.291264596051
38000 2201.42499373471 176166.576923718 373.199616095651 4.1348600730356 -227.155096319025 -268.190087705315
38100 2414.23471753311 197185.935119075 370.975091244835 4.15965445736002 -222.358375149837 -268.015685859984
38200 2057.5253850864 126189.402730676 382.919973125794 4.02989736803095 -239.710656256502 -269.869906939801
38300 1804.74924382915 113108.438188189 385.395953583884 4.00400724895065 -243.887506643207 -271.095204667689
38400 1881.91471091153 151020.011231893 372.902755522869 4.13815175407435 -236.101427592445 -271.250974678841
38500 1887.34919704829 201871.462239006 364.996297124131 4.22779136124035 -225.726690627407 -271.715591483381
38600 1960.58608780567 107012.003181599 377.160106054037 4.0914406563589 -248.528226364048 -273.719370079504
38700 1674.93524983551 81509.7717180073 383.876816563664 4.01985252894323 -254.144743155701 -273.67424673158
38800 2138.52348318036 154996.06455155 371.560243864566 4.15310361468217 -235.014288939052 -270.959377100576
38900 1670.79177563863 237578.69640079 363.560219104361 4.2444913133446 -214.935720711977 -268.846237386014
39000 2125.3281033047 128937.714161184 378.795805581042 4.07377317575913 -239.861004139331 -270.345201919953
39100 1917.26134074148 69790.2120525696 389.241489029877 3.96444941085835 -253.771809542387 -270.727023939211
39200 1963.95528810407 148493.658925298 376.200836578489 4.10187336610074 -234.10532466964 -268.97254355239
39300 2208.95425262547 238103.088134109 366.050460190064 4.21561604120066 -212.715978141004 -267.115568313602
39400 1970.64407236988 136168.80908722 379.916014497586 4.061761370883 -236.249254586181 -268.538275956361
39500 1866.73168852585 111833.053691148 387.992477964249 3.97721162008793 -242.453353783305 -269.535503359171
39600 2146.0560348849 139363.300100215 375.173156727371 4.11310927819784 -236.167788767885 -268.801752148662
39700 2060.92219107119 226602.482207927 361.817520607426 4.26493495747659 -216.64675370723 -267.820109623985
39800 1697.22575760985 168360.005349805 373.742712799822 4.12885158430534 -231.428983012329 -270.702636774214
39900 1768.14504984971 32680.2980363114 388.751354090567 3.96944776044849 -265.017497272419 -272.947029451739
40000 1616.06180080233 137051.089844412 374.226308658406 4.12351605475897 -240.291457703682 -272.302989173583
