# step temp[K] press[bars] vol[A^3] density[gcc] enthalpy[eV] etotal[eV]
0 1651.93500838873 296672.920157898 359.208298382254 4.29591465123668 -201.135666641642 -267.649795906434
100 1993.41989922469 239028.253891441 361.780954874308 4.26536602072445 -214.406916956441 -268.380914162607
200 2172.42909380349 212609.597962351 361.746413681 4.26577329727698 -221.1480924549 -269.152016852143
300 2182.57093220554 269197.770182554 355.522631089163 4.3404499655582 -208.56182711634 -268.296756157327
400 1747.2362207891 263084.729471092 355.852594261653 4.33642529730015 -210.68248233912 -269.115110387848
500 1258.04270132404 247249.975114537 359.753264387713 4.28940705928678 -215.824161372618 -271.341756136512
600 1543.57268959066 258089.667389871 356.406039991767 4.32969147184421 -214.545376867226 -271.957725829539
700 1800.85229249493 259695.765584875 352.712208042474 4.37503482068388 -214.116176901004 -271.287073427524
800 1580.07518146956 268069.919323362 355.523681312719 4.34043714378841 -211.549858411099 -271.034693301041
900 2082.09564999139 212084.23425075 361.364793378099 4.27027817912392 -222.622181072632 -270.456970491135
1000 2098.46750568345 261765.423566209 358.73454170452 4.30158797793482 -209.87938501379 -268.489843510163
1100 1861.00872354861 281009.635377906 358.520286985442 4.30415864285187 -204.921200832365 -267.802946458618
1200 2266.29421017889 212138.576964599 362.395026045141 4.25813844275529 -220.146839667058 -268.13029537513
1300 2067.08431018858 241131.04207531 362.022331002506 4.26252211456933 -213.914298303549 -268.399445182914
1400 1675.89926785323 298877.44988788 357.464024922336 4.31687690027377 -201.635425780748 -268.318426183915
1500 2079.7716208756 279687.851591405 358.025727318482 4.31010420235367 -206.267985521461 -268.767620541796
1600 1898.77413911002 227545.110582365 363.361679463103 4.24681048960975 -218.844289150494 -270.449822957054
1700 1888.88582272991 216608.537795298 362.364381186363 4.25849855003407 -222.225563297 -271.215932808646
1800 1727.00821186966 296592.035698677 352.701643407411 4.37516586812053 -205.233749668663 -270.525244340113
1900 1990.70117444273 280328.136245077 351.25260207931 4.39321497614897 -209.689578547158 -271.147219008197
2000 1528.68272038238 203454.266077219 361.494166657547 4.26874991133112 -227.532679877624 -273.437441536847
2100 1591.07564151291 218393.561094237 361.573167157781 4.26781722768918 -223.903910824176 -273.190148371481
2200 1924.07881922484 288663.758658069 350.42994341934 4.40352835379579 -207.09392680081 -270.230806298019
2300 1777.95611057102 316300.497299848 351.900136306863 4.38513098648102 -199.502808536716 -268.974672662638
2400 1633.14336702717 191403.72220159 368.906595430866 4.18297805183943 -226.088396206737 -270.159755080234
2500 2075.14069539382 191314.081306503 369.593614203455 4.17520252667746 -224.961758659154 -269.094513544827
2600 2100.07700718613 287181.864184882 356.185053145947 4.33237772960063 -202.314781304495 -266.159112785605
2700 2217.7907578355 270852.689887936 358.082375196676 4.30942235293921 -206.131190031654 -266.666077744388
2800 1839.15490288927 197861.612845715 370.052496015171 4.17002508693484 -223.401373851854 -269.101197622297
2900 2270.9927378153 229223.867434128 365.099548189142 4.22659573127353 -216.558054576429 -268.792955309506
3000 2141.57693853222 304778.878002283 352.382794137134 4.37912468355533 -200.533303599076 -267.566388046655
3100 1706.9468916353 282718.111026627 353.721272025709 4.36255411790435 -207.230409248568 -269.647633478885
3200 1449.52384481518 192849.758010327 363.982760436642 4.23956395631196 -228.849622203804 -272.661266719959
3300 1744.0281897715 241718.321025033 358.78436789997 4.30099059470826 -217.598794388564 -271.728133458765
3400 1933.16157424847 289648.031794578 352.775482155597 4.37425011068513 -205.850800211409 -269.626997198291
3500 1928.47688331228 239830.454224819 359.329437986715 4.29446638302752 -216.306173502147 -270.094343737263
3600 1813.05475094787 218136.38777458 363.344789736384 4.24700789843635 -220.582650175612 -270.052056292734
3700 1974.62328514403 261810.130695535 359.124770796611 4.29691382313493 -210.338599212387 -269.02283479958
3800 2053.68247798294 261974.282457553 357.504020219134 4.31639395529105 -209.669560583384 -268.125579113551
3900 2099.19300110244 261118.415143944 359.990235082828 4.28658347221855 -209.702989521211 -268.373229443044
4000 1936.33996453388 229985.210914497 362.358741256203 4.25856483140574 -216.870190152815 -268.885153257391
4100 2076.12597085369 222365.572628027 359.917041812227 4.28745519827647 -218.754486127786 -268.707259184414
4200 1816.05890420667 303324.183847707 357.273210818247 4.31918247755538 -201.175461830327 -268.81445483896
4300 1927.41039151595 218634.407088931 362.816287255497 4.25319437431827 -221.496419692791 -271.00664771468
4400 1657.05386984362 217601.217994433 361.692119242105 4.26641364235309 -223.433544862757 -272.55712499645
4500 1636.05323085126 296486.452858602 349.88161525291 4.41042948412902 -206.585706990133 -271.332106045901
4600 1713.3682880376 280731.17048046 351.640470329337 4.38836914994701 -209.950043339471 -271.564004612686
4700 1726.83363188676 210035.107183818 362.049313579931 4.26220444007398 -224.932089080161 -272.394441938032
4800 1783.33469655863 226081.667686537 361.291977298172 4.27113882629225 -219.749682879388 -270.731264964344
4900 2158.72153439419 280110.873663578 353.755971766878 4.36212619721661 -206.483413638458 -268.331090417719
5000 2035.66498763811 258562.050941734 357.342530309644 4.31834461609977 -210.794329415055 -268.462893100498
5100 2015.88467031972 207856.902038716 365.40137827388 4.22310446434468 -222.073138501525 -269.478151924631
5200 2211.28240713102 242330.803415309 361.195850542087 4.27227552462238 -213.982564397437 -268.61379925336
5300 2291.62912720898 260085.164488977 355.287357612564 4.34332423826035 -209.99731814494 -267.671969374388
5400 2043.0057366445 266467.913083501 358.662892148602 4.30244729980811 -208.727914880265 -268.379365498427
5500 1982.58761736027 222026.944713316 365.612908576654 4.22066113002843 -218.947115598922 -269.613142119111
5600 1720.62251173096 216731.702874153 360.792045727077 4.2770571306703 -220.928358087745 -269.733888847857
5700 2034.280314457 330442.109631779 349.309315333568 4.41765542494202 -196.67424217746 -268.717807335766
5800 1732.31779074409 263503.380874354 358.55815585691 4.30370406211576 -211.619539467142 -270.59012498526
5900 1739.46896540564 163384.115489397 369.595262578909 4.17518390549354 -234.597923204931 -272.287899974361
6000 1686.44863455104 255803.400616243 356.81738872381 4.32470008646512 -213.651389789681 -270.620831942002
6100 2176.10408864185 334597.154276046 348.208337463905 4.43162332959957 -194.906445050274 -267.625973024012
6200 2111.65861796965 224974.089083791 362.365888246574 4.25848083916797 -217.661368847975 -268.543987350563
6300 2042.20678515094 198522.23112567 369.922120483948 4.1714947725952 -222.389309888717 -268.225561201361
6400 2271.96600120336 245450.615195694 360.671385954459 4.27848798646025 -211.293604943364 -266.547825415332
6500 2144.80386173099 301453.636530197 355.890479235512 4.33596367955926 -198.831575899191 -265.793286529711
6600 1939.48912801047 265460.254082352 362.060490458789 4.262072864981 -207.732146924865 -267.720962008828
6700 2389.37544497585 200962.865247174 366.547768500076 4.20989656595277 -223.175070847146 -269.151584550682
6800 1953.07417260064 248876.740550805 360.311360314534 4.28276308168315 -212.907019862082 -268.876581853852
6900 1969.94991365877 278548.829291545 356.703184930227 4.32608470307873 -206.697246415168 -268.712420502967
7000 1856.17423536455 272863.888048439 358.498800275409 4.3044166136139 -208.347847213424 -269.403153232361
7100 1966.19786372361 226687.122775234 362.515573018249 4.25672248785968 -218.630970608634 -269.922206130265
7200 1966.27059857624 249534.65988602 361.922142395306 4.26370208148429 -213.321947314365 -269.690342873676
7300 1721.32485707741 276619.254663754 358.336290295079 4.30636872027503 -207.077865686689 -268.945404962418
7400 2028.0751799383 261470.436712736 358.840418876032 4.30031877874722 -210.245987215336 -268.807675664579
7500 2282.16829041511 201063.409760363 363.71630947442 4.24266977220786 -223.409550576989 -269.053736076141
7600 1793.61940302402 267216.851165357 360.746587903097 4.27759608437553 -207.358983902342 -267.525618032921
7700 2377.21522746932 255628.970525673 358.843320562453 4.30028400541889 -207.801170557887 -265.055005335388
7800 2347.10364607783 264486.715936402 364.346874212851 4.23532710469921 -204.677831127046 -264.824081070327
7900 2352.26679708415 188309.564202667 371.194391901007 4.157196944607 -222.444181434671 -266.071992835819
8000 2355.30701971303 227996.788350816 364.137689892141 4.23776015145041 -214.887514026028 -266.705914690932
8100 2285.23704444229 282029.376874734 354.650740853331 4.35112073403026 -204.556926929757 -266.985708934129
8200 2175.72812014694 273435.133804097 355.425242185469 4.34163927800288 -207.654928879621 -268.313507166306
8300 1970.75783304639 213233.085236437 364.939106806883 4.22845390664779 -221.802841455947 -270.372453897436
8400 1831.15814591251 208353.695970742 364.323102024951 4.23560346101916 -223.087892085673 -270.465983597079
8500 2049.30944526177 291083.108779258 351.808849148793 4.38626883775022 -204.282233074111 -268.198795017369
8600 2044.80659808762 290786.732638654 351.51740364047 4.38990552355246 -204.109660444238 -267.908247722379
8700 2070.72651939618 215847.619148268 365.411030040208 4.22299291758194 -220.871854364376 -270.100575946983
8800 2060.8441471668 197303.523340447 366.909426016269 4.20574692948253 -225.252727464901 -270.436589854489
8900 2318.71974762163 306405.361087819 354.112874444989 4.3577297049273 -199.624982171014 -267.346661499204
9000 2050.10068528448 275008.49981392 357.124357625008 4.32098275829859 -205.642643128614 -266.941903127412
9100 2079.29417469127 189355.604151445 367.290034990346 4.20138867069095 -224.792644857923 -268.201361983909
9200 2422.95140340622 243814.203616229 361.348299931825 4.27047309246303 -211.565829956227 -266.554682917156
9300 2128.66411172667 306296.198416516 354.729919930156 4.35014952268461 -197.970164872936 -265.78568079094
9400 2294.94580264354 235542.539409297 363.354461574967 4.24689485076749 -214.646608358605 -268.064838238438
9500 1829.09994034853 177760.186361229 368.226023265702 4.19070922304869 -229.631810673946 -270.486190025263
9600 1758.03739188572 275784.336393547 354.885549530677 4.34824183150554 -208.833775521106 -269.920600707331
9700 1944.7962371214 306963.175954431 348.889322890743 4.42297339190676 -202.153099185719 -268.997279343856
9800 1566.10249584504 229182.580508908 359.592067611812 4.29132990089193 -219.081996847931 -270.519674273489
9900 2169.11881164048 191024.932616587 365.507996872041 4.22187258574905 -227.181646651493 -270.760578481603
10000 2066.07259782751 255231.70467314 357.899946433151 4.31161895173501 -211.915254594867 -268.929830348885
10100 2321.33605803276 290053.099093564 354.776809373548 4.34957458068052 -202.541782267052 -266.769483175987
10200 2169.21778093947 233891.002009274 361.974528938728 4.26308501979521 -213.832670365587 -266.67490421143
10300 2337.94357857037 227255.347682623 365.292836839746 4.22435929818983 -214.926473720313 -266.740209998425
10400 2303.11082825785 237672.959719862 361.300217283081 4.27104141666505 -213.160687199089 -266.757336500274
10500 2223.19047642644 263724.647042469 356.940739972327 4.32320556063664 -209.289496456014 -268.043366996669
10600 1455.90668922907 228271.106327975 357.633936622571 4.31482595426804 -220.667032817997 -271.621153274303
10700 1372.76415739881 268292.51746251 354.511227297152 4.35283306436065 -212.130855776072 -271.495544772744
10800 1847.75355486529 261815.791286099 353.820681079215 4.36132841969358 -213.272083514537 -271.090832940796
10900 2008.89211104442 236010.184596731 358.529307361047 4.30405035288274 -218.217280886614 -271.030793014409
11000 1809.09209943987 230457.306364863 361.601718628913 4.26748024792914 -218.124712859926 -270.137557919209
11100 1811.60107987512 270927.593437599 356.843500700608 4.32438362709822 -207.663079492866 -268.005214631325
11200 2295.88345382549 277118.620313614 357.736162840389 4.31359295524903 -205.374644634871 -267.250069647418
11300 2220.90756256406 218325.028329093 364.594671932868 4.23244855358241 -218.211180430082 -267.893685496396
11400 2728.86933925785 201318.818347105 363.95727890609 4.2398607784522 -222.008444288477 -267.740889695211
11500 2137.63360325892 266819.353077929 356.852788920984 4.32427107136273 -207.880881654221 -267.309559009026
11600 1775.35914665446 281057.690566988 356.070331724848 4.3337735676854 -206.087986815998 -268.550708690902
11700 1796.03347897929 217963.622126449 361.390847261932 4.2699703203819 -221.511663972712 -270.676071310203
11800 1839.84319443061 247664.708784953 358.51863572054 4.30417846694297 -215.466464731491 -270.88633483301
11900 1745.24277747142 289357.28125322 352.831797293319 4.37355194090762 -206.427259114623 -270.149607809965
12000 1849.4343242985 256373.595931324 356.18072698295 4.33243035056186 -213.582143415683 -270.576696623805
12100 1159.76367321349 232899.978302431 361.914780441681 4.26378881233556 -218.271985078588 -270.881634834528
12200 2100.75609421353 253453.654079495 359.475667504298 4.29271945603291 -211.565134817899 -268.431791819565
12300 2548.27660201679 279602.266361413 357.361148699118 4.31811963187236 -203.326296539353 -265.690828215977
12400 2312.86349150822 209128.174013513 365.966752639019 4.21658027877802 -218.938094206947 -266.706837993324
12500 1945.17394815941 252166.257992429 365.446638604233 4.22258143558212 -209.201784536201 -266.719362251728
12600 2448.87165532287 266025.235582745 360.08684621275 4.28543338390759 -206.570931229713 -266.359717355333
12700 2195.38750484506 237244.234017077 360.025749929348 4.28616062092488 -214.375993399698 -267.687244231558
12800 1741.28510757904 245610.39269714 360.165112155595 4.28450213467503 -213.983906506057 -269.196484291554
12900 1878.19431058553 242275.963280777 356.271706334488 4.33132399915401 -215.732848336007 -269.607106784982
13000 1983.20171327575 270398.429952381 355.482538866221 4.34093949252131 -209.475048663978 -269.469637515402
13100 2031.26462414442 215938.212318456 361.93023318302 4.26360676834033 -221.585084509288 -270.365332838697
13200 1904.06130172005 233649.379666826 364.747850958103 4.23067110008381 -217.482225282627 -270.674310618524
13300 2062.14785191528 233124.030323941 359.462640905105 4.29287502028199 -216.698934629346 -269.002397823748
13400 2244.75361271447 285633.901218516 354.785904871355 4.34946307245677 -202.498678724494 -265.749439240421
13500 2682.80174156579 234371.121298137 362.80414512465 4.2533367179031 -212.373450521316 -265.445514869081
13600 2164.08027207669 194889.340249663 371.57700817292 4.15291624057643 -221.469323046777 -266.668087336956
13700 2197.56808197587 266785.078149145 362.494201910036 4.25697344601692 -205.872569149311 -266.232987608314
13800 2230.62312262619 310684.966017477 353.994241155276 4.35919010103118 -197.250824914969 -265.895377362037
13900 2313.03722233399 220936.253369219 361.088763287627 4.27354254343532 -218.296373426212 -268.089638084939
14000 2253.82881314681 186719.924427232 366.656520915811 4.2086478866155 -226.942284635511 -269.672956241388
14100 1848.01686970228 273430.237809339 357.128765861952 4.32092942202985 -208.052316310976 -269.000534798882
14200 1983.63328367932 310879.302670476 350.341310600605 4.40464240206405 -200.025844884905 -268.004536580968
14300 1679.78768641522 266934.023426919 358.856809748346 4.30012236063811 -209.991992798451 -269.780094833573
14400 1787.87886772533 189421.864959643 368.360987398706 4.18917378510519 -227.709450731645 -271.259974167383
14500 1900.54830518012 250364.593409355 358.049118198653 4.30982262888848 -213.821429849048 -269.772083162452
14600 2046.0361387359 347048.444033832 347.67292547026 4.43844797456948 -191.505826911526 -266.815474642062
14700 2445.30111430336 220127.344472446 362.130397097348 4.26125010282221 -218.296244935106 -268.050315517088
14800 1884.55744309783 181708.182295899 375.244053289476 4.11233216979377 -225.563773535218 -268.12145356646
14900 2196.61804295379 270069.955177296 363.235714085466 4.24828322774186 -204.068582725383 -265.297200809505
15000 2191.75081602887 356196.161720128 351.113415932726 4.39495650648047 -185.021069891083 -263.080666373543
15100 1780.44745231435 241667.130647869 366.953861918719 4.20523763886132 -212.317524881987 -267.66766070663
15200 2067.94886699807 105314.434730382 379.468114493956 4.06655561541442 -245.789452415955 -270.732690552411
15300 2025.19930663392 274511.334609729 356.876426812496 4.3239846510705 -207.110664335591 -268.25662685286
15400 2172.47227897562 372105.321825954 344.392966896646 4.48071923701397 -185.924553324087 -265.909783279508
15500 2056.10963631035 194740.518939551 365.170550394419 4.22577393001542 -225.947448239161 -270.333009059239
15600 1751.07663738694 145759.721015896 374.391511858758 4.12169652085562 -237.75048474378 -271.81115304047
15700 1785.60618040701 280610.068367498 354.394224864921 4.35427014211163 -206.612575126543 -268.68225825346
15800 2315.71835660956 329709.308115855 348.856323321489 4.42339177680333 -194.929040556039 -266.719618556758
15900 2242.68613371522 211911.097595789 365.766041289827 4.21889409531972 -220.724419711586 -269.102287738607
16000 2031.14009737236 186150.252368069 370.852079077593 4.16103422071756 -225.363400270966 -268.451167512289
16100 2608.53984039449 276692.628953902 354.898199007459 4.3480868490789 -202.305272840363 -263.595471326222
16200 2634.86248804295 323294.350746019 353.864355002771 4.3607901447266 -190.904765517982 -262.309100123302
16300 2425.79853307717 184672.131995477 371.61368370097 4.15250637839226 -223.207330890476 -266.040746090207
16400 2334.29720011471 166016.56809476 373.145216449049 4.13546288104922 -229.147731928672 -267.812815479609
16500 2302.51767600488 270180.420907352 356.133971751523 4.33299913590599 -206.567765662588 -266.623837129891
16600 1774.42461035546 333748.699271947 352.147347190886 4.38205258161337 -193.56380395775 -266.91946675584
16700 1848.40125200142 222048.821697362 367.768456459593 4.19592318145334 -219.332596830436 -270.302357287109
16800 1970.92324858246 158715.797849138 371.714037144787 4.15138530607886 -234.322959223885 -271.145924719358
16900 1806.12262886363 322915.582913844 352.301291986553 4.38013775982695 -197.250666299204 -268.256312096117
17000 1750.86037019012 333283.614553414 349.834511962127 4.41102332417443 -195.065709312589 -267.838035359231
17100 1842.3074329989 190074.346822933 366.450080652124 4.21101883541686 -226.726180760393 -270.200017583716
17200 2094.98812775611 225047.77620348 364.899136534944 4.22891708245614 -217.746124674898 -269.001238712433
17300 2324.39053386688 279666.289414415 355.173982488803 4.34471067124058 -203.912401485507 -265.909434758173
17400 2212.54682507319 317089.182659309 356.278397249104 4.33124265681253 -194.532063070751 -265.043661376485
17500 2152.69423143808 196652.198089112 369.101483042744 4.18076941643558 -221.514476700383 -266.818235654722
17600 2011.16324932898 226760.835448207 366.815922054569 4.20681900399231 -215.388878675117 -267.305434023918
17700 2316.62385911038 296498.60961783 354.897858016869 4.34809102677868 -201.523102297557 -267.200461476367
17800 1583.23897773715 293043.895258944 354.909365227437 4.34795004881665 -204.257763638856 -269.171974307985
17900 1841.19632733201 227161.070057266 362.432347707721 4.25769995869838 -219.603271834298 -270.989944856061
18000 1967.42822600432 218982.302910613 361.727357802219 4.26599801917624 -221.304563934906 -270.744740992365
18100 2079.0147036704 281809.106446123 353.484702835399 4.3654737517303 -206.899550785158 -269.074478608914
18200 1875.1468839127 288783.732056406 355.539581419872 4.34024303483604 -204.947699220398 -269.031804321305
18300 1851.19016131878 204573.409724091 365.422003020798 4.22286610852574 -223.096499536831 -269.755294710878
18400 2349.64876869316 222112.517677616 361.759476253923 4.26561926682739 -218.031477820088 -268.182823857491
18500 2452.74874282386 286906.521908824 353.420553649551 4.36626612666188 -202.287457161197 -265.575529242321
18600 2689.92529845747 256085.097910305 360.357145423761 4.2822189360266 -207.959260448599 -265.557218519087
18700 1981.32870934067 161496.921395981 373.501799048283 4.13151474985704 -229.054445816429 -266.702851396063
18800 2115.43104013187 259648.372630079 365.249523828444 4.22486024264037 -205.808991497628 -265.001249320638
18900 2296.00784027168 344492.213621322 355.117392404143 4.34540302692343 -187.407076332409 -263.762694208926
19000 2082.39066493429 224658.166042957 364.414633414169 4.23453958862377 -216.824482273647 -267.922924437817
19100 2011.05159473245 176857.930248417 369.239120565668 4.17921099341281 -229.365708091369 -270.124554966223
19200 2272.10077653096 280226.415665642 356.507092477389 4.32846421411375 -206.373253114199 -268.727622114317
19300 1685.32454612277 305243.121228553 353.812309252441 4.36143161645944 -201.103182731009 -268.51072091753
19400 1625.3583520935 215524.757868304 364.599748333456 4.23238962429234 -221.478055359457 -270.524007836237
19500 1804.72580077534 211452.090327973 364.203480614701 4.23699463075321 -222.243956448362 -270.310812553606
19600 2090.9409991133 274632.173800251 353.975083996367 4.35942602073642 -207.45220549966 -268.127759528226
19700 1837.04889089653 309521.57275858 354.935986987027 4.34762393344613 -199.044691188579 -267.614130898151
19800 2047.42534873457 214357.667299141 367.796792175773 4.19559992010111 -219.132017460078 -268.340118072529
19900 2407.35906710373 212226.892337984 368.552279613559 4.18699944953305 -218.375904811788 -267.194936277089
20000 2270.06541133041 320632.481696851 356.566148749975 4.32774731217731 -192.934550799889 -264.291663554191
20100 2495.80524487866 274405.577422052 357.626365089021 4.31491730617233 -203.456977846896 -264.707825811276
20200 2162.9530309835 190239.905953739 368.113562010544 4.19198951388246 -224.404884708114 -268.114107391871
20300 1813.48971348339 204289.893623178 367.001570376734 4.20469097797612 -223.444189278327 -270.239727580008
20400 2403.82392955832 285229.248893098 352.120162791647 4.38239088506615 -206.046809513317 -268.73339214212
20500 1745.24090705119 332510.797810912 351.973781238359 4.38421346736933 -195.81039650796 -268.857955755078
20600 1663.53786320731 169232.379036669 368.391377185025 4.18882820672288 -232.394713985312 -271.306624862558
20700 2075.03343486913 208592.707609172 364.875165822762 4.22919490392419 -223.145617975968 -270.649933997527
20800 1990.09681829011 312226.447935261 350.209553012615 4.40629953863804 -199.150404770372 -267.397994702021
20900 2032.59893276827 282309.969667024 355.136841590317 4.34516504949453 -204.783425152454 -267.359970855755
21000 2016.22508578611 193272.633779307 371.252094652563 4.15655080225274 -224.059281402127 -268.843904150985
21100 2386.64423679635 195997.94377713 368.600642821758 4.18645008335572 -222.062496565502 -267.154262714858
21200 2425.9745088479 369897.39673196 350.536550789347 4.40218912518898 -181.815067436512 -262.744077190669
21300 2605.35419144987 262524.482220209 359.791976935284 4.28894553183348 -205.278261542665 -264.23194264579
21400 2201.19511614092 146475.707307151 375.304940165183 4.11166501348728 -233.754698311028 -268.066184321816
21500 1999.61688817352 216884.703523061 362.671445580413 4.25489299108322 -219.731193339464 -268.825590212086
21600 2115.20468617379 394963.23281093 341.575148473378 4.51768285474782 -181.928100285434 -266.132072125565
21700 1693.45501749985 259403.202285978 356.290983091236 4.33108965732924 -212.198586276149 -269.884504125703
21800 1777.01977522828 137957.250097368 376.947585111744 4.09374738774004 -240.059867802149 -272.51737312248
21900 1967.5532055989 240351.817795543 359.217459541906 4.29580509208546 -216.310111836848 -270.198412772978
22000 1932.19154797663 424070.862954856 340.648769366966 4.52996849139876 -175.483216048509 -265.647575337238
22100 1988.67729486073 239513.771961279 361.624925999366 4.2672063813124 -214.787845344314 -268.848150224161
22200 2026.29983467751 130151.849421196 379.650823822204 4.06459856014638 -239.218153222574 -270.058860756819
22300 2198.32274498852 235207.820246811 363.396263296668 4.24640632753658 -213.039681618663 -266.388137906622
22400 2146.94433855921 403033.616489311 346.726866307256 4.45055847070893 -174.838427529131 -262.058894725984
22500 2668.67327723439 225672.81099271 362.294897390964 4.25931527873792 -214.515211114836 -265.545860923102
22600 1901.23047452038 168027.389235001 374.577249952347 4.1196527340153 -229.759334786436 -269.04292019436
22700 1927.88711964037 260745.98456182 358.214377822268 4.30783432325478 -210.378807093177 -268.676354603995
22800 2129.58621490956 351626.055360848 345.46849048385 4.46676971814383 -190.879519808509 -266.69870861842
22900 1554.81896037335 245308.508312185 361.825304469553 4.26484320694041 -214.784394583927 -270.18330082742
23000 1830.29929282756 173083.449186058 371.552214030724 4.15319336985169 -231.248585876044 -271.387446205823
23100 1853.21851388103 276285.38118183 355.45137396672 4.34132009294357 -207.455077435151 -268.750458030235
23200 2235.57070349756 353799.514070942 346.945590211719 4.44775271801104 -190.138674816622 -266.752694074776
23300 2071.73554372244 244323.88245537 363.817424585736 4.24149061475881 -213.993765917077 -269.474098876462
23400 2168.38929332415 156638.881714508 373.338456331664 4.13332236659608 -233.660091841995 -270.160014478991
23500 1913.15336563332 285683.285475148 356.553554243715 4.32790018077157 -203.314168122024 -266.891052955989
23600 2183.22710608792 340825.126776857 350.178522791276 4.4066899921955 -189.998066931718 -264.490258912357
23700 1832.038831783 233561.234190288 367.304434291098 4.2012239651949 -213.50151532024 -267.046225903996
23800 2287.80542318402 155823.455982867 372.655198780034 4.14090074931969 -231.845944779654 -268.089405449491
23900 2037.15338095391 300727.324294882 358.027099498633 4.31008768338222 -199.945907350363 -267.147324708115
24000 1884.02420944128 290127.361575468 354.2015798703 4.35663836516815 -204.405922432498 -268.545903160984
24100 2020.6788854719 239656.062025019 360.357774945571 4.28221145526608 -216.877529002364 -270.780407532634
24200 1885.53404608326 206498.092170203 362.366221581587 4.25847692185814 -224.775979258413 -271.479905713159
24300 1998.09098238521 254846.28866539 354.740428354988 4.35002065882921 -213.697375858871 -270.123294979417
24400 2055.87639863103 276351.539563083 353.413682469524 4.36635101698188 -208.418669494852 -269.377256300433
24500 2142.69465622392 241478.233210179 359.59782830948 4.29126115449746 -215.369682188654 -269.567860882693
24600 1807.54284586674 211396.038568047 365.543407965599 4.22146360251514 -221.007172039444 -269.238080661928
24700 2021.37790864155 278522.235512178 359.993115793959 4.28654917042726 -204.429803544056 -267.010978202358
24800 2116.76852204171 285769.86354232 356.180216517221 4.33243655965803 -202.12767459932 -265.657236960645
24900 2358.79372359759 232074.942796095 361.971142062584 4.26312490844731 -214.417472372726 -266.848919275118
25000 2201.21820266851 212590.636673565 366.956404129732 4.20520850569642 -219.678763711675 -268.369713544844
25100 2077.63097655246 253957.849284922 361.027965174328 4.2742622198837 -211.274426382147 -268.500259845179
25200 2276.39439080884 287477.746679674 352.380330829829 4.37915529573449 -204.580374514072 -267.807805125617
25300 1956.17692770506 265956.83525987 356.719526212692 4.32588652561183 -209.682151705544 -268.89659921924
25400 1956.30484257604 177062.50499201 367.486676934591 4.19914050963209 -229.77673641608 -270.389060694478
25500 1913.77465171941 250706.528605314 361.560852775403 4.26796258505533 -212.310839674334 -268.887419270214
25600 2169.85877123746 314913.348990489 352.773897938165 4.37426975432463 -197.703823546139 -267.042756950877
25700 2267.95804690256 219315.473394869 362.318359082731 4.25903946952289 -218.995091719724 -268.591389282371
25800 2123.52115736176 202468.75800671 368.113781361354 4.1919870159692 -222.135061990282 -268.65399427857
25900 2303.51175912712 271147.180737174 360.147325545168 4.28471373355399 -205.855970849284 -266.806142051773
26000 2271.40717357884 308334.093430493 357.455996904328 4.31697385197074 -197.593360545147 -266.384702040162
26100 1746.40916040127 183173.767909883 368.938644798937 4.18261468030027 -227.198334766101 -269.378382779155
26200 2016.9428537009 240299.246166108 363.476464162656 4.24546936050189 -214.773804918398 -269.289097295617
26300 2004.3185104215 299932.671850833 354.971586004365 4.34718792350648 -201.868290964269 -268.320130834232
26400 1654.24697457479 246344.869555273 359.075012928637 4.29750925657643 -214.956038950734 -270.166115506259
26500 1987.86623820355 194325.970989215 361.833510813199 4.26474648077242 -227.795358934743 -271.681690013255
26600 1956.37146555113 266606.939978915 353.613936056531 4.36387832751994 -212.021263288989 -270.863675111863
26700 1775.17168371586 280339.927410456 352.099359985639 4.38264980637585 -208.352739887875 -269.961126366919
26800 1954.76127589362 204297.185858907 362.076399723423 4.26188559388256 -223.907598946356 -270.076787877425
26900 2093.0024262782 195573.518926428 366.193016600044 4.21397493101711 -223.837134394288 -268.537363652897
27000 2494.04964789552 269276.149256732 359.420916751034 4.2933733679585 -206.163837666649 -266.571339851984
27100 2289.71791669513 273291.244671971 358.099196565109 4.30921992193175 -205.151814331375 -266.234582144604
27200 2299.80804437546 225109.364657526 363.964551767738 4.23977605613323 -216.543783078697 -267.681612778669
27300 2046.33679746346 206832.357416017 366.461617659993 4.21088626339539 -221.647599132307 -268.955820344578
27400 2070.12912551681 264087.738568856 356.517237686839 4.32834104145502 -209.870672052806 -268.63562776245
27500 1980.14713590646 306322.611865194 351.11461654031 4.39494147828779 -201.576614861583 -268.706763383093
27600 1722.40957710267 240018.611503901 359.45074465052 4.2930170957538 -216.914830637464 -270.763372689517
27700 1700.14603424897 212941.226735718 361.983006593973 4.26298517818823 -223.19582869043 -271.306074647479
27800 1694.51141951118 302979.76573177 353.384896620597 4.36670668900393 -203.193085810251 -270.019976100587
27900 1863.68265505714 285460.043628434 353.555473364719 4.36459992311947 -206.223275699011 -269.216311018007
28000 2296.95355470862 224077.285452955 363.784795670099 4.24187104637962 -217.905918360753 -268.784151503489
28100 1850.74375301605 239816.976469958 368.394656105955 4.18879092378119 -212.53925625936 -267.681303702335
28200 2326.2192547216 251268.353125091 361.026588932878 4.2742785134671 -209.187478914134 -265.807056367388
28300 2504.13177815076 306860.073575513 354.573675097921 4.35206643990128 -197.071584272265 -264.982019875638
28400 2127.08380514973 226641.466177189 364.942122645398 4.2284189632051 -216.612983115881 -268.23714421559
28500 1458.65332359366 223708.517418494 368.303842105263 4.18982376899856 -218.567031284402 -269.992518099933
28600 2014.7920215353 291191.175856841 355.55166902065 4.34009548068385 -203.980318144058 -268.600856879949
28700 2138.66182196338 307207.914727793 351.838308161595 4.38590158055609 -201.045301284166 -268.508226231372
28800 1691.95736823326 217512.536561201 363.571838126359 4.24435566797065 -221.495999999408 -270.854752130077
28900 1790.81015636865 198912.572312332 364.736774591548 4.23079957756987 -225.461875610986 -270.744483395402
29000 2388.91590376024 281429.491954711 352.774173996024 4.37426633130891 -206.11768061064 -268.084047338927
29100 2179.15528103703 289894.702619979 354.832408573009 4.34889303959566 -203.378695843309 -267.581382353318
29200 1762.1937597109 197838.274291186 367.957031218378 4.1937728075382 -222.507911209393 -267.943594524903
29300 2772.60558127029 204384.238235018 366.540128821553 4.2099843114787 -218.581141910658 -265.339426663779
29400 2195.07713005456 331092.490058846 359.2701480438 4.29517509391844 -189.444523052428 -263.688308253142
29500 2073.2332409837 247565.065321603 367.037184111438 4.20428299547329 -208.949209529882 -265.663051269544
29600 2070.04582799187 216887.676942463 370.694499711474 4.1628030441973 -217.648049165056 -267.829205172382
29700 1723.22015663877 260224.215163986 362.69304913698 4.25463955137259 -209.130700751472 -268.039013323216
29800 2368.54489807519 304728.741778953 353.27520631939 4.36806253103141 -200.157692582427 -267.349483950861
29900 1931.88528854777 253307.681989763 358.343244725819 4.30628514581549 -212.130076025405 -268.78494312537
30000 2000.64738036308 212756.011159061 364.230938735017 4.23667521827069 -221.728863303451 -270.095770236603
30100 1951.28592874569 240573.396750304 359.311111831845 4.29468541620915 -215.862921437184 -269.814963964031
30200 2045.48150282786 302798.206614133 351.515050350636 4.38993491267828 -202.315531224072 -268.74899023689
30300 1825.2789544703 261518.808816514 356.858687656281 4.32419959284396 -211.540285401126 -269.789335310231
30400 1966.30248673658 206284.193328472 365.554311335479 4.22133768913465 -223.385466292168 -270.451489437299
30500 1921.166534416 259963.452143238 359.167888044168 4.29639798888802 -209.907560868419 -268.184863072613
30600 2859.80635353627 264448.802532314 355.623215297721 4.33922231588352 -207.214791951788 -265.912528086461
30700 2175.7405007336 224782.455761476 364.003937636912 4.23931730487313 -215.167391107682 -266.236483064076
30800 2501.99562294305 206943.154101628 368.31414464645 4.18970657058906 -219.31403463048 -266.886877443603
30900 2146.21629322403 249608.278824004 365.497754836191 4.22199089172989 -210.611537678758 -267.553619589646
31000 2147.73208989289 236808.705159957 359.715994366173 4.28985148293209 -214.986525396008 -268.154125127486
31100 1808.01710914421 308371.424678943 354.294584373717 4.35549472085183 -200.58915887485 -268.780351130733
31200 2135.26875918697 209238.752493853 362.154973302973 4.26096093004683 -223.288006511748 -270.584203168832
31300 1499.20174762509 229272.6249329 363.148181574605 4.24930722542831 -218.832882577901 -270.799652050066
31400 2200.83458310856 276511.039260446 353.8102631273 4.36145683911636 -208.008487786306 -269.070701317925
31500 1761.76183283127 286715.408160021 353.730929806942 4.36243500874612 -205.551153604985 -268.852611289842
31600 1879.31592240838 233320.341975378 366.267601258728 4.21311682104273 -217.329483527784 -270.667977744987
31700 2013.98119125381 163686.210286063 370.694295915648 4.16280533277281 -232.502876740413 -270.37482435236
31800 2398.72751205674 311075.992720308 351.560977323622 4.38936142348252 -197.678070541974 -265.936580152287
31900 2305.95462209306 363565.988604458 349.510067524887 4.41511800445131 -184.461365595361 -263.772211327336
32000 2091.60614683102 187781.49106066 377.194095696615 4.091071969237 -222.741709629943 -266.950365610846
32100 2371.42262241131 135827.196085572 383.472798024534 4.02408775750345 -234.65456519015 -267.164113876429
32200 2319.76437139329 301630.981896973 357.02235782745 4.32221724503852 -196.901954393468 -264.116149802442
32300 2295.2283373404 320691.142101026 348.533760066398 4.42748556573729 -196.207705371333 -265.970112681925
32400 1619.12758746897 217858.33870014 363.238124749653 4.24825503360821 -221.279311673196 -270.671157334716
32500 2171.64885035967 171773.396670093 366.967476444581 4.20508162417266 -231.406418750535 -270.749930464968
32600 1986.81071654794 291337.653642277 354.328210411394 4.35508138083182 -204.40696696981 -268.837539656728
32700 1738.582079356 294863.700435359 352.384990092461 4.37909739419157 -203.901466829645 -268.754210679365
32800 1848.76520075095 252177.310238797 360.905992362009 4.27570676166073 -212.583735195414 -269.389151079941
32900 1934.40402888514 237565.331666274 364.32450735605 4.23558712276811 -215.196729454794 -269.217539536699
33000 1988.41014771856 252047.443318063 358.960910574053 4.29887529925846 -211.544367901491 -268.014538173814
33100 2016.37031375238 302494.141161604 355.5133029216 4.34056385284243 -199.941697703774 -267.063323341645
33200 2117.32927692377 230103.606355933 362.116485296205 4.26141381164646 -215.923417208577 -267.930364749994
33300 2473.67272893253 210106.380905916 364.064492673254 4.2386121770218 -220.649986676719 -268.392712257781
33400 2121.71152631482 245442.096728306 359.795267328903 4.28890630864104 -213.645200811464 -268.763288491646
33500 2199.38300359133 256412.888186221 355.377618752205 4.3422210922689 -212.758775122367 -269.633533690474
33600 1624.06104544016 272725.412769995 355.072297926465 4.34595489672838 -210.438235128671 -270.879290789634
33700 1757.10826048493 244662.809712101 358.155741712279 4.30853958808171 -217.045113757618 -271.737833368627
33800 1809.86113551017 227773.422609921 358.054806751857 4.30975415709348 -220.720903892083 -271.623765602889
33900 1932.91192275362 272039.269405308 354.001162111694 4.35910487598691 -210.21754131501 -270.324662789764
34000 1985.89044515688 263527.012892717 357.77071764373 4.31317633267789 -210.843427132362 -269.689783024573
34100 2317.86595256445 201566.757250894 363.856029195675 4.24104059860516 -223.538787345375 -269.314817583715
34200 2174.27596712062 264708.658611126 358.72097271035 4.30175068997743 -208.752156050276 -268.019376298379
34300 2333.56051371073 263078.100553077 357.309451909848 4.31874439262094 -209.110721546051 -267.7810939539
34400 2190.65551930793 226480.109264666 361.384360874487 4.27004696089233 -217.616800333675 -268.70129042412
34500 2101.93094449504 246950.987186857 360.501754507963 4.28050119748317 -213.258301565631 -268.824129773906
34600 1891.88839146621 257968.728448811 357.247067963844 4.31949854945288 -211.381771342855 -268.902632411969
34700 2002.12633299712 270394.320171051 356.631898983767 4.32694942954712 -209.413342163916 -269.60099307318
34800 1621.73419301589 231244.868430392 361.886963457092 4.26411655486199 -218.788077200127 -271.019840212073
34900 1820.80259099081 234328.530919848 360.752314978302 4.27752817597008 -218.542677538553 -271.305004282704
35000 1661.95173931466 270856.593374662 354.903415293392 4.34802294193321 -210.722183244143 -270.720523029679
35100 1702.52305763854 255792.255668368 355.016142425462 4.34664232821501 -214.379302323465 -271.058688065106
35200 1813.58761896223 246170.669367687 360.355413804804 4.28223951340994 -216.103088291863 -271.470854219399
35300 1702.58369302424 235926.274599093 361.625919201638 4.26719466146919 -216.712137125295 -269.962859449406
35400 1985.78379873417 275566.652264169 357.662715349275 4.31447876908047 -206.137758422515 -267.654025268591
35500 1971.4078047205 294658.331014982 358.245561981872 4.30745933970344 -201.006881926988 -266.892281810897
35600 2302.85956787882 215276.222014677 364.861219937701 4.22935655406076 -218.93520184575 -267.959728786355
35700 2336.4466009056 236026.464748656 361.658961034798 4.26680480265396 -214.426721405059 -267.704925159587
35800 1985.4514936965 291023.275229792 356.43927582738 4.32928775394955 -202.7881315987 -267.532637258232
35900 1744.13938389024 242221.800811998 359.850616078093 4.28824663046078 -215.186074441115 -269.589359129002
36000 1734.59793312319 233658.356567313 361.000360444377 4.27458906125908 -218.658970462976 -271.306572610206
36100 1583.20243379079 261082.415321599 356.682414819985 4.32633661697318 -212.772241658411 -270.895367521225
36200 1951.96528596314 277893.871579952 354.549904402977 4.35235822292655 -208.588459827236 -270.084334721697
36300 1684.6073723052 225723.347898998 360.517489190636 4.28031437623304 -220.166627954127 -270.9582945628
36400 1644.24529507109 247441.614727352 361.018184656244 4.27437801598682 -215.039638650666 -270.795619691006
36500 2362.66789245041 236916.970309156 357.396133865567 4.31769693526277 -216.669001096297 -269.51786589717
36600 2107.29192341478 253503.940764764 357.70304370063 4.31399234376546 -212.192664000853 -268.79013076039
36700 1971.88323959626 242121.518359647 360.477980503605 4.28078350225524 -214.388276938684 -268.863845625874
36800 2243.17588825744 218412.95160876 361.153788666486 4.27277309636962 -219.590850061483 -268.824292798494
36900 2253.44565760953 253634.43506324 358.455670746527 4.30493452273295 -211.041243083199 -267.786989600521
37000 1826.80796575591 278813.603461679 359.432268676001 4.29323777063857 -204.988221546548 -267.537264070866
37100 2159.35119269376 244694.982791297 363.410079019444 4.24624489235356 -212.520711443347 -268.023100244985
37200 1833.74838154365 260082.062698572 361.809275348466 4.26503215093063 -209.171078985297 -267.903748348569
37300 2282.43093618897 241156.633466425 359.989897185226 4.28658749573779 -213.949098721658 -268.134109977979
37400 2089.44957859227 265259.940453229 358.467530643479 4.30479209398986 -209.421308887997 -268.769998519199
37500 1801.60431245521 246811.483587292 360.066559193444 4.28567483557139 -214.571767401331 -270.039165446868
37600 1617.46258179865 269168.90973238 358.030599303549 4.31004555160328 -210.396622358837 -270.546491031463
37700 1582.19270815222 280615.198334907 355.296811038364 4.34320867489998 -208.319194721905 -270.548097153872
37800 2228.6698676904 230821.824379646 356.848330023793 4.32432510406657 -219.288663521153 -270.69896854243
37900 2115.54476119901 237629.394137661 360.585717147908 4.27950447974384 -216.802786462603 -270.28363922792
38000 2305.11025158485 223622.35043061 362.752347818072 4.25394405066685 -217.949127315847 -268.579961461335
38100 2346.84483859814 276651.632863154 357.536154139318 4.31600601505833 -204.551426031909 -266.288045468191
38200 1709.08805762368 284172.996634139 359.300240231327 4.29481536353166 -202.760072557684 -266.488023852627
38300 2045.53502101088 221282.062538897 366.402521997215 4.21156542115135 -216.93140820323 -267.536510566794
38400 2115.28079209665 242470.237834305 363.571045214184 4.24436492448689 -212.494372635141 -267.516498975622
38500 2202.78460511021 261357.422418963 358.743290733132 4.30148307084034 -209.05135074391 -267.571883142249
38600 1881.59208083319 249220.795884474 358.489396079137 4.30452953070186 -213.190019440492 -268.95354649696
38700 1801.68403191973 270687.40336244 357.985389801771 4.31058986156001 -209.042302240062 -269.523863171165
38800 2109.7178795257 251939.409604173 358.463591152212 4.30483940337158 -212.331142222668 -268.698905399497
38900 1579.23827228524 234256.795811906 363.956795036631 4.2398664152178 -216.50474856501 -269.719455321258
39000 1969.84412449329 211492.920853942 364.556032457965 4.23289715290626 -222.062954371493 -270.18563006887
39100 1994.12583279955 293739.814555623 354.257523399314 4.35595037491054 -203.283531711334 -268.232392981143
39200 2010.60847243238 286066.241575037 355.316813992438 4.34296416915121 -204.331066096753 -267.77235708263
39300 1943.84270574911 219883.558786835 365.052566176732 4.22713969121655 -219.187036733994 -269.287045937228
39400 1809.10663602278 227802.710743011 363.925030247269 4.24023648721727 -217.633915444068 -269.377970108183
39500 1864.2321052864 288432.452562333 354.602257099299 4.35171565034341 -204.101693816387 -267.939104176163
39600 2029.99985619246 302895.296762008 354.784006381043 4.34948634693747 -200.514244819221 -267.587009211409
39700 1991.78940499691 209449.003202147 363.28426028812 4.24771552349191 -221.135964179565 -268.627314974172
39800 1715.7079287674 273144.467687963 360.428116878045 4.2813757295973 -206.721435135322 -268.168439335189
39900 1887.72476910591 260584.991706468 359.52062822862 4.29218261958766 -209.691637945145 -268.165644975744
40000 2224.45862233345 228308.713260572 360.514810501152 4.28034617973397 -217.26676650459 -268.639803430856
