# step temp[K] press[bars] vol[A^3] density[gcc] enthalpy[eV] etotal[eV]
0 2125.53755252883 937241.352337122 299.740096189215 5.14822078021888 -77.4185091227452 -252.760497413073
100 1977.51809322788 1040059.1001177 293.874377425077 5.25097902507524 -58.5467181422961 -249.316412075752
200 2103.91645154856 1045436.63009538 293.264992620297 5.26189020407245 -58.248212310706 -249.606633564487
300 2104.51226759596 919842.806256783 299.776849183257 5.14758960230044 -82.7980845779749 -254.906200134247
400 1951.69469208987 1012624.1428367 293.178357689355 5.26344510566221 -67.127833210279 -252.425447520223
500 2037.18541685186 1051870.77319949 291.27911748023 5.29776458132416 -60.9640121068917 -252.196370414977
600 1770.49134975823 902137.749321071 299.391941096738 5.1542075121104 -88.8786792235645 -257.457342002527
700 1587.46636007875 1046554.5737396 291.878817955551 5.28687968066637 -61.7398869644642 -252.397478003335
800 2025.00460324705 1062344.2608645 291.073792191251 5.30150165787582 -58.31163750132 -251.31195464643
900 1842.11370295535 858653.599007206 302.098146827851 5.1080359415295 -95.429508079095 -257.332807139555
1000 1970.92089639063 1065639.14673016 291.77633629616 5.28873661056533 -56.4091275136637 -250.475315631322
1100 2155.56791049457 1100128.97205687 290.338429185152 5.3149291886609 -49.5683892202039 -248.928271011047
1200 1728.35362483069 830655.680177309 305.426559472561 5.05237067310368 -98.9535784263297 -257.303364796867
1300 1760.77785669653 1083092.16758712 291.653793820204 5.29095874822535 -51.3002024307146 -248.46196315666
1400 2077.75072259951 1125706.31700815 288.867200736205 5.34199863443587 -43.1728933525242 -246.134073125918
1500 1927.40206051197 785313.579436961 307.623762240647 5.01628411481089 -106.465668863646 -257.24875539941
1600 1851.60673357621 1087660.60094763 291.445827066816 5.29473421320371 -50.239610596302 -248.091809409086
1700 2187.86245219693 1133611.09659173 288.285773598879 5.35277260685513 -43.7727724288881 -247.747772649663
1800 1430.33284630017 812579.123078099 305.901183837332 5.04453161151121 -104.513220570743 -259.65774785041
1900 1914.69158980107 1053171.41322934 290.723329015521 5.30789254887674 -60.3895339795861 -251.493010580331
2000 1794.80261268207 1120340.33529546 288.234613739187 5.35372269085781 -48.4213459915499 -249.972713022783
2100 1902.25125768712 829395.750821125 303.952988765636 5.07686467612252 -101.559112672023 -258.905895209153
2200 1956.48707392169 1042809.48048738 291.995991559075 5.28475813529763 -60.6899655851522 -250.74155369802
2300 1979.99220836709 1102036.04547224 290.27948695924 5.31600840290449 -48.3980833646069 -248.06301284664
2400 2214.90601737259 846505.064903507 303.409599069728 5.08595705804116 -95.057282462781 -255.362818309092
2500 2165.0915958329 1056032.89884176 293.07715261199 5.26526267268979 -55.7870023389388 -248.961172011961
2600 2189.47139742635 1070565.74232388 292.289221976483 5.27945635980473 -53.165301189976 -248.471391310835
2700 1889.31123708292 874709.612564215 301.868653380906 5.11191928868136 -89.9529225918277 -254.758368710962
2800 2483.94781407592 1044330.57276337 292.26024600253 5.27997978846826 -58.95534055282 -249.456393404228
2900 1674.27241619327 1063384.38432211 291.91792707212 5.28617138160509 -56.2162614672757 -249.965804761771
3000 1867.87445761634 892375.743850728 300.791669213147 5.13022250883095 -88.8384481807151 -256.372542931315
3100 1804.76530379464 1056840.26297905 291.514464599765 5.29348755981889 -59.8747445498795 -252.165808255915
3200 1596.53619821866 1044367.19415748 291.512168893824 5.29352924689799 -63.9912881502774 -254.011392608434
3300 1494.0238276428 904264.395320864 298.35750590435 5.17207766296595 -90.2794672157618 -258.671694705079
3400 1623.22822887415 1062090.80546349 290.190400465657 5.31764038159058 -60.8856551293292 -253.254321233434
3500 1362.1401286641 1035491.49530837 292.247708247787 5.28020630552817 -64.929596832581 -253.810170485948
3600 1674.40429106969 907194.793662616 298.930523967592 5.16216333944344 -87.7271548820185 -256.989539525806
3700 1615.70881214232 1072385.79746909 290.851692421605 5.30554998328589 -56.4204993289371 -251.0964442843
3800 1783.12789599464 1033690.47620962 293.444330796174 5.25867440573584 -62.4546835817768 -251.778774929835
3900 1779.56143813622 911455.885590399 300.092202043926 5.14218024112552 -84.103050209248 -254.821322367602
4000 1937.75350732404 1076732.72093738 291.06943644237 5.3015809929314 -52.9000601223073 -248.511458917822
4100 2119.49087289392 1029292.81463272 294.361168383158 5.24229537592233 -61.1169761401322 -250.224627839977
4200 2044.36368768988 881098.552298542 302.635932065618 5.09895894163532 -88.2604681969652 -254.691620829984
4300 2291.04490973875 1080679.61402527 291.076324157579 5.30145554205475 -51.306114271325 -247.639195952717
4400 2054.31482351847 1033062.54283852 293.929286438351 5.24999808819588 -60.289623311141 -249.811399509153
4500 1758.42897117267 880897.873349221 302.804551471295 5.09611954103143 -89.4073104181589 -255.893265886566
4600 1997.12704742321 1083485.61960707 289.995521569479 5.32121387087147 -53.7986387887261 -249.91060109187
4700 2126.77595847438 1038503.6952787 291.332245819609 5.29679846295358 -62.977925849595 -251.814557667317
4800 1795.02888507329 863358.702276485 301.663119307902 5.11540222552388 -95.4538114775442 -258.009858960669
4900 1646.02931304532 1075529.62194945 290.743214789423 5.30752950841438 -56.1582404555308 -251.332080470557
5000 1933.47520953673 1050622.56666718 291.483443778255 5.29405091371176 -60.0566420000239 -251.196060062453
5100 1813.24937251627 877430.988951763 302.444515587443 5.10218606169425 -90.1549620891437 -255.788517702353
5200 2099.59019216611 1050492.04470958 293.295184701886 5.26134854015624 -57.0147808884591 -249.318349366062
5300 2404.5554113086 1044513.96896149 292.262604415173 5.27993718167937 -57.7943900918745 -248.330434601774
5400 1989.27940920882 907739.081597145 301.305063810824 5.12148110738352 -83.1103386669334 -253.819609402215
5500 2242.96907552632 1029658.48851986 294.061511225845 5.24763742603829 -61.1403303139256 -250.122587375284
5600 2027.8513752049 1060730.88365989 292.015249724694 5.28440960984384 -56.1563238517568 -249.486830124092
5700 2169.07870676006 917016.964348985 299.31341822908 5.15555968387988 -83.1972573106522 -254.511392908914
5800 1656.53355212795 1007227.06556983 294.240544026372 5.24444446285355 -67.3760055419146 -252.353777798187
5900 2085.32237973217 1057868.28416735 290.908109955294 5.30452104653687 -59.0827259757572 -251.16047966193
6000 1578.22003352833 930327.464333557 297.243449485185 5.19146240073168 -83.3529765214979 -255.951778619339
6100 1734.07884838067 997348.14839858 294.057303165301 5.24771252152398 -72.0126029716323 -255.062040305779
6200 1632.47985254333 1042609.13436487 290.910253771152 5.30448195573072 -64.2911673613773 -253.599703507181
6300 1600.32942305576 966448.116276018 295.784459889645 5.21706986378477 -77.6301126331234 -256.050114476907
6400 1593.45369627832 984654.072226297 294.606844085501 5.23792377144596 -72.919543192701 -253.976891577555
6500 2074.71087267398 1042716.18402276 292.504809346632 5.27556519604928 -60.5330408395747 -250.898770589215
6600 2091.65332121401 955855.780242845 297.434062234307 5.18813541486887 -75.6056387627846 -253.054295404405
6700 1718.11698695327 997041.720907512 295.224374670816 5.22696743311509 -67.426490805484 -251.145961522745
6800 1996.9975962828 1048466.88343169 292.62063590535 5.27347699553649 -57.658324645573 -249.149740326355
6900 2013.62630575086 961170.317736099 298.189714986667 5.1749879835229 -73.8415152622356 -252.730110307396
7000 2207.10840247016 995185.699977673 295.693132500534 5.21868120107028 -67.7851870166161 -251.453825925085
7100 1998.10113844574 1049748.67941886 293.035236503226 5.26601582212497 -58.2269541842703 -250.224123374091
7200 1752.89236370748 960574.639835011 296.995652838518 5.19579386808448 -75.9168747400693 -253.97871265738
7300 1664.17828766174 1013752.93543049 294.162708540633 5.2458321434478 -67.383284289858 -253.510286700174
7400 2105.17691748035 1026745.34166922 291.871848936509 5.28700591540022 -65.7666385626503 -252.810988083407
7500 1947.31006969349 936511.107449362 296.767700241956 5.19978485060201 -82.6188972776352 -256.08683143395
7600 1836.65905838216 1012884.61654585 294.03483544752 5.24811350844701 -67.9748852484681 -253.861622167516
7700 1694.81324049851 1065532.99037459 291.969424378712 5.28523901141285 -56.493408839406 -250.668678453082
7800 2375.47007267502 944539.778284003 298.805091307445 5.16433031684315 -76.8399748656483 -252.996156593233
7900 2276.73030127511 994671.789885703 295.73685567359 5.21790964589581 -67.0848041898922 -250.685741769503
8000 2510.20257220275 1059239.07038668 292.423802347081 5.27702662875084 -55.1945157668194 -248.523226153635
8100 2169.2122985697 929660.655827499 298.765886482987 5.16500799348787 -79.6761819659172 -253.034666481611
8200 1974.94320371493 1003069.92822877 295.973295224542 5.2137412961376 -66.6910033162948 -251.990133592212
8300 2030.85733938427 1044498.97270568 292.612217966282 5.27362870419833 -60.2378922083174 -250.999122988392
8400 1838.89981436109 969756.842723859 296.675976397056 5.20139247743092 -74.296797194624 -253.867249128495
8500 1791.46062159752 991468.617492954 295.465502911463 5.22270172544821 -70.7665151739942 -253.608276795444
8600 1791.18110879827 1026907.93715476 292.616716975711 5.27354762166309 -64.7490238989809 -252.300413653185
8700 1900.12994648169 972355.931341018 296.018999595447 5.21293631143618 -74.6353484647496 -254.288358009121
8800 2114.09734325006 969579.17762857 295.481301211243 5.22242248677158 -74.7496948216563 -253.5642742597
8900 1793.3560577131 1048230.83519208 293.17701132211 5.26346927716888 -58.7975387919443 -250.60985375056
9000 2147.21842159974 961200.436674454 297.548950849579 5.18613218920816 -73.542261757259 -252.052046096651
9100 2010.46852264037 1001164.3872594 296.96504627581 5.19632937013375 -65.2325334306701 -250.799372410135
9200 2178.44014194053 1020262.19986537 294.60780736839 5.23790664494009 -61.1536511964604 -248.759205043484
9300 1958.50309082432 1013941.06266709 296.605456754189 5.20262913822582 -62.4451762039906 -250.152617933538
9400 2073.50674266781 996051.981815302 296.842815543321 5.19846905858807 -67.0060805758484 -251.549340765696
9500 2063.93782734902 995025.778066268 294.139023875484 5.24625454839126 -68.7644236956198 -251.438374469056
9600 1797.09575858381 1010276.58769912 294.039456632078 5.24803102801604 -67.2338997912513 -252.644919672744
9700 1933.98035965346 970311.810520801 295.869226146266 5.21557517814732 -75.0380501819694 -254.222680901102
9800 1806.30256505885 1014970.33075912 293.665462051886 5.25471460308628 -66.5414543383561 -252.576969870716
9900 1622.14872906308 1022489.02923494 294.05010032367 5.24784106574883 -64.7416463949636 -252.400747390631
10000 1868.35158344651 959115.27802675 297.103828317619 5.19390207997064 -76.0180742652668 -253.874147487952
10100 2100.87926972676 1033890.37129817 293.93442031632 5.24990639138306 -61.1390196803536 -250.815979090352
10200 2077.3090187196 1003668.40267023 295.507909268525 5.22195225057039 -66.0739604113123 -251.192111421491
10300 2587.41369207862 943261.59271795 298.116735915338 5.17625482221955 -76.4066068486852 -251.91914690615
10400 2523.45089950675 1018367.80077674 293.872484112419 5.25101285520766 -62.033560534139 -248.823390090597
10500 1959.67906370318 1022373.339304 295.429802529666 5.22333284811767 -61.81210016017 -250.330377479913
10600 1977.84897635548 935127.7813032 298.948027881676 5.16186108602428 -79.5674868053567 -254.051762437884
10700 1593.27233186619 1066942.72211602 291.651651319167 5.29099761611639 -56.8993284625245 -251.119882045793
10800 1621.46587431657 1023030.08584785 293.589381862956 5.25607629974314 -66.0032029307784 -253.467424588802
10900 1544.23998911239 932268.667412816 298.027075230376 5.17781208527205 -82.8985596855209 -256.31347638038
11000 1604.74382808051 1083217.22821996 290.517478712996 5.3116535318365 -54.281252264419 -250.697526027604
11100 1928.85212795233 1001964.70952642 295.130056101177 5.22863788341877 -68.1728077013675 -252.740426146608
11200 2020.94696712583 917357.151318681 299.734459600655 5.14831759391988 -82.6633528124766 -254.28211642017
11300 2027.90895058754 1099992.98622309 290.571950759907 5.31065778314292 -47.6432144152226 -247.13878049615
11400 1749.16219699909 1001627.43842491 295.806612736619 5.21667915936719 -65.5656039402927 -250.494055820924
11500 1795.4163014259 927835.286217874 300.383596221184 5.1371919481577 -79.5483109391813 -253.503240358653
11600 2013.29247383821 1089065.15926758 291.380961001675 5.29591290577579 -49.757688090938 -247.821292631904
11700 2125.7550610059 998991.825154375 295.670486321845 5.21908091356262 -66.835578394285 -251.192544543109
11800 2008.05404597663 915731.400617175 299.655118237414 5.1496807427915 -83.3289967681853 -254.598267741547
11900 1871.79965030042 1114253.48055706 289.822742814432 5.32438612953903 -47.2837581207726 -248.844572379112
12000 1570.65496344562 970427.240496461 295.956059077281 5.21404493855344 -74.8155322594183 -254.074073199554
12100 1627.52675665124 942536.200065499 297.460799055993 5.18766908703035 -82.3541668700579 -257.345855495301
12200 1485.50094623069 1100630.97925085 288.30272289737 5.3524579176987 -54.6331641106737 -252.685568588719
12300 1460.57515756906 979802.395519741 294.565032353874 5.23866726316752 -76.6068381297034 -256.746494613665
12400 1602.60233713901 931000.28293213 297.34655205284 5.1896623021608 -84.6332996720172 -257.416837621855
12500 1638.18597549359 1089480.74804285 289.848010731388 5.32392196852505 -54.32589601507 -251.422675021856
12600 1751.44630609813 974739.355562442 295.829447270857 5.21627649343932 -74.0459715218005 -254.024023121727
12700 1981.67011204371 943998.715863933 297.875745382585 5.18044256971699 -78.5340265496235 -254.041731929257
12800 1977.57828491733 1075927.59444289 291.458338581437 5.29450692464903 -53.4107201941928 -249.137014463423
12900 1923.5755507034 982255.909705452 296.496762312959 5.20453639975102 -70.0770060244726 -251.852045784721
13000 2388.71616955579 948528.529869295 298.121392164379 5.17617397618776 -75.7468710480472 -252.242185910215
13100 2326.55864614808 1048493.75366139 292.812005876394 5.27003046629697 -57.1919749963838 -248.813534268075
13200 2423.19218306139 975048.305436075 296.618425415831 5.20240167043837 -70.9783350426631 -251.493586054535
13300 2373.03181635869 960207.301121255 296.836979352602 5.19857126706944 -74.1148433504331 -252.013492355176
13400 1739.96877832583 1052749.14549343 292.303441384166 5.27919953510923 -58.8109560151444 -250.876061290355
13500 1648.95080533652 986631.611006188 294.802820495762 5.23444175083224 -72.4915279363329 -254.03318811853
13600 1525.36241354678 976936.181972008 295.62931524541 5.21980775345344 -74.5970549922643 -254.858701892497
13700 1998.56926769745 1017562.4656959 292.214252163446 5.28081084492413 -67.4522423598787 -253.041192730153
13800 1953.08459678904 1011980.85958782 294.075653396412 5.24738506586261 -67.5729830464816 -253.319642361451
13900 1923.61202574876 951326.295988275 297.553851266135 5.18604677875916 -77.2938918909092 -253.972805345237
14000 2143.08720639688 1024132.36511598 293.411751710766 5.25925830464786 -62.7098028953727 -250.262467181966
14100 1821.39830078021 1017348.86642028 294.827420968169 5.23400498772713 -63.3835554060711 -250.592856323654
14200 2419.82218963428 934493.664881875 298.039777982759 5.17759140176044 -78.5236343841424 -252.359840574714
14300 2034.72870964356 1058407.96376773 292.717990178527 5.27172310429221 -56.0285910943945 -249.399953077945
14400 2228.04984045087 1001951.03488608 295.162339970964 5.22806599249052 -66.9229745708561 -251.508263390974
14500 2073.78292628416 939176.555985396 297.583767521821 5.18552542269621 -79.1178711437838 -253.557889392898
14600 1765.13339163207 1059980.8924602 291.878049858478 5.28689359345224 -57.8050390025948 -250.90808088252
14700 1903.28486330647 992230.722109096 294.241227715491 5.24443227703702 -70.7593489071044 -252.983458329761
14800 1705.01178193816 954649.987496453 296.881631025877 5.19778939011427 -78.4553017102238 -255.350946694893
14900 1766.34949626694 1036020.70123883 291.634683084697 5.29130546320502 -64.3683105455305 -252.949012406388
15000 1630.73576651111 1009340.25453951 293.347215379972 5.26041534046031 -69.8067271988876 -254.609807908208
15100 1533.68859953474 933136.012765291 296.611804358514 5.20251780000281 -83.9370432476377 -256.689019361519
15200 1538.7121422989 1055742.72595928 290.96169123638 5.30354420648617 -60.8444479034404 -252.571569762748
15300 1899.10032218391 998325.709346019 294.183412601224 5.24546295190983 -69.3544046232159 -252.661839267869
15400 1794.98366665008 944041.451982606 297.94638477924 5.17921435096279 -78.0225739460632 -253.579847255191
15500 2124.22322280182 1063765.12463619 292.210131522644 5.2808853129945 -55.13016699897 -249.143090655723
15600 1704.25254593493 1006035.32192757 295.665922787275 5.21916146885946 -65.2325690972646 -250.886497871222
15700 2405.4249754965 926962.393103308 298.869415096144 5.16321883043706 -79.9059065864669 -252.821130497757
15800 2131.19600822755 1070856.50161288 291.341911386478 5.2966227362293 -53.5352036611757 -248.261177984563
15900 2139.3597274496 981078.831011479 295.747960514858 5.21771372211575 -70.5875271142373 -251.686215914095
16000 2039.91036946858 900848.043813646 299.6965097023 5.14896951385577 -86.8618886150813 -255.370797903848
16100 1793.98910028523 1115599.8650805 288.839592825909 5.3425092341693 -48.4410308971986 -249.560826866301
16200 1709.04321782728 980191.66529235 295.013845748162 5.23069752184922 -74.0948613608466 -254.580664734065
16300 1824.9513883669 909639.381670104 298.649437287689 5.16702193006186 -87.7724930370508 -257.331395861114
16400 1614.61803016686 1126755.2822996 288.000405479603 5.35807645581738 -47.3407775457108 -249.881495237283
16500 1771.53517759244 960531.780308159 296.526348468706 5.20401711293111 -76.2247434236666 -253.997280596022
16600 1844.54536456476 906715.893622125 299.96323037208 5.14439116405033 -84.0896947850842 -253.847164377604
16700 2138.95323121338 1146506.8640641 289.207079374396 5.33572067185966 -38.9066961175575 -245.86136162331
16800 2210.19976074783 933326.581002051 299.431553336003 5.1535256544407 -78.1691226400901 -252.59898596615
16900 1935.01648829957 932965.7285091 299.70567357166 5.1488120777839 -78.7645116930078 -253.286558472557
17000 2159.81690993335 1132117.58141259 288.029385105904 5.35753736133116 -42.7566887743946 -246.281787814264
17100 1859.70900279146 931426.231552889 298.853999842255 5.16348515556304 -80.8575525170871 -254.596497544417
17200 1627.40763478273 919072.149841273 298.583987283595 5.16815454808853 -83.8907839868995 -255.170432078676
17300 1609.05486798757 1163682.93301399 286.825342579471 5.38002736434827 -39.5734863753698 -247.898696435324
17400 2157.91942191789 905618.312955154 298.420622830965 5.17098375181731 -86.984615842794 -255.664646413211
17500 1509.66726858624 943706.030566879 297.9307057137 5.17948691515203 -79.9051070585083 -255.390769014644
17600 1917.08757244186 1163287.44237531 287.516045466075 5.36710286677966 -38.4502644873413 -247.206169452926
17700 2002.39115729266 905391.314849631 300.158727908584 5.14104055083848 -84.1574331678002 -253.777387851161
17800 2164.15465120841 942539.83020049 298.958935100941 5.16167276065891 -75.7360908775482 -251.609787643766
17900 2198.04383158577 1122092.79757455 290.059933184339 5.32003222549676 -42.1544476502879 -245.299458135151
18000 2046.43370381457 913676.522352892 300.277792572848 5.13900205088178 -81.5306247253401 -252.770665543416
18100 2451.2070067932 952037.744219495 297.322653771128 5.19007943825896 -75.2806117985458 -251.954273284418
18200 1906.10176705623 1107701.0310065 290.088421509631 5.31950976821351 -48.0340621494862 -248.593266200517
18300 1950.80056757956 939971.931732838 298.238442743835 5.17414246691045 -79.8576643445811 -254.829501182106
18400 1574.44385438006 993424.105369361 295.88024197834 5.21538099856997 -70.1262931282913 -253.585833749317
18500 2038.44059158898 1066641.12685397 291.617541895227 5.29161648451362 -56.5971849322608 -250.740129543862
18600 1839.51433011522 954501.170523079 297.334999487752 5.18986393974681 -77.0734875558501 -254.211652451252
18700 1694.44362740235 1003773.05778467 295.218956855591 5.22706335765883 -67.5522629400308 -252.508686304708
18800 2107.40059642803 1036328.9186994 293.038309750631 5.26596059463791 -61.2629048888117 -250.807611530915
18900 1681.14560283278 963571.256704697 297.255406221407 5.19125358048742 -74.4640942549888 -253.237634707633
19000 1880.644291907 1016419.30033042 294.789713435313 5.23467448671589 -64.2107897723677 -251.225113272012
19100 1875.61733339912 1025851.90216417 293.859970354823 5.25123646477899 -62.4762342730317 -250.630791251244
19200 2016.27146515128 959301.073210211 297.060029164217 5.19466787978085 -74.7185496281463 -252.582851585571
19300 2333.34640304375 991778.250466081 294.748717495462 5.23540256588183 -68.7222101843206 -251.17736875441
19400 1950.1719157483 1019531.06645703 294.166652992359 5.24576180260039 -64.2498503697582 -251.440238845307
19500 1884.63522863204 968856.833748977 296.108075852769 5.21136813787341 -74.4009698277072 -253.461349766007
19600 1733.09658237904 1012354.95040048 293.582864729299 5.25619297736936 -67.1737238459442 -252.677672044823
19700 1789.27030495431 1024867.38561406 293.46550787309 5.25829492893404 -65.3993322615082 -253.120989533223
19800 1722.35052979912 971499.58665981 296.377323582646 5.20663380454548 -75.1488787926948 -254.860943821661
19900 1601.54468933134 1043850.32429182 293.347509333898 5.26041006917049 -61.1337653212208 -252.255587884708
20000 2280.73125873229 997139.343133226 294.993608642951 5.23105635733914 -68.4993446051833 -252.093182831329
20100 1902.79414218685 956202.771975481 298.400656483974 5.17132974856239 -74.8673478401759 -252.957299159072
20200 2222.77724943298 1057460.288212 293.693762978232 5.2542082481353 -55.0919713797166 -248.9342173776
20300 2018.65056346966 987818.512259998 296.800498014653 5.19921025129122 -67.7865574155151 -250.778272989212
20400 2473.67555310439 929153.688553947 298.061013877475 5.17722251491924 -79.1272903875723 -251.982459876318
20500 2405.38947569274 1061138.6306335 292.46836720935 5.27622254191183 -54.8196596526957 -248.524587096173
20600 1879.40842664448 961565.746536689 297.467904432359 5.18754517335504 -74.4964304567913 -253.025417491744
20700 1810.50094668608 961712.665594721 296.597313635347 5.20277197710337 -76.6098693777042 -254.643558615115
20800 1645.70817006223 1102493.99296575 289.938824500387 5.32225442565406 -51.6941804084576 -251.207662436953
20900 1440.82295776991 924862.321534791 297.353146021191 5.189547218566 -84.9305487482849 -256.578754139409
21000 1709.63648034362 993535.426621404 293.966851340982 5.24932721096569 -71.9869047003162 -254.280479134602
21100 1796.2405036926 1078424.22699159 290.538896574487 5.31126196891335 -55.6195897745744 -251.181180491534
21200 1661.56957075585 914676.295893303 298.805716701377 5.16431950801098 -85.1538238467464 -255.740838538423
21300 1996.26428597855 1026906.89038398 293.112680524121 5.26462447515687 -63.2338014975037 -251.102885390033
21400 1983.10352990083 1047025.17168147 292.573311895108 5.27432998543407 -58.6873203860341 -249.884496300418
21500 2186.82855246538 911255.763656432 299.711420648455 5.14871334741737 -83.1424456600708 -253.606660744715
21600 2196.21261254654 1030818.02858619 294.039452255986 5.24803110612075 -60.6046756916915 -249.78556088198
21700 2051.44467772641 1050721.91462861 293.644283624909 5.25509358744154 -56.8115073431365 -249.386098163879
21800 2275.6687003072 907853.578223394 300.200328083985 5.14032813260088 -83.968830371171 -254.073648432653
21900 2242.26243606857 1023099.73788547 293.917681288421 5.25020538098166 -63.4719372533051 -251.158563967708
22000 1718.91995172144 1024890.33332406 293.246669106217 5.26221899320937 -64.8685725034497 -252.454444875464
22100 1508.63476984803 942731.550557833 297.861711304041 5.18068665190398 -81.2542495597686 -256.518106537741
22200 1584.05698186205 1051935.68675003 292.029967055032 5.28414329333306 -61.2008139703339 -252.937956504645
22300 1696.73702900327 1027383.96045398 293.133717936491 5.26424664732854 -64.9852494983535 -252.955101806256
22400 1856.3871641773 934680.574390031 297.727286217077 5.18302575310818 -81.1547731230643 -254.843446557585
22500 1992.4235667717 1045621.91934209 293.580205648269 5.25624058494905 -59.258066124743 -250.856119217389
22600 1963.36182087282 1012270.95041862 295.913660068659 5.21479201571188 -64.4595176805773 -251.420693256149
22700 1991.55252426526 957072.850808087 298.226326071586 5.17435268774934 -74.6425391440484 -252.790402428371
22800 2127.25452455938 1042749.7526833 293.494799517467 5.2577701356316 -58.6095816158139 -249.625758429463
22900 1972.24943207216 998421.527555153 295.716075817912 5.21827630641327 -66.9158173640579 -251.195948885607
23000 1970.13350949281 956478.259870645 298.442408843061 5.17060627491983 -75.191917690537 -253.358103427136
23100 1892.4937822024 1046835.50051493 292.841004958455 5.26950859250413 -58.9335006493895 -250.270946927612
23200 2228.25196088985 995340.941723678 294.786373134597 5.23473380216779 -68.7978812778526 -251.931853248542
23300 1686.46123501474 912609.957398051 298.987986694147 5.16117121937973 -85.6777110764365 -255.983176048289
23400 1544.27488196092 1080698.81798722 290.398091196745 5.31383724151496 -55.8162431558622 -251.695332570835
23500 1624.09832392881 1010176.32564266 293.676900012177 5.25450994546093 -68.9873870830556 -254.15141350613
23600 1261.77169266682 908546.923757008 299.854925603945 5.14624926956951 -87.8522373525117 -257.8911002561
23700 1924.28673618537 1101116.25318363 288.793976785093 5.34335310259759 -51.5865331058786 -250.063880426603
23800 2440.94303281206 1002968.08803708 294.102971202331 5.246897661583 -67.1630946158685 -251.272582373819
23900 2170.58421410392 829213.968754675 304.934024938783 5.06053134666068 -98.4438999055449 -256.263935980113
24000 2217.39607872119 1123507.09913764 288.905184670088 5.34129629285912 -44.3148190254746 -246.906122764179
24100 2083.48835111099 1074483.00633475 292.581149715851 5.27418869385392 -52.3753297179129 -248.591834793081
24200 1923.06982599226 812945.018689577 307.159595435991 5.02386451471836 -101.531913716067 -257.384819467958
24300 2103.54891824279 1124462.80336404 288.948476170376 5.34049603693437 -44.6535465910549 -247.447566814363
24400 2018.29444711074 1066058.82212057 291.794002331764 5.28841641546701 -55.3849990130913 -249.539369912706
24500 1709.37384954488 845426.346364656 304.778447553395 5.06311454846483 -97.1734071818077 -257.996967735691
24600 2197.31135767841 1092235.16421408 290.17528648738 5.31791735452714 -52.5121277953111 -250.330315546417
24700 1583.84968279166 1059182.15190466 292.171485130768 5.2815838314114 -59.1864175378277 -252.337935080363
24800 1669.20360584798 888832.3131863 300.701747697266 5.13175664485887 -91.0224390174825 -257.841406830906
24900 1911.80009840464 1066301.13672424 290.986612559238 5.30308998855395 -58.0139933999122 -251.675151046059
25000 2030.54324803902 1024795.1613581 293.41749284348 5.25915539974055 -64.6867216110114 -252.364438094697
25100 2285.6003128082 898868.706710975 300.537038957486 5.13456909410894 -86.268792002141 -254.879016610017
25200 2193.68213262877 1062700.39938041 292.660740431506 5.27275434891231 -54.6175366835452 -248.735154648563
25300 2096.87662059703 1026383.69484575 294.698200319638 5.23630001877311 -60.9655139658208 -249.754594137988
25400 1881.15909944156 935367.124656329 300.156705186802 5.14107519572405 -77.6530257440793 -252.88759838754
25500 2287.58714997907 1042827.79161119 293.79046884998 5.25247874073852 -58.3030036887214 -249.52592190481
25600 1818.77576674483 1039033.52884977 294.16468705463 5.24579686065289 -60.0039295965875 -250.773781016429
25700 2131.48352477032 913895.22386754 299.334519068285 5.15519625557819 -83.977656363331 -254.720634627706
25800 2186.48260360571 1034185.06730138 292.354927999874 5.27826981547165 -63.1040289488943 -251.815510417659
25900 1650.27701034377 1027428.38728754 292.978939392684 5.26702770876594 -65.7019544847856 -253.580680211594
26000 1498.39579619448 923641.408045375 297.67641067139 5.18391157829971 -85.3366096372593 -256.944581102586
26100 1853.95957950625 1053402.29599763 291.072754204921 5.30152056341119 -61.4917303447145 -252.866842625926
26200 1783.05232408236 1009077.62948673 293.420118076545 5.2591083460186 -67.9762345498796 -252.777145805534
26300 2241.71525446323 918977.996437979 299.884556865457 5.14574077436887 -82.0129183044898 -254.02100182769
26400 2101.77466818619 1031885.25223456 293.675046353555 5.25454311160082 -60.1725367548266 -249.314587759527
26500 2369.2705155831 1034268.91510594 293.798558016422 5.25233412404927 -59.4246465628161 -249.083348871416
26600 2161.68998776335 917337.54787186 300.370507305685 5.13741580592561 -81.1727215351846 -253.151991375195
26700 2352.52178564858 1035668.4458837 293.769020647056 5.2528622264772 -60.3814701020532 -250.277717526924
26800 1606.58223160318 1062033.46371763 292.400591804542 5.27744551521852 -56.277044092703 -250.100392086674
26900 2172.35903168799 889294.183194331 300.293117808347 5.13873978574152 -89.0027486396422 -255.681590153204
27000 1799.95832916773 1041269.89201734 292.906865297072 5.26832373936012 -61.7599760844737 -252.12296043671
27100 1628.09829994826 1076838.39450437 291.060045132113 5.30175205313973 -55.2912553188177 -250.915539974368
27200 1733.71151446293 887924.071773665 300.233796639836 5.13975511463579 -89.7324476989359 -256.121615931344
27300 1871.60419890537 1037857.11895833 293.113208402211 5.26461499390582 -61.1999687508346 -251.072701250001
27400 2284.2494573485 1064324.91430096 292.343341365461 5.27847901258351 -53.859575772724 -248.063086899776
27500 2085.36500775437 889235.155604213 302.428556196532 5.10245530803423 -85.2671982415135 -253.120180873939
27600 2072.83587575475 1037973.2913549 294.229768461836 5.24463652992433 -57.4614335311612 -248.078785105674
27700 2421.32601846538 1072087.267781 291.950011039136 5.28559045561832 -51.9503194595178 -247.307004358829
27800 1699.21413506509 898679.323961198 301.523133418074 5.11777711505309 -84.7888608366155 -253.916672721771
27900 1940.2637046958 1039304.91734065 293.934177200642 5.24991073362921 -59.7875964991309 -250.457747845817
28000 2347.21874874429 1063131.8973651 291.379154228136 5.29594574448495 -56.1434732944227 -249.489507946159
28100 1887.92148093158 906091.089184599 300.609655905652 5.13332875890866 -85.4193380199292 -255.425408224404
28200 1957.99110889788 1014699.45779119 294.176460224659 5.24558691979519 -65.3751619418376 -251.684656984919
28300 2285.49992585605 1055095.55150792 291.730151596301 5.28957388676613 -57.9162021585783 -250.03185557753
28400 1916.95445742451 930027.362583244 299.844108159445 5.14643493026566 -80.6297180503459 -254.6824676055
28500 2041.8798899303 1014144.29517443 294.684527782526 5.23654296843482 -64.8569017766217 -251.386059286308
28600 2079.80427187915 1058024.33105266 291.919133478732 5.28614953558208 -56.3311742047089 -249.104907885303
28700 1987.12585474213 912104.299678865 300.134418419716 5.14145695115903 -83.0269173266234 -253.890672675824
28800 2105.27212477352 1030613.37715542 294.71372708948 5.23602414826644 -60.2441423026394 -249.821201740066
28900 2174.49760117401 1059508.22192698 293.123300018276 5.26443374433185 -53.9472389330058 -247.787646907866
29000 2410.76844091079 920662.952409178 300.394007524975 5.13701389911322 -78.7128014227081 -251.3290105944
29100 2403.65159411098 1011433.82385027 295.461911593461 5.22276520700705 -61.9779635147937 -248.499343053868
29200 2302.52965391226 1066239.68635125 292.764621002737 5.27088343728423 -53.3372097799905 -248.170461717403
29300 1861.11620749968 931478.568388225 299.685526383559 5.14915822091159 -79.8345480971002 -254.066691111574
29400 2126.85069961365 1017899.41151666 293.640386038857 5.25516334003838 -65.0187729874968 -251.575232994542
29500 2024.60224622475 1085300.10335628 290.403330002526 5.31374138117733 -53.6200261661798 -250.33665761518
29600 1911.53305646306 888299.045860289 301.405538209211 5.11977384700545 -89.7672347211296 -256.876321646477
29700 1887.24680196977 1012127.86898519 293.588836582747 5.25608606181181 -66.6126376312172 -252.07874796821
29800 1853.74744603304 1125966.29235267 289.174194825923 5.33632744372316 -45.3718575605147 -248.595657180727
29900 1514.42285990118 874245.640230099 303.895572652774 5.07782386691521 -90.1123149863298 -255.936354645454
30000 2150.64160293824 1028709.74798744 294.581726801184 5.23837037898685 -59.6729464132474 -248.815087706265
30100 1922.05114266722 1151315.48605361 289.892795161096 5.32309949617269 -36.7417468575448 -245.057163020705
30200 2023.82315285609 868762.053342351 305.321315338346 5.0541122232363 -88.3073793083032 -253.864403046031
30300 2130.85362856391 1019227.63934199 295.70049128098 5.21855132935783 -60.9257494648881 -249.036181543114
30400 2445.73272084202 1113510.88567887 290.364958649212 5.3144435852205 -44.5263485907862 -246.329671929753
30500 2126.94163046704 862065.172788284 302.837605976918 5.09556330327 -91.3787288627456 -254.323169205793
30600 2006.33335070346 1030757.48237352 294.469139111706 5.24037322390086 -60.943236234199 -250.389447976464
30700 2188.30834216168 1103301.70432181 290.240062469417 5.31673049797777 -48.522072492806 -248.389163031818
30800 1619.21429258366 891843.780273264 301.490318148375 5.11833415196665 -88.3726035766806 -256.195727341906
30900 1941.9212974581 1017661.72718196 294.111932157496 5.24673779994678 -65.5618730201605 -252.374285300718
31000 1828.52030472679 1079281.45972156 290.015761735055 5.32084250398726 -54.6396601729218 -250.004299878766
31100 2003.21228449089 901281.622974061 298.920034151976 5.16234449204422 -87.4418563395114 -255.595073865767
31200 1871.40312266616 1008675.13994931 294.221350706776 5.24478658044099 -67.0639479871717 -252.295576400291
31300 2018.58324623765 1055296.46979668 292.044338487519 5.28388326189747 -57.0992026173139 -249.45838366259
31400 2289.49966686966 914313.669423804 299.92530246659 5.14504171263781 -81.4930297254527 -252.651328359388
31500 1980.72833253329 994475.345167991 295.601282245383 5.22030276778416 -65.7274966299473 -249.208022772403
31600 2509.09666406999 1070774.39259752 293.021820330249 5.26625692969535 -51.5500540938715 -247.38382252197
31700 2410.27535119753 902052.037868774 300.80205856714 5.13004531689961 -83.6031673439322 -252.959733193956
31800 2141.46451604927 1015675.59847428 294.624507677916 5.23760974274778 -63.8841973082038 -250.656954966899
31900 2044.18663505115 1069501.363326 291.812095210869 5.28808852405869 -55.3728039628355 -250.166220083369
32000 1959.7608571543 911315.922323332 299.234815349638 5.15691394419819 -85.3647613491028 -255.569137547111
32100 1921.02121290052 1027070.5384102 293.398373058007 5.25949812121498 -64.136013320913 -252.218178416559
32200 1670.61158503728 1059792.77127567 291.524741328131 5.29330095564419 -58.0435143425719 -250.878581832055
32300 1925.96022020012 913946.083943995 299.654885626611 5.14968474029472 -84.6174639445186 -255.552694397048
32400 2180.66159594746 1028044.81087307 293.579268816093 5.2562573579839 -62.9360205227397 -251.312671838181
32500 2201.32774152912 1050561.46443606 292.259542965852 5.27999248957432 -58.3612085019431 -249.998405436
32600 1763.01944662116 919397.269064509 300.852674521636 5.12918222954055 -82.1713916135525 -254.81349898808
32700 2274.2680652704 1018474.83804029 293.950447039416 5.24962015675792 -63.3748498401338 -250.233871889415
32800 2270.29958350987 1089571.46873075 290.927712484968 5.3041636311833 -50.2552323876257 -248.10268239499
32900 2072.87541844348 873651.299858841 302.115941461478 5.1077350781335 -90.4476283009795 -255.188519810684
33000 2047.61937445323 1033908.79587028 293.493457205107 5.2577941824022 -61.2300404263479 -250.625819814411
33100 1850.68875110459 1117736.82220705 289.223203051382 5.33542321496237 -47.142443579375 -248.915109629087
33200 1676.55510567059 846526.577752557 303.34300823765 5.08707354368023 -98.2471549076867 -258.521580758137
33300 1755.84354103628 1067454.66690209 291.804125469716 5.28823295209467 -57.2861789650686 -251.701510580488
33400 1647.0680367677 1119775.77439905 288.894396211565 5.34149575797256 -47.7145009164716 -249.625430353616
33500 2079.41277444235 830987.78185885 303.759992131398 5.08009030760907 -100.325575976783 -257.874286795305
33600 1941.99344861429 1060334.85944027 292.07729250401 5.28328710060517 -56.1465545112852 -249.44594124735
33700 2257.10215112087 1104094.95290825 290.415000310036 5.31352784883266 -47.1272001002063 -247.258543988447
33800 2153.8662085264 841116.21625356 304.6748285981 5.06483649787058 -95.4053294758552 -255.354585390004
33900 2569.01095381818 1040996.64995062 293.080714028727 5.26519869101611 -57.5246647402526 -247.950651807871
34000 2454.19400569232 1074935.58918075 291.576523141971 5.29236090490989 -51.9674219297386 -247.592549183128
34100 1837.2269668261 849558.575297597 303.729260916139 5.0806043092838 -95.4590003111313 -256.512291368707
34200 1669.7896018911 1082675.65940042 291.126269547021 5.3005460285915 -54.050736589398 -250.780201695523
34300 1557.86891852623 1084309.94464891 290.369646632161 5.31435778416932 -55.0232878128195 -251.537651534571
34400 1463.2785717213 866375.926492057 301.580431366763 5.11680477699651 -95.0828732890466 -258.162300329235
34500 1869.18391829064 1081083.42251059 291.025268867179 5.30238558965266 -54.7860451948093 -251.158038982008
34600 2116.55721972445 1032094.10742777 292.514837464194 5.27538433688859 -63.1650824675048 -251.598029825044
34700 1732.95260006776 899875.802548122 301.238895124428 5.12260606728332 -86.5124638753114 -255.705803378671
34800 2025.99907904695 1065641.75306122 292.085567426988 5.28313742257002 -55.089599295157 -249.361938277021
34900 2047.32588772707 1050933.69194694 293.146671756782 5.26401402621561 -57.3066837649064 -249.593684623622
35000 1986.56639362621 884737.30085945 301.965587348454 5.11027831156609 -87.7015537196745 -254.449860602911
35100 1760.34441561164 1063594.41564821 292.948694456906 5.26757149311387 -54.8522252543054 -249.324304638692
35200 2097.72240765438 1050496.39154188 292.756174854778 5.27103550465364 -57.668303409964 -249.619255933951
35300 2003.58428515851 900875.446768298 301.010174791568 5.12649844123923 -85.6641052326341 -254.91679099925
35400 1852.52852551301 1019514.85116851 293.162633731299 5.2637274137757 -65.9275729163184 -252.476095439731
35500 1747.24925977064 1049392.5783003 290.781001200103 5.30683980554907 -62.2569967069611 -252.712557982588
35600 2041.67316159264 897087.305721099 297.851523337132 5.18086385651783 -90.674022953605 -257.446423232496
35700 1692.12021645374 1018463.70645579 292.852909541423 5.26929438496104 -68.2890304434332 -254.448332928472
35800 1578.61471679977 1057682.47623055 291.518009391126 5.29342319223826 -60.2215592428817 -252.668202942005
35900 1734.85331125773 929394.162558587 298.622094478151 5.16749503938338 -82.2498684727932 -255.475247461321
36000 2005.33020925537 1025982.20944043 293.722077486001 5.25370174783564 -63.5811733226069 -251.67132819663
36100 2074.41902188254 1028766.74061021 293.029702771484 5.26611526842217 -62.4349279409082 -250.590984544034
36200 1912.83063543747 942680.167806329 298.750064298686 5.16528153889642 -77.8235112570571 -253.600500087711
36300 1818.04774695278 1036019.70089399 294.546483012057 5.23899717316588 -59.9594072634314 -250.422792058757
36400 2075.78297649302 1029403.98044401 294.055387992527 5.24774669969773 -61.0636749395228 -249.995285701829
36500 2028.24461018667 969297.72932292 298.026859051027 5.17781584109475 -71.7347556617418 -252.037461234693
36600 1906.01315791604 1012223.42387222 295.12271972213 5.22876786077004 -63.8562578606344 -250.308955063231
36700 2055.8121729173 1035466.22532385 293.673953348088 5.25456266813376 -60.4927539876358 -250.29048223373
36800 2266.29352557438 935107.32265735 296.976878673219 5.19612233369897 -80.5017115400672 -253.831712265487
36900 1777.59328149235 1008837.24883538 294.208436130698 5.24501680563846 -67.9662505799043 -253.219516552944
37000 1761.44365189582 1026519.67164114 292.494312532347 5.2757545215361 -65.5519114082145 -252.953964588752
37100 1704.86960536662 978055.550200493 295.474182898006 5.22254830094172 -74.2440230373637 -254.617511553985
37200 1809.80101995877 974114.921755718 295.150628143567 5.22827344658576 -74.1171204273471 -253.567156700019
37300 1687.38095937567 1058001.24748011 292.652123312991 5.27290960474511 -57.3593790600795 -250.612938541728
37400 1815.32259075619 964396.654078025 297.177127306355 5.19262099964824 -73.2628324439161 -252.142392369285
37500 2069.26923228464 1013152.8663878 295.690324248123 5.21873076432232 -63.5311050063597 -250.513937156952
37600 1726.76589516851 1042970.09430906 293.223256510287 5.26263915840518 -58.3756319718816 -249.255405515024
37700 2384.07840220092 970186.063166388 296.91318164796 5.19723706203033 -71.9611654894233 -251.754734303621
37800 2153.24788836308 968100.398471358 296.343393012061 5.20722995097554 -72.820275851714 -251.883042568946
37900 1763.27867495569 1054769.2643324 292.878230639019 5.26883882253466 -57.4329034183502 -250.244966178036
38000 2022.45888604217 954830.108185092 297.431888310216 5.18817333485327 -76.3143432720496 -253.571294733352
38100 1530.17407003186 987468.244122214 295.538856085926 5.22140544327433 -70.7894296937722 -252.938671858451
38200 1967.1639018944 1056609.57996304 291.526406550427 5.29327071988313 -58.7581326268063 -251.015099305186
38300 1645.5952155213 958345.055985522 296.732536027545 5.20040104979548 -78.0034510602437 -255.494606904836
38400 1597.8875594081 970924.318657542 294.654415887423 5.23707811138217 -76.8357586528887 -255.397320369049
38500 1853.98165358892 1056148.40196145 290.697471011297 5.30836469439444 -60.9686064493702 -252.595227775308
38600 1582.03622106422 948892.890800592 296.806626814083 5.19910289210868 -80.0604581700065 -255.844897728562
38700 1952.07841234241 990725.98715434 295.256528670533 5.22639820638157 -70.5059873050004 -253.081574845373
38800 2028.09055986394 1040517.09137719 293.296747729596 5.26132050154474 -59.9918616953362 -250.470425610104
38900 2102.21135307626 967279.824701557 296.817894608367 5.19890552388085 -72.972019855965 -252.169480975302
39000 2240.02934103578 1002180.97527897 295.332126590463 5.22506037416639 -66.4461361029346 -251.179989494019
39100 2041.53596326114 1022087.63787782 294.009861075876 5.24855930416525 -62.721367303182 -250.281130175643
39200 1953.26818994715 996669.004415086 296.317835061034 5.20767908400882 -67.757736819378 -252.088740089438
39300 2036.06424384243 985313.02878668 295.390140607514 5.22403418303823 -70.4134033775409 -252.073635016011
39400 2074.43443276937 1033755.43604036 292.646086252069 5.27301838076507 -62.3961769122326 -251.217122980917
39500 1509.84473755232 983158.255256898 294.953493899561 5.2317677999488 -73.0947194008534 -254.089736144776
39600 1758.95101735668 1003844.86360786 293.539762529515 5.25696477563567 -70.289805456203 -254.207359408545
39700 1884.4340355185 1018653.69009162 292.057894964171 5.28363799942962 -67.9448833835897 -253.633446675864
39800 1788.87912401318 968069.832483336 295.216847710157 5.22710070185818 -76.9563362575258 -255.332766263228
39900 1983.76104081774 1007027.67582633 293.840173333214 5.25159025861388 -68.1375665872997 -252.827072903334
40000 2070.18035478488 1021975.3242093 293.629689058096 5.25535478655501 -63.3828037625177 -250.679457204023
