# step temp[K] press[bars] vol[A^3] density[gcc] enthalpy[eV] etotal[eV]
0 2425.22606566013 193418.30081527 358.98332917233 4.29860683342579 -366.291086299189 -409.628350046049
100 2273.7236750156 187993.052969823 357.61850364204 4.31501216002716 -367.842224343137 -409.803764971256
200 1934.13434490071 183827.566207558 356.238262915626 4.33173062106359 -369.574683670348 -410.448091101919
300 2213.368587689 187570.519156547 353.548731661451 4.3646831502249 -370.057740869314 -411.448510952932
400 2016.27897899681 210296.073505377 352.103865064857 4.38259373148852 -366.661629268557 -412.877548856197
500 1729.99070675358 184671.956652036 355.283457281521 4.3433719196314 -372.996484647081 -413.947585366807
600 1361.9999188131 181324.761570386 355.90806535243 4.33574943107308 -373.755852463773 -414.035400373137
700 1877.87320631495 225100.510011531 349.712853956994 4.41255782967556 -363.832972019379 -412.966473717417
800 1467.34894554038 242810.822249812 350.594000077651 4.40146777048193 -359.3415440914 -412.474277866177
900 1563.33564749319 165620.556103949 359.929242494143 4.28730986449713 -375.535249689884 -412.741937779463
1000 2002.4851027178 192803.936332693 359.098980511019 4.29722242505439 -368.720014793986 -411.933541503173
1100 2164.10358606275 226787.069197144 351.302131174823 4.39259558917448 -360.627835196083 -410.354429445748
1200 1837.59113506475 268813.145705818 350.210133107583 4.40629223995663 -350.95228434834 -409.7105344779
1300 1930.34899130647 136030.957179181 363.052535085631 4.25042670891185 -379.99468704918 -410.819245925201
1400 2203.33755283442 150706.213384924 362.887973459976 4.25235418289858 -376.766836561217 -410.901323219262
1500 2002.47949029235 276429.86623011 347.000415765841 4.44704997963874 -349.314662073295 -409.18402010716
1600 2144.93079252757 271177.098966697 347.732602371534 4.4376862604829 -351.27840040311 -410.134037299077
1700 1724.75091148577 106391.048391133 366.274603319544 4.21303627901241 -389.464902110675 -413.787028322246
1800 1913.24352477311 128983.963237655 361.611881328942 4.26736031513966 -385.15720043159 -414.268932882809
1900 1664.00002058219 314161.100729164 341.978324417745 4.51235672463588 -344.623370294856 -411.679831817412
2000 1760.13236314244 232891.382424965 348.751057359468 4.42472691996908 -361.432600649531 -412.126838063832
2100 1748.1257453221 119926.896930649 366.541692499168 4.2099663515621 -385.73696523397 -413.173522802461
2200 2089.30497670297 166989.693045621 362.340079028174 4.25878416763864 -373.368878903195 -411.134417578267
2300 2348.57411148519 259726.59985728 348.909218756258 4.42272118050318 -351.539882076615 -408.101069340579
2400 1911.96094974379 262160.671414098 352.279604024491 4.38040742136987 -350.980981752678 -408.623730548802
2500 1958.90470613694 100896.879846925 367.63404579564 4.19745725270481 -387.539134069215 -410.690845598052
2600 2288.36726024063 181550.875859888 359.259197044459 4.29530602016893 -369.574950390909 -410.284461411786
2700 2356.42529736668 281403.477174961 344.607040062398 4.47793577167404 -348.459388844404 -408.985566411314
2800 1900.03816395 223995.377581932 353.074849595171 4.37054124255931 -362.059481306555 -411.421792044326
2900 1721.5429358831 120386.615441589 365.141535791694 4.22610971529254 -385.999313709534 -413.435837495213
3000 1723.65739463889 198143.201048806 356.483332588018 4.32875270959579 -368.687220349029 -412.77396649687
3100 1800.69679284813 266147.224936606 345.394527795516 4.46772623097173 -353.807235604953 -411.182808821178
3200 2300.17139794927 221602.602749611 351.924544964294 4.38482684412559 -362.81801120871 -411.493918722995
3300 1856.34491470788 134580.400350677 367.738063153667 4.19626997170889 -380.037000146527 -410.926440706542
3400 2466.51528143838 144480.436085155 362.511709358762 4.25676785612173 -375.769347218576 -408.459784167395
3500 2738.31004950127 292222.62339832 345.929606823923 4.46081561515944 -342.485536002819 -405.579993584263
3600 2059.44305312423 237176.94823144 355.514650503869 4.34054739988648 -355.430505420058 -408.058839350854
3700 1874.31506358381 98739.217521951 373.001443023098 4.13705689543556 -388.226944390583 -411.21434348092
3800 2015.15354799882 173249.021618051 358.661314374624 4.30246622654796 -372.404626640685 -411.18794533725
3900 1706.18709038005 375238.668429489 339.48688984305 4.54547211699259 -329.649051228247 -409.158773467947
4000 1782.24083562258 169268.363924385 357.569585509872 4.31560248522176 -374.972594394453 -412.749467746656
4100 1690.95977341382 92920.1435438261 370.084674220005 4.1696625106631 -392.502201566397 -413.965705151609
4200 1917.73888093384 233071.923784865 351.874461617212 4.38545094967653 -360.741619059307 -411.929523575375
4300 1903.55853033016 335543.746760941 342.525968065554 4.50514219573212 -337.509491815013 -409.244688709759
4400 1820.09806774997 169009.174403828 362.999645265835 4.25104600511673 -372.496956429777 -410.78878654666
4500 1927.53586463531 105881.57192253 372.084017651515 4.14725738989246 -384.962462872227 -409.552038787361
4600 2685.95244772802 242180.453887542 352.129283249516 4.38227737729121 -353.083780959374 -406.310644319598
4700 2510.47106328669 264101.578789565 349.920786746372 4.40993576350353 -348.743646503801 -406.424327896272
4800 2338.43301861733 127229.778493999 366.265758927147 4.21313801319074 -380.19779854077 -409.283177946995
4900 2292.68942475495 161139.450519961 364.068242478926 4.23856852044831 -373.207193373142 -409.823481619051
5000 2053.67242284908 225142.95918375 351.374207269708 4.39169455224596 -359.879252964897 -409.255478871061
5100 2133.9563820782 233749.633607627 349.807846862002 4.4113595669993 -359.07324745921 -410.108483612696
5200 1833.6455884988 188926.943587169 357.718576470868 4.31380502262451 -369.794007079728 -411.975799982691
5300 2021.10689099065 142903.177066884 358.684571313784 4.30218725665833 -380.677312863462 -412.669521465706
5400 1944.26904151012 220904.706253862 350.694791618087 4.40020276533395 -363.526926296808 -411.879982234873
5500 1818.28393424704 249059.87727249 350.532580330733 4.40223898848477 -357.330343599753 -411.820970217471
5600 1735.99986453285 176268.35573701 356.92661567829 4.32337663845443 -372.818452201699 -412.086827230534
5700 2022.57091150863 170996.295720759 358.299912614857 4.30680593976269 -372.336764342504 -410.5772190079
5800 1819.78519834146 231370.213649993 355.343880964343 4.34263336033347 -357.013694583124 -408.328883426511
5900 2170.5121271379 224384.512967328 357.399010770925 4.31766217969526 -357.767100059009 -407.82076328952
6000 2039.12843412483 187389.905363832 360.852472715851 4.27634091087755 -366.268804724625 -408.473961717333
6100 2247.49531798166 175024.951233004 358.841194459426 4.30030948422953 -370.26446028039 -409.464986914411
6200 2273.69443602234 230001.382055968 351.598352794123 4.38889482730226 -359.308411655009 -409.782318288423
6300 1990.95661012266 224314.304115611 351.279285836417 4.39288126025376 -361.922501719352 -411.103705258803
6400 1949.8855493881 157149.096432304 357.449041836428 4.31705784952774 -377.765074343783 -412.825377590764
6500 1654.98281327839 184979.033557768 356.466871181906 4.32895260855435 -371.656404927465 -412.812230971968
6600 1969.57920878404 219489.669213212 351.325940267934 4.39229790629542 -363.454374052112 -411.584161510254
6700 1780.60790974902 213147.995062205 354.996172344124 4.34688684578337 -364.237368032407 -411.464825425464
6800 1914.8069847644 150820.361817847 361.74481582125 4.26579213958557 -377.587411429262 -411.640141579711
6900 1972.03854099853 205991.231569695 355.767027685587 4.33746826372532 -364.50512655997 -410.245959848215
7000 1997.93086227874 266956.10420815 350.16261251059 4.40689021823954 -350.342887142972 -408.687299806106
7100 2217.16877828487 187138.659912419 357.108245046489 4.32117771928013 -367.57890801869 -409.290141719643
7200 2165.50916666008 135566.162743477 362.211221878139 4.26029923607747 -379.744697594443 -410.392747576855
7300 1989.71601736516 217031.433200664 352.265874458341 4.38057814779504 -362.812273070723 -410.530341336847
7400 2117.2601982807 247435.74688882 347.023276789368 4.44675701913434 -359.142427610119 -412.73575124218
7500 1505.72198017863 169802.716304071 354.926960440277 4.34773450276055 -377.228521981883 -414.844578622526
7600 1572.38002861122 165675.013169633 356.319155794681 4.3307472157217 -378.082508912037 -414.928125377436
7700 1808.94519444828 214938.754839014 348.775992586089 4.42441058062569 -366.550297169413 -413.340071931554
7800 1760.16888727132 225714.3170262 349.387122411397 4.41667163121461 -362.69797495737 -411.919565532964
7900 1827.36509027934 187197.954129646 358.981451996362 4.29862931158281 -369.587374493729 -411.530689343378
8000 1905.36230456647 177804.024847272 361.627921463031 4.26717103486676 -370.688201188088 -410.820421285736
8100 2137.61053524553 210023.488684719 352.450607583162 4.37828211574869 -362.931525878939 -409.132993815627
8200 2294.50917887332 247447.006294168 349.923272922521 4.4099044312717 -354.214265015456 -408.257915210884
8300 2208.84311778433 170909.539313256 361.28586279209 4.2712111122769 -371.480951678195 -410.020526044807
8400 2530.35916856976 109299.85232241 365.008121555706 4.22765440201476 -386.355104142049 -411.255815007874
8500 1756.63302681523 268257.599358544 350.137641881783 4.4072045026999 -352.13170214633 -410.75638129764
8600 1718.47544581954 235907.997181612 350.320459648244 4.40490456485349 -360.564617030482 -412.146573205322
8700 1715.85861384648 142814.4606673 358.996696315072 4.29844677598871 -382.287233159069 -414.287402656986
8800 1763.18370550956 200369.035216251 352.968987652371 4.37185204889984 -369.301156537849 -413.443643659063
8900 1666.05672546328 260142.40829585 346.951957365505 4.44767109424454 -355.746390062266 -412.080331892035
9000 1894.81914587361 181897.836672514 356.196565381778 4.33223770760442 -372.469214159243 -412.908819079878
9100 1972.0721112081 123186.366686791 362.672778923732 4.25487734824077 -385.308926628132 -413.193708318424
9200 1717.88416163269 243920.735479909 351.184054158745 4.39407249159605 -357.792344625638 -411.257785405239
9300 1702.95166539998 288477.036907678 349.970370419379 4.40931096543101 -347.159570154619 -410.172862051027
9400 2023.93159726458 123788.753233256 364.015471037323 4.23918298710964 -383.248203294952 -411.373082992867
9500 1907.99040149241 152169.970087753 364.561494250535 4.2328337364276 -376.453898179086 -411.078867197949
9600 2130.28806957621 270395.882429773 351.121796157142 4.39485161204719 -349.011864105155 -408.269934556343
9700 2471.42377844423 226319.287727858 353.300960180419 4.36774412126731 -357.4423243132 -407.348699585588
9800 1928.6677845377 156472.074593875 367.827953477484 4.19524448122342 -373.695384469574 -409.618269978281
9900 1957.78529229381 151528.38905292 363.370944589363 4.24670220567572 -376.729710817865 -411.096095459173
10000 2150.57925896481 272489.816342721 345.877425062375 4.46148860853765 -351.986057052248 -410.811084152783
10100 1779.60349172334 244368.813948848 348.917312776028 4.42261858429668 -358.85981889983 -412.077744571126
10200 1546.09301956219 180160.764652221 361.234412812463 4.27181945333443 -373.490578367233 -414.110490112905
10300 1514.72490697283 157394.615837348 359.255193731982 4.29535388434036 -378.493470696079 -413.78598260411
10400 2097.86491771013 271535.970632603 345.753915325241 4.46308233534982 -352.450931741431 -411.049110530011
10500 2218.54150012388 236642.284993149 350.922287066586 4.39735020754986 -358.940324027082 -410.771724541606
10600 2200.6302069896 112699.427360724 364.695436137415 4.23127914132898 -385.801493933063 -411.454701812317
10700 2165.57283524683 163526.408437888 357.864514458394 4.3120458428284 -373.663892186216 -410.189392814111
10800 2305.49325340109 274516.278596976 347.468164627384 4.44106352454169 -348.957894789697 -408.492950686742
10900 1784.39320301709 229523.35325041 355.580668065366 4.33974152830617 -358.989479553274 -409.928977970199
11000 1943.87808786572 137553.958128363 363.115894671561 4.24968505788457 -380.050741179394 -411.225851144742
11100 2091.42972278884 216075.546045663 353.771611894025 4.36193334904547 -362.719162622219 -410.430132178604
11200 2280.14369308403 226391.94404579 349.382282580728 4.41673281331765 -360.546679271914 -409.915356298824
11300 1684.31500296008 198037.904699431 357.267164285643 4.31925557712982 -367.295837396917 -411.456041115444
11400 2001.32807037254 149293.455600824 361.740250376688 4.26584597721494 -378.475866671832 -412.183421369235
11500 2139.46371740803 208473.072394016 353.151803801953 4.36958887156499 -365.171852800721 -411.123495182245
11600 1957.24380736699 240719.331672455 350.242452776095 4.40588563617848 -357.908877021037 -410.531125041517
11700 2045.87259469083 192225.852969584 357.28994678176 4.31898016097467 -368.111729453067 -410.978645037949
11800 2151.59471988726 130719.243941257 362.541732195182 4.25641534430399 -381.225606366727 -410.804857547673
11900 2112.73258314409 241696.771025626 355.130848852758 4.34523837298607 -355.271056787904 -408.844417437808
12000 1877.23389172515 289536.507992526 353.626316503244 4.36372554827085 -344.019707793227 -407.925106989014
12100 1739.35822024965 152049.586631315 365.902730492411 4.21731805551018 -374.526654895791 -409.251517555205
12200 2220.26412372478 189018.0018417 361.912013572036 4.26382140961721 -366.634693050482 -409.331540525084
12300 2557.21833186044 224349.343742196 350.87280727286 4.39797031824723 -360.240988487098 -409.372956187691
12400 2174.69496870218 238425.261143377 350.002789603262 4.40890255079195 -358.959699682861 -411.044789254496
12500 1579.72524753733 174958.432178657 360.162734547619 4.28453041874074 -373.713496593304 -413.043437686329
12600 1912.37966766679 161000.260494576 360.255548521273 4.28342657927169 -376.943924156717 -413.145451988727
12700 1774.68138272613 273693.288503719 348.566692881168 4.42706725393352 -351.973246157823 -411.517475172238
12800 2231.46946509359 215626.89979731 350.397080935222 4.4039413449092 -364.162619077611 -411.320367465563
12900 2041.69707926793 156518.345089433 362.90701235843 4.25213109506418 -376.587400572955 -412.040176840546
13000 1804.96634050737 180956.688097314 361.830347407232 4.26478376654616 -369.949379043287 -410.816050923641
13100 1927.755887697 273440.370196396 349.907047645628 4.41010891963781 -348.460692992138 -408.178653305842
13200 2383.01567132584 232455.496290217 354.488535490132 4.3531117014335 -356.183280109006 -407.615072078587
13300 2317.17648982217 149129.606010474 368.379123533683 4.18896754263281 -372.862489381845 -407.150992274667
13400 2126.31377855207 175969.396448794 366.166251518552 4.21428295334841 -364.455986980304 -404.672563792931
13500 2888.03481459117 259864.225475233 357.950884498064 4.3110053884347 -344.262226328063 -402.319893107137
13600 2574.97097593566 218894.833329786 363.002558065989 4.25101189393161 -354.607254563769 -404.201905618844
13700 2057.00139203555 154741.51008217 367.307394608579 4.20119010538994 -371.847441402537 -407.322746967236
13800 2512.48972753573 226243.096723429 358.605447839086 4.30313650047658 -357.032002045815 -407.67062208612
13900 2372.82594671603 230421.964772117 351.457263704531 4.39065670631131 -357.883457280646 -408.429369816643
14000 1948.8445709663 208086.455025883 355.208453436176 4.34428904193686 -364.501493819083 -410.635030212083
14100 1650.13757367928 201640.27561663 358.844231186238 4.30027309277056 -366.599002455522 -411.760974110849
14200 1918.79361326606 182634.276024782 355.40727225509 4.34185879786544 -371.397203180372 -411.910561017197
14300 1831.53890038001 229969.767599066 349.900413968963 4.41019252981792 -361.798938216197 -412.022191948392
14400 1884.47583998535 221867.347239324 352.207078214527 4.3813094265136 -363.922219603753 -412.695404157621
14500 1896.22580552303 183318.920904569 356.984866837951 4.3226711696062 -371.991004268769 -412.836741656625
14600 1732.18921029756 196470.576801314 356.347271052293 4.3304055263543 -368.008330794225 -411.706234168303
14700 2008.78289814355 215998.265935934 354.778491465549 4.34955395827869 -362.096008135672 -409.9256567093
14800 2024.68652562696 217502.553135571 354.771832626494 4.34963559660819 -360.649914229977 -408.811761178081
14900 2146.55186511051 205286.519200051 357.438371288458 4.31718672593434 -362.820530701028 -408.61902984912
15000 2450.49851442879 165943.499630203 361.006438002042 4.27451709838314 -371.935254828192 -409.326061465971
15100 2138.70342630227 170710.377142301 359.936887905452 4.28721879784511 -371.605763367358 -409.956695291379
15200 2138.63241301617 188526.328726965 355.026155378375 4.34651973802185 -368.3087620747 -410.084295341812
15300 1984.35517460064 238931.670498223 351.839157924669 4.38589098771238 -357.864655852483 -410.334229429196
15400 1776.48289486681 213278.662043603 356.265416704976 4.33140046580492 -363.999345260304 -411.424714067826
15500 1934.0577824013 150357.585406776 359.919843947058 4.28742181854553 -378.214524746382 -411.991501674868
15600 2132.03880613103 206688.619534703 353.742603869384 4.36229104152777 -365.645138022767 -411.279667342336
15700 2052.86346058059 224641.1204621 351.220795815482 4.39361282205174 -361.519045312291 -410.763702877535
15800 1865.50621350193 181204.819776724 357.218566793074 4.31984318653853 -371.095585524975 -411.496706135993
15900 1790.9499651201 159968.553480674 359.067168194751 4.29760314657662 -375.761849522599 -411.61274079364
16000 1665.9714799157 228654.135196458 353.266117081619 4.36817491757805 -360.190171033651 -410.606438214894
16100 2066.08937566429 214661.25649559 353.140492833951 4.36972882798719 -362.781211112508 -410.095337809041
16200 2297.16120841168 184762.290209513 358.632667205376 4.30280990265292 -368.698328900451 -410.055690549939
16300 2222.53870048714 176551.980269885 362.339236024078 4.25879407595697 -369.499568441415 -409.427572409473
16400 2537.08851225182 187192.462800447 357.547212864263 4.31587252353143 -365.765173352271 -407.539686549473
16500 2410.40779432105 232059.201486758 355.872492513318 4.33618283045119 -355.045788246867 -406.590350561783
16600 2097.69526428378 161425.074111941 369.574895865674 4.17541399356028 -371.33184517682 -408.567851918293
16700 2013.34321050988 116456.893201556 371.67783694295 4.15178963738691 -382.829370221544 -409.845398831532
16800 2211.00415609453 206867.234409395 355.70029582043 4.33828200313093 -363.740268998248 -409.667004582608
16900 2141.75736559264 266852.023913722 347.902840147021 4.43551478686982 -352.473340157982 -410.418627096446
17000 1925.07240358475 174981.077460866 358.789626170014 4.30092756119683 -372.838089580945 -412.023157748534
17100 1906.3831156271 162027.379420661 363.163156215393 4.2491320098311 -375.086661910081 -411.813186424525
17200 2019.51877020696 206507.575700172 357.750432919859 4.31342089308331 -365.355411210256 -411.46654478884
17300 2060.22221382305 201930.000804728 354.704805056929 4.3504575350155 -366.345740747516 -411.050891254084
17400 2096.43848565768 220382.932040659 354.555711238842 4.35228694095583 -361.623167415677 -410.393092086634
17500 2275.9329183328 187386.194204173 357.987550810546 4.31056384048051 -368.468060227984 -410.337307916276
17600 1939.69200111233 176959.495519663 359.219516062318 4.29578049873664 -370.752821191527 -410.428415199557
17700 2125.32898267276 194514.79534559 357.920868265559 4.31136692125254 -365.808258030323 -409.262212348459
17800 2414.16433575655 200290.683344041 356.693574810612 4.32620125743911 -362.35853544015 -406.949377861848
17900 2916.06501125152 174739.505960149 359.863861586977 4.28808879297027 -367.326098523887 -406.574229667128
18000 2484.3712099548 157852.908708221 365.632950260442 4.22042978010308 -371.854401298794 -407.878038343888
18100 2311.14064139359 167836.417188846 359.707424280176 4.28995368931885 -371.431123603543 -409.112368664504
18200 2076.35677110257 250755.417365514 349.879408065701 4.41045730698261 -354.585199279014 -409.344557562644
18300 2117.6384799942 208747.21181974 354.45138575029 4.35356794726498 -364.909762119599 -411.091152560051
18400 1674.29902942948 155452.95821091 360.63561882822 4.27891231842285 -377.496889493917 -412.487961815268
18500 1667.79840890909 216589.23528141 353.58001900338 4.36429693118878 -363.971168452031 -411.76966376558
18600 1803.45545466749 264762.606012746 349.199836198472 4.41904042300027 -353.267828508352 -410.973742089741
18700 1678.13557442699 186297.395019668 356.849018146376 4.32431676534176 -370.413841878136 -411.907424199432
18800 2250.78576913707 165623.424779828 360.237273475262 4.28364387998869 -374.553531150538 -411.79270608933
18900 1972.31432720005 186815.518026437 355.194373296012 4.34446125243124 -368.702548607625 -410.118597867722
19000 2551.13374996722 276403.711671864 349.661126359277 4.41321060746271 -347.288400685156 -407.611113665323
19100 2371.35098999093 173920.247844044 361.959044570853 4.26326739174508 -369.061343539393 -408.352898958635
19200 2358.28982824056 111902.725785748 367.870844261705 4.19475534943001 -382.947544182395 -408.641186680578
19300 2078.4936748046 262509.91144314 354.247564358835 4.35607283471117 -349.826573839291 -407.868554076041
19400 2142.09452428798 224238.912664807 353.613779882815 4.36388025482916 -360.28635164199 -409.777758802322
19500 1804.58180763955 145499.414964449 360.896332618523 4.27582120513607 -380.022103427675 -412.796398431259
19600 1699.17874448952 206637.246728099 354.775565182144 4.34958983455884 -366.57174333074 -412.328154060546
19700 1798.41663155556 262577.603182518 349.593305892918 4.41406676230462 -353.906322426995 -411.200492170475
19800 2136.28115124089 186850.475755361 357.819169931764 4.31259228554019 -370.542510937003 -412.272421553054
19900 1837.69202047715 157166.049527372 362.034434122954 4.26237961481323 -376.774429319849 -412.2883204573
20000 1999.19945454699 227763.20397078 355.610630739342 4.3393758748377 -359.437341934758 -409.990459286849
20100 1977.44073605627 241991.039395345 355.274165204201 4.34348551907561 -354.962991446198 -408.623224577864
20200 1955.12781433129 193450.242920074 364.057700701386 4.23869125386761 -365.276582510314 -409.233693750934
20300 2537.89338247691 132127.680935983 365.457260707787 4.22245870523278 -379.425547015108 -409.563937097934
20400 2335.87785123794 226669.820787506 355.186966650617 4.34455184664485 -358.330112756581 -408.580610174783
20500 1641.46141937192 255047.967443334 351.462170540275 4.39059540744881 -354.06299036337 -410.011702773969
20600 1882.64976676176 160567.424631884 357.090243552421 4.32139555680576 -377.266369587606 -413.053351089572
20700 1940.61054333339 153991.884665397 356.132819525052 4.33301315482261 -379.411831954825 -413.641246797612
20800 1760.30153111166 256401.039280425 347.810322741494 4.43669463201365 -356.715746320995 -412.376859951971
20900 1869.31749464187 221353.157691617 351.225732796916 4.39355106352181 -363.56465172111 -412.089221278303
21000 1674.29862653181 147571.612386554 361.400778078355 4.26985298723279 -379.070195501667 -412.357723772603
21100 1909.00819549562 174178.479988385 358.079926261576 4.30945182539741 -371.883421591276 -410.81160289377
21200 2131.81234183984 219626.683760747 350.849978591907 4.39825648004675 -360.636887794005 -408.731474935728
21300 1940.74702471729 252845.721712757 354.865802418149 4.34848379683485 -353.026116196288 -409.028872399237
21400 2246.2341157536 113795.334718737 366.159574282784 4.21435980443424 -384.339011168256 -410.345666063007
21500 2204.12553917527 190124.27132392 358.321910284263 4.30654154149248 -367.578962753464 -410.099678849469
21600 2244.08601120725 251232.207655133 348.222223087453 4.43144661527985 -355.052145784841 -409.655766460115
21700 1940.27462447207 171469.944340104 355.193348950647 4.34447378146298 -374.477781109586 -412.491685179794
21800 1573.53887126049 150479.685481284 361.223231438735 4.27195168405951 -380.693001338197 -414.619824166664
21900 1532.82198157867 216695.651604441 352.434884527961 4.37847744252936 -366.170087967096 -413.837187659871
22000 2014.94569396797 267725.450902126 344.264356254224 4.48239314884689 -354.793898078953 -412.320849702381
22100 1999.65271343052 161087.08599998 356.150604586454 4.33279677752599 -377.471033552097 -413.279362453415
22200 1692.56700529883 119125.90126729 365.231768823647 4.22506562568828 -385.803906540841 -412.959818284998
22300 1743.22649979543 236406.312014611 351.77370491287 4.38670705147883 -358.475187070156 -410.380532231671
22400 2185.95647855533 276065.54377383 345.10855456539 4.47142839970874 -349.295515522426 -408.759988242563
22500 1873.68292905098 189953.521858913 362.037701948082 4.26234114171737 -368.060349646282 -410.983421187242
22600 1894.19824289074 101120.213228557 371.698155925139 4.15156267866152 -388.107439661048 -411.566900453171
22700 1987.96018050437 266256.373216818 351.053281852347 4.39570934566896 -350.673095199722 -409.012593770489
22800 1715.46377894389 333151.612551513 344.930141376897 4.4737412210665 -336.615780025719 -408.339483885646
22900 2111.58684070148 109026.534360069 365.27676471944 4.2245451693358 -386.943159312534 -411.799883736852
23000 1855.38062768854 120138.268067094 364.859104485884 4.22938107585533 -385.482939182794 -412.841685801188
23100 2018.868329664 251447.838889539 346.145973563798 4.45802727669663 -357.431402213992 -411.756039351619
23200 1773.38424354153 255751.220672139 346.857960271433 4.44887639499046 -357.756081563138 -413.124105460172
23300 1834.96746315352 113195.588269296 361.72406712947 4.26603682777292 -389.351634049951 -414.907849966164
23400 1554.91607170086 162465.297313222 358.835480318841 4.3003779628898 -377.191330463616 -413.578278466244
23500 1731.49993840875 291578.031278149 348.368758702612 4.42958259980892 -347.361019546004 -410.760199861855
23600 2033.35450083492 193491.111650678 354.621126597181 4.35148409423159 -368.002335117392 -410.829099834079
23700 2288.79285447258 151765.522801667 360.782814061444 4.27716657147454 -376.850287369337 -411.025293926911
23800 2083.79311169988 212535.044486839 357.203572580786 4.32002451911962 -362.783599683843 -410.168065246355
23900 1820.60041222452 220903.243709098 356.934082467664 4.32328619670529 -360.924881943623 -410.137872277358
24000 2406.17257615123 152686.856899936 360.672293271074 4.27847722338443 -376.21195366475 -410.583896350497
24100 2230.94852357228 190078.181341988 356.782333616053 4.32512500332133 -368.05539157685 -410.383148293222
24200 1954.34394150849 262219.947245483 352.256459583413 4.38069522895638 -352.747051671821 -410.399045849019
24300 1734.8812649358 180404.50641294 357.343182255653 4.31833673760179 -372.14200521982 -412.378720971711
24400 1701.26107574557 143778.44372514 357.632203945768 4.31484685898176 -381.890800703715 -413.984519285478
24500 1707.02682244842 236874.683147821 346.816270307712 4.44941118390145 -362.197684003773 -413.472929983007
24600 1836.60715526312 235380.675422523 347.360955756984 4.44243420652523 -362.468528382637 -413.500394335915
24700 1792.27926544139 153210.697846842 357.775890347068 4.31311397302143 -379.768105116205 -413.980998535157
24800 2069.2289978544 177096.028231462 355.847015352126 4.33649328304504 -373.041309623005 -412.374737043068
24900 1873.50914357629 239938.245095272 348.850568355659 4.42346474921857 -358.118174344437 -410.361228197583
25000 1780.76628564165 236780.997737232 352.193186619105 4.38148223899346 -358.448579267591 -410.498184366609
25100 1959.27488697126 153458.615449831 361.274758967439 4.27134238848166 -376.711663224332 -411.315044504806
25200 2117.71761719325 166192.245700324 358.025770057646 4.31010368783693 -373.668604076496 -410.806276951157
25300 2143.59009043345 264052.467543948 349.981316971545 4.4091730530621 -352.065664276134 -409.745595507567
25400 1942.2987894667 230583.061236718 354.283582146732 4.3556299801299 -359.600456100752 -410.588467045429
25500 1873.64083013574 134210.281332942 364.410729524147 4.23458495275691 -381.783671000394 -412.309437999335
25600 1855.84942974699 193132.737078641 357.625762782686 4.31492457327191 -368.781169372903 -411.890803309024
25700 1841.58307785845 269080.955886021 345.685336702503 4.46396774183725 -352.863543748816 -410.92040629529
25800 1625.64266953641 211846.364013322 352.553442636898 4.37700503028534 -366.445288474677 -413.061354147221
25900 1813.57717660997 122308.959893955 362.906958445259 4.25213172675741 -386.749465932085 -414.453512662092
26000 1881.38597027132 189002.672395265 355.579771326425 4.33975247272859 -371.018007230111 -412.964401419759
26100 1775.11136257866 243074.074863155 348.907304874435 4.42274544071659 -358.173146296037 -411.107589127616
26200 2085.93823247504 184728.308862075 356.366032705838 4.33017754287456 -369.858173808963 -410.946589821579
26300 1808.58898319913 182917.868781148 361.141314075589 4.27292068706139 -369.284703264755 -410.515616025946
26400 2311.35336486507 214204.971976475 357.888538366498 4.31175638904052 -360.725553608589 -408.573905105129
26500 1802.47223622143 238500.207983941 359.484476342186 4.29261426687379 -355.167992033652 -408.680899241197
26600 2187.8565665097 170161.001837519 365.643452402249 4.22030855941187 -371.204419578511 -410.038003878428
26700 1904.23033200762 175379.550723119 360.132022178349 4.28489580718793 -370.655490655173 -410.076735599565
26800 1881.39880423353 250738.020786856 351.697977319433 4.38765159705356 -354.710906405933 -409.751068802408
26900 1925.94604160292 214339.662219938 355.392097003328 4.34204419534875 -364.747348229278 -412.291811668437
27000 1826.29713655526 150121.473811565 357.869028620596 4.31199145065472 -380.432327825089 -413.964105383952
27100 2066.72582846732 216300.264657301 349.439543677394 4.41600906304625 -366.029893020448 -413.205635380386
27200 1410.20128164837 248054.134409067 349.648140929455 4.41337450776682 -358.883172848456 -413.016826004645
27300 1523.67436063535 176057.270012288 357.7806401172 4.313056713635 -374.146824827129 -413.462020601304
27400 2033.54532800018 171447.318959244 357.620547713423 4.31498749647545 -374.26742739893 -412.536047685274
27500 2413.84405847637 194880.118331631 352.680463958545 4.37542860907516 -368.091446350387 -410.989598051835
27600 2386.50286770669 206089.746301455 354.238336285761 4.35618631243032 -364.945055100982 -410.511126539043
27700 2167.26695259472 183332.305317452 358.162234130062 4.30846148705269 -369.663932659406 -410.647374908567
27800 2204.59324191868 177414.936215227 357.971338787532 4.31075905990903 -370.913940000756 -410.553431803232
27900 2271.25250423036 222518.619120526 353.345971936923 4.36718772654238 -360.867842128856 -409.94237152509
28000 2154.74782883462 214247.648284821 354.68434147723 4.35070853548009 -362.928787673879 -410.358197632736
28100 1813.03988799091 166007.349316971 359.981965832747 4.28668194056999 -374.339093832724 -411.638137945409
28200 1618.24656677976 213402.251282096 356.332628531 4.33058347260465 -365.574122888537 -413.035925713495
28300 1686.43656428337 230319.573994816 348.619009385765 4.42640289347667 -363.874777635588 -413.990218555002
28400 1470.66234495054 244651.62863869 349.027515297378 4.42122217943575 -361.122241577251 -414.418585679925
28500 1407.87487306855 146749.430534191 358.599577531115 4.30320694321573 -382.407269530513 -415.25276676037
28600 1543.58203873635 178255.207495428 355.389353876501 4.34207771007783 -374.386742339195 -413.926707515892
28700 1856.73317713033 267506.237516103 346.277511302873 4.45633384062419 -353.482554772837 -411.298528346954
28800 2145.56735632391 194492.501379752 355.161033982713 4.3448690712541 -368.301505578153 -411.415455815169
28900 1539.48684582645 136032.732474996 367.082148845093 4.20376800321422 -381.033600242258 -412.200695596728
29000 2263.42490384605 153593.263919079 359.706152831406 4.28996885296366 -376.656271203457 -411.139639337461
29100 2240.83372789608 266447.823291738 347.560159749789 4.43988802680097 -351.156614783001 -408.957143019597
29200 1846.24334509306 247745.611882513 355.009681475545 4.3467214343348 -354.693952808719 -409.589334660453
29300 1816.74897018667 158456.597471136 370.961863816423 4.15980277862137 -374.289255969953 -410.977694935261
29400 2145.16873912679 156349.861134212 367.211980801857 4.20228171340295 -374.720102111818 -410.554819575961
29500 2265.14244974768 221686.453606688 353.995055788524 4.35918006941877 -359.591266103503 -408.572079710531
29600 2280.14554000782 216704.069896693 353.107562674771 4.37013634082773 -359.47739758664 -407.237332864011
29700 2278.5515802889 210571.419768836 361.029800218355 4.27424049464287 -360.240768670949 -407.690320958626
29800 2304.6060990582 147706.765685091 367.099888683653 4.20356485914357 -375.025021039189 -408.868444183155
29900 1889.29723872828 182156.596018575 358.603482828497 4.30316008002668 -368.786947195161 -409.557729785247
30000 2392.92249115763 258104.89244699 348.582382351035 4.42686799447063 -353.900768797324 -410.056141383072
30100 1903.03116301059 198755.9487426 353.745646531599 4.36225352027979 -368.076496920072 -411.959958941861
30200 1513.66091615892 150534.630135137 361.33659633979 4.27061141190086 -379.172566448447 -413.122428329644
30300 1758.77018361458 237306.292884124 353.880884167395 4.36058645975401 -359.693486657506 -412.108536275523
30400 2209.30051794957 220310.974820202 351.788645465443 4.38652074692304 -363.164671693932 -411.538180738142
30500 1873.90493885295 154515.331343929 359.248200896688 4.29543749422949 -377.206854301148 -411.85307136666
30600 2385.04537404325 184140.830817803 357.338424521916 4.31839423350757 -369.60544617028 -410.67495029457
30700 2152.30178724646 243145.876129353 354.045671499635 4.35855686451376 -355.353283261155 -409.08315945556
30800 2352.31167441191 194279.093432885 359.589076740183 4.29136559390287 -364.862292286724 -408.465877682871
30900 2647.72851180743 155480.793662631 363.38784860652 4.24650465826951 -371.436085268492 -406.700509074919
31000 2570.83703403056 199352.851421687 359.612009826631 4.29109192601788 -360.08191923781 -404.827101534781
31100 2471.43194290855 258263.557059748 357.157405294455 4.32058293903749 -347.571758063341 -405.143905652309
31200 2211.12526878707 195376.018588927 364.109649876726 4.23808650055984 -364.48839317809 -408.889427472827
31300 1902.62236809202 171172.378371203 362.01557369657 4.26260167790329 -371.933409156201 -410.610213339171
31400 1875.01981064147 289092.069750896 346.625106344197 4.45186503695956 -346.908534000141 -409.452560467055
31500 1853.16539506127 253426.044092761 350.664397893385 4.40058415150343 -354.862778176831 -410.329508067259
31600 1890.06679692038 115284.777179513 367.38490846485 4.20030370412932 -386.494156249091 -412.929375659366
31700 1691.57910169889 172199.068956309 361.762646521114 4.26558188554178 -373.906183837209 -412.787787027685
31800 2018.25793643701 292750.861296374 344.430367418567 4.48023269095446 -347.483344041318 -410.417912560087
31900 1874.57584898039 244649.714112071 349.85638350284 4.41074756566102 -357.223548901292 -410.646042742796
32000 1553.41901878577 128990.927334483 365.763741426879 4.21892062303997 -382.3819773554 -411.829547078201
32100 2060.63993479887 178254.080671714 361.13994099706 4.2729369329954 -370.03723351946 -410.21674443868
32200 2342.5585604819 252370.787020332 351.714265990109 4.38744839513992 -352.115534440752 -407.516675397571
32300 2134.32275910834 212902.724520261 356.283302258955 4.3311830278943 -360.260869466459 -407.605020221389
32400 1874.17869018749 186475.746222106 367.188931919332 4.20254549558463 -366.4664933375 -409.20325179336
32500 2329.39444784463 120297.162601003 365.521106033707 4.2217211712087 -382.929647324075 -410.374283995899
32600 2124.06387526393 246410.688296916 349.572943403836 4.41432387999049 -356.557124399885 -410.320557825677
32700 1847.31851439921 233831.140722438 348.756516540138 4.42465765851439 -360.926428630947 -411.826023086966
32800 1592.73199412993 177924.246105061 359.186351233253 4.29617714194275 -373.718679170912 -413.606894204902
32900 1648.70849369044 175068.750955423 358.912146338351 4.29945937357994 -373.813561042435 -413.031650411606
33000 1952.67442222362 249547.944341293 349.638226509821 4.41349965439998 -356.557448157062 -411.015556042592
33100 2195.2464219408 207078.331523898 353.573722065134 4.36437465672816 -365.153957962363 -410.85270365982
33200 1836.39107529108 166283.2384591 361.909571693332 4.26385017850179 -373.422561468087 -410.983651404504
33300 2034.08160271241 228488.293340242 357.148670730842 4.32068860485573 -358.677736072248 -409.611132139426
33400 2448.96667006039 231982.159826411 353.79685216544 4.3616221637397 -357.032820977727 -408.259735056871
33500 2301.39278997287 194736.329276293 357.71793286373 4.31381278403497 -365.22075458132 -408.699533081808
33600 1795.48230456556 192921.269043024 360.742942742217 4.27763930774613 -366.786337418528 -410.224114911922
33700 1803.24047221097 185627.380254765 355.510355665378 4.34059983703704 -370.735750831909 -411.925005558591
33800 1982.32476300386 280452.749991419 345.038640829268 4.47233442653657 -351.376734676854 -411.773972854963
33900 1771.42136483045 203853.852674691 351.238745990066 4.39338828498654 -368.519036188963 -413.209100971902
34000 1431.87449794523 142450.326740405 362.347756726157 4.25869392930265 -382.131919608184 -414.348442781064
34100 1457.45313426002 185237.802425082 355.806088568781 4.33699209047632 -371.854040043411 -412.991042075301
34200 2028.03704290902 303456.679592266 340.978462112135 4.52558845596132 -344.806156813062 -409.388424699918
34300 2208.12683171132 209764.637020279 355.272619411644 4.34350441759808 -363.790310785973 -410.304307248989
34400 2269.78273581023 47033.3071077977 376.893615925912 4.09433359085992 -400.611625064473 -411.675670246019
34500 2170.00959056312 182679.424866886 358.662848534644 4.30244782299236 -369.154813453758 -410.04938586287
34600 2447.3282697025 406460.134229619 336.510878362686 4.58567104687463 -320.489256331286 -405.859536565096
34700 2023.57859173596 204392.297600933 360.674994035851 4.27844518578611 -364.128223656677 -410.140127287887
34800 1799.56703792579 37896.6524320162 383.331423994924 4.02557185576978 -403.091199802468 -412.158226900547
34900 2447.39872716474 198081.652418904 359.180262174526 4.29624997354758 -365.730701721226 -410.137182435295
35000 2081.94752364606 297952.165412875 344.836489896269 4.4749562099136 -343.772581596777 -407.900833932252
35100 1514.19114657546 190957.625090956 360.37989407608 4.2819486248596 -368.168430577613 -411.12080736213
35200 1577.53613936914 134909.446389764 366.431970516254 4.2112269562398 -382.518755983155 -413.37374248549
35300 1558.40148176547 225547.265595313 350.66526806653 4.40057323148795 -363.571218922916 -412.936312189266
35400 1631.95277810144 285620.483356632 343.249527015547 4.4956455010533 -351.479885090502 -412.671080828372
35500 1704.6187269126 170224.30017682 355.67765506298 4.33855815764663 -376.764332224383 -414.553539544318
35600 1882.93040702747 123034.334759041 361.355369622432 4.270389543342 -386.554343467461 -414.303544328355
35700 2014.97462334404 234668.487761111 350.64761555004 4.4007947678341 -360.062457695647 -411.421309656194
35800 1958.27328315113 254784.221950573 349.70551808055 4.41265039321078 -354.624228501639 -410.235734684619
35900 1922.65785164463 148542.288324198 362.646236122148 4.25518877120335 -377.625662315832 -411.247614557511
36000 1859.23769961405 167676.033289345 360.500012492995 4.28052188180189 -372.722391942247 -410.450577379735
36100 2261.61776282259 273400.684432475 348.472792760995 4.42826017962468 -349.197727335383 -408.662274497916
36200 2259.32970640073 183560.592851322 356.18951499797 4.33232345953506 -369.464346807867 -410.272808634921
36300 1951.64273615048 178298.450544069 362.660849752052 4.25501730589652 -371.174551331201 -411.533318036234
36400 1658.70933104147 184396.125988615 356.752188295903 4.32549047347733 -370.952104557953 -412.011077436238
36500 1847.39072349339 250786.046491677 347.086153565578 4.44595146194607 -358.162334670409 -412.491158145671
36600 1528.74885820176 202960.479578058 351.464943761456 4.39056076361762 -369.937931513132 -414.460799961583
36700 1411.40293170035 193167.621543908 355.877536004276 4.33612137813492 -372.173952721488 -415.080597021197
36800 1552.22834087982 187615.089219191 353.848400546444 4.3609867657536 -372.521560678409 -413.957257206594
36900 1571.79672238167 202605.361647525 352.018382331497 4.38365798298837 -368.192846977044 -412.707800016768
37000 1789.70468017713 194697.475978567 353.599539758503 4.36405599656613 -369.653075826709 -412.622709882735
37100 2217.31394876814 172588.611445844 355.953593839336 4.33519486408846 -374.006453984885 -412.350254745843
37200 1989.93056111595 187407.756506712 355.191412035319 4.3444974725703 -369.642194300405 -411.189193435637
37300 1847.58672674738 226258.265923788 355.365610407096 4.34236782253173 -360.33663334132 -410.521120992748
37400 1898.78565936268 188094.655240138 358.444988484172 4.30506281700813 -368.447832038239 -410.529079972836
37500 2463.63432396231 205729.896854418 356.958808178611 4.32298673267081 -363.765097633922 -409.600933316108
37600 2294.57509860986 206573.384217318 355.186430850677 4.3445584004161 -363.153660288912 -408.948903852212
37700 2302.81198314886 227653.281491936 355.625618316174 4.3391929950732 -358.569929361834 -409.100778486306
37800 2229.89541860234 149444.521171094 360.387669503963 4.28185624105863 -377.278648107466 -410.894147214453
37900 1753.46663991272 177243.60344675 356.675957769542 4.32641493841078 -372.939552102425 -412.397459528913
38000 1673.70299229494 228917.687085183 349.034109438525 4.42113865131542 -362.569389845218 -412.439102106322
38100 1874.49365782655 217556.605041834 350.603026841037 4.40135444856205 -365.585811198599 -413.193552441169
38200 1637.42665399193 148991.703045491 359.934519092566 4.28724701303036 -380.73228252102 -414.203786431146
38300 1585.46898189936 193771.484145977 358.332211426349 4.3064177393477 -369.719396916914 -413.057046935743
38400 2071.05627327591 229558.678248311 351.570532621863 4.38924212549365 -360.362181582277 -410.734950612237
38500 2239.33296807181 207754.430741675 354.403216511797 4.3541596689057 -364.326133342084 -410.281643549247
38600 1655.81912594253 165869.544420592 361.13252906223 4.27302463135413 -373.534736071788 -410.921932845058
38700 2006.92703588129 210744.253029704 357.656468305441 4.3145541283718 -363.08384551469 -410.128628192673
38800 2163.30645425152 223169.909351497 352.832226057025 4.37354662614269 -360.461766836593 -409.608372036103
38900 1966.44916626664 217939.052948298 354.87979768062 4.34831230729816 -362.21164664153 -410.484834406422
39000 2210.03386549503 191367.383001294 357.507026488111 4.31635765882614 -368.639327420795 -411.340730208568
39100 1920.74153734188 223484.214531555 355.396090634768 4.34199540324139 -361.986901985654 -411.560351704268
39200 2064.18821529726 194337.692910469 355.344589478723 4.34262470164476 -369.45906824512 -412.560966012009
39300 1705.36079413088 193484.674313483 353.390689981605 4.36663510277094 -371.197537253904 -413.874285138116
39400 1786.43524747212 190710.856766133 351.876134458296 4.38543010096926 -372.667698867881 -414.552347081169
39500 1559.52895853449 194457.13893224 352.445975288642 4.37833966071636 -372.232477603528 -415.009060572266
39600 1436.59292158998 204576.742491402 352.572313109269 4.37677076301755 -369.586486068187 -414.605305972582
39700 2068.27983710043 181542.44740619 353.627986232668 4.36370494401658 -372.984335055126 -413.053884253982
39800 2202.75590492032 223026.077250002 353.208839655567 4.36888327418676 -362.224235302356 -411.391591057733
39900 1923.78018397928 180475.276424204 358.93223951695 4.29921868802552 -370.552185472629 -410.983682966432
40000 1945.46093466408 147170.983966814 361.872100191612 4.26429169601367 -377.385082666321 -410.625535921838
