# step temp[K] press[bars] vol[A^3] density[gcc] enthalpy[eV] etotal[eV]
0 1767.72533208153 877390.077315844 297.081029432175 5.19430067552807 -237.263688064092 -399.952347760803
100 1887.8149238633 830208.32545397 299.444026827542 5.15331098173767 -245.962167758405 -401.126673092048
200 2085.58728398309 814337.636007787 300.193004373005 5.14045353951256 -247.985874594169 -400.564857950364
300 2126.07549523374 874970.131593363 298.227768182862 5.17432766663074 -235.080660526482 -397.946855088538
400 2178.92390831744 833616.14197668 301.417995659166 5.11956224939882 -241.609198963443 -398.437679885325
500 2282.74434994227 834617.682327526 301.701127478717 5.11475778947819 -240.923638345019 -398.088030515225
600 2492.82041763553 865287.846155211 298.980089738576 5.16130754129952 -234.857895694443 -396.328144380018
700 2235.60865340611 825133.255095784 301.720730604458 5.11442547807261 -243.142320800524 -398.530824235405
800 2268.50909374367 828941.519708133 301.145570359661 5.12419355869372 -243.073794077648 -398.881888096821
900 2036.89838508708 897900.377838716 297.656744788864 5.18425407413732 -230.470361232083 -397.284756282918
1000 2247.44834821693 796165.556471294 301.485703518157 5.1184124947178 -250.568654297255 -400.385190059497
1100 1870.74734420089 844102.405688762 299.587793964207 5.15083799458961 -242.136847063956 -399.973875381483
1200 1700.90790285929 908085.61854576 297.01192376742 5.19550923172529 -230.318114017703 -398.659277747045
1300 1472.58839774078 826146.570928122 301.169611737478 5.12378451120502 -246.288897409817 -401.584048727211
1400 1692.07097773716 856507.767791306 298.711570149069 5.16594717471453 -241.405177122998 -401.093438785689
1500 1700.94494833479 888603.490782992 296.593813469299 5.20283337611104 -235.85047377234 -400.348141784234
1600 1925.88209217424 794249.944783273 301.037768739706 5.12602853232145 -253.938823073765 -403.172837677769
1700 1849.23736600998 860722.002593938 297.455056120974 5.18776924483857 -241.09698590181 -400.895929143167
1800 1936.48813072828 880106.503607611 297.249865083153 5.19135035245329 -236.027221917363 -399.312315323843
1900 2041.28505384185 766391.593870304 304.092846864736 5.0745297292459 -255.959368845466 -401.420372419806
2000 2073.93925478638 881016.906288793 298.189912815204 5.17498455027363 -233.334932697387 -397.305852552332
2100 1950.74870118566 912773.332094827 297.145441215537 5.19317471455602 -226.722638651878 -396.008878023816
2200 2190.13123496809 744960.377086968 306.158052633536 5.04029921340403 -258.22447023232 -400.578086290283
2300 2008.4368716075 881324.342233281 299.032006604184 5.16041145357625 -232.893446734652 -397.384803665134
2400 2158.20375721997 936814.994754786 294.513469389104 5.23958444096618 -223.311058830944 -395.517201088659
2500 1795.55706026593 729214.792380593 305.692206873012 5.04798014856543 -263.710075044683 -402.842860457069
2600 1584.0715892776 855251.852897618 298.641974807239 5.16715104386162 -241.354977407754 -400.77193447016
2700 1513.72147928191 989558.093391343 292.039169256921 5.28397678911542 -217.333854017265 -397.707067284012
2800 1662.60645146719 734254.282445028 305.096649175019 5.05783395536705 -264.597525062681 -404.418900058748
2900 1594.01935131815 842308.022076792 299.352166249059 5.15489235037721 -244.057413558468 -401.43503772013
3000 2005.93932210875 978188.789976858 292.160195324904 5.28178792511433 -218.114973780844 -396.489720847893
3100 1756.92633723454 751216.557271348 305.802088711903 5.04616629129668 -259.886859386207 -403.269059966819
3200 1978.78408059958 822265.003003626 300.304887063339 5.13853839328512 -245.92377378889 -400.045494375317
3300 2340.19573969567 975944.801626044 292.747400660085 5.27119348758242 -216.75841200204 -395.081651585036
3400 1998.98811789459 740393.165364894 306.205645032758 5.03951581853117 -260.265554036661 -401.768420155595
3500 2355.77797305086 828793.045233466 300.96750180407 5.12722530710541 -242.972328486341 -398.660401764475
3600 2027.04438460942 956501.217532417 294.499909211768 5.23982569636886 -218.705677746509 -394.522463053398
3700 2371.03171876244 777215.440807072 305.145681419714 5.05702123879518 -251.730865821129 -399.756963629328
3800 2176.34009307884 850235.098463154 301.319979867606 5.12122758186876 -237.912136943142 -397.815133118439
3900 1945.65107673803 950911.51209255 295.477906128616 5.22248249313918 -219.802175183388 -395.171956544369
4000 1909.07721195171 776395.507541003 303.907280304733 5.07762825003336 -253.681824221042 -400.951645703007
4100 1907.55169205368 839383.194595429 299.69930515014 5.14892148679845 -243.294235321826 -400.307248666457
4200 2177.65143017837 929843.580812639 294.228915825312 5.24465172818806 -227.123238300799 -397.882744927958
4300 1923.88015493474 763273.893545062 302.776120759361 5.09659806723187 -258.72411731676 -402.96609600292
4400 1892.03337414501 839036.449005354 298.866287152351 5.16327286884483 -244.293219531868 -400.805132108119
4500 1680.7226333549 930735.849861549 294.475141382149 5.24026640966463 -226.535153263808 -397.601556358233
4600 2131.71904625647 785868.215693695 302.876918813765 5.09490190903246 -252.141795381698 -400.703045507996
4700 2381.87888243302 822602.67064275 300.854839476293 5.12914531989012 -243.32703749803 -397.794410118334
4800 2171.28825095042 930123.837366747 296.559694848157 5.2034319520602 -222.516054802777 -394.680133716979
4900 2023.87602662538 787419.621618898 304.287263540798 5.07128748640255 -249.495656156619 -399.043325792733
5000 2362.62333642157 840029.534279376 300.608246473065 5.13335282704691 -240.260504613544 -397.87098341242
5100 2245.42858486021 918049.268012037 295.739436266081 5.21786411494254 -226.444638967079 -395.90372976411
5200 2013.00047342736 780472.503861167 303.572987833742 5.08321969908353 -252.941255309244 -400.821573064009
5300 2093.67788743396 842526.333566676 299.341095092175 5.15508300452684 -241.747375132033 -399.159966899447
5400 1964.47578349079 948632.954177438 294.199842021094 5.2451700220678 -222.476497113022 -396.669331207771
5500 2108.29970352064 754328.713637561 303.7090119774 5.08094304419571 -259.097047336878 -402.087802927818
5600 1409.85703628743 850475.296002285 299.612206264443 5.15041830606905 -240.912885537469 -399.954526585537
5700 1686.09999426646 963941.840614369 294.305021350714 5.24329549249255 -219.767692365354 -396.834903114518
5800 2445.01572336244 742127.956226508 304.622566097467 5.06570544538181 -260.674522620077 -401.775657481554
5900 2138.99653942437 836472.522128859 300.470052671117 5.13571378627596 -241.106355783194 -397.977301513581
6000 2224.832569123 957791.537900478 295.202859450175 5.22734838930845 -216.631583308918 -393.10577372764
6100 2962.47583153031 741573.627029499 306.186935629946 5.03982375567822 -256.630060989001 -398.349875506407
6200 2382.7323251235 816675.788414491 301.957934927525 5.11040781967361 -242.882120547614 -396.798829833356
6300 1811.70611167062 986051.212934471 293.47399990392 5.25814277370849 -213.083011440479 -393.700061790419
6400 1919.60401543049 755094.162754841 305.161847455883 5.05675334164835 -257.846507735399 -401.667072891249
6500 2214.33668987134 824142.494518579 300.750677362171 5.13092175020391 -245.542333290655 -400.245272367225
6600 1634.41336501517 993800.602131761 291.54959828171 5.29284965906581 -214.481970251198 -395.3248214125
6700 2031.87768414216 749231.694467846 305.328278942836 5.05399695438963 -260.158552032681 -402.940339058825
6800 1954.82035292885 798242.356627715 301.955254171838 5.11045318982246 -250.569705372493 -401.010979280984
6900 1953.7649614093 1016648.26853514 290.291480592556 5.31578876760771 -209.409083171361 -393.611217652129
7000 2428.76505233548 724128.654961501 306.771114924929 5.03022650044397 -263.105885083638 -401.755874539624
7100 1911.88446712366 783822.544599282 304.356830486025 5.07012834048084 -250.271606499784 -399.170148787559
7200 2412.98941270424 1078566.48838412 290.276173033359 5.31606909289376 -193.703125459798 -389.113651460006
7300 2224.16801106788 705174.588409045 309.280766858777 4.98940883889732 -263.202685153133 -399.328097972801
7400 2045.74949970038 776394.424761956 304.812251328782 5.06255304745492 -250.557630931203 -398.265784515284
7500 2227.42629626136 1055834.35484213 289.428807305851 5.3316330403678 -200.776168308662 -391.509759791562
7600 1955.73935188534 725723.398366819 305.639998407634 5.04884242869299 -263.741039440542 -402.184025167281
7700 2180.42078037723 770855.083720281 303.165313612851 5.09005523579366 -255.533271626793 -401.395180852224
7800 2146.30248258059 1009071.54254182 291.184298626421 5.29948970169541 -211.371786197797 -394.763434607895
7900 1753.53269155938 775770.637757503 303.793442272944 5.07953094813579 -254.9380156525 -402.034189175597
8000 1788.48789977147 798945.376280175 301.849412129364 5.11224514561843 -250.527822876726 -401.048812389208
8100 2129.85531866835 976281.731300195 292.416879600207 5.27715155833648 -217.218794508054 -395.402195324063
8200 2134.31755736305 763999.627512327 303.35380281858 5.0868925245977 -256.404106686839 -401.058701457043
8300 2180.26763743321 797235.683026495 301.955718619039 5.11044532928021 -249.453460377693 -399.705241986652
8400 2324.64957962598 954485.875731567 293.894227933008 5.25062435801859 -219.342943963514 -394.428453906451
8500 2205.90512165991 792221.472863977 303.641082905633 5.08207972748438 -248.876870605028 -399.016999312142
8600 2288.89230486782 800366.648511281 303.030898450121 5.09231302734669 -246.823677848713 -398.202645514189
8700 1883.88392003274 942459.470068851 295.192896867033 5.22752480917997 -220.41230389873 -394.05568285816
8800 2002.38450601567 810891.482230748 302.700916525081 5.09786428657298 -246.306508749794 -399.509102142987
8900 1966.74950445882 784224.662276828 302.59894689703 5.09958216209927 -253.136839912902 -401.251331004019
9000 1777.18166520934 962209.293817508 292.718191056892 5.27171948656312 -221.210879633696 -397.006844625312
9100 1753.6339853141 803756.63863445 301.085098094332 5.12522274145447 -251.162538070862 -402.206537522373
9200 1852.04282160315 777464.456907825 302.76514254313 5.09678286907251 -255.836304967405 -402.754660790197
9300 1859.6003426113 980293.619562368 292.288713807876 5.27946553858537 -217.765873919677 -396.603075199281
9400 2050.53939305309 807352.2859742 301.388024768231 5.12007135337508 -248.694328538528 -400.566678908091
9500 2064.64402295231 748963.303303688 304.932131674398 5.06056276651701 -258.508829947468 -401.054283973471
9600 2217.64023591836 986647.797574546 292.761337205405 5.27094255886474 -213.226937062763 -393.514395135386
9700 1806.77786327262 824957.701765843 301.763739693123 5.11369654099395 -243.186262203491 -398.563850860861
9800 2087.83553751583 758391.990569625 305.424164678613 5.05241028813126 -255.879159449783 -400.452020316659
9900 1671.14874453722 982345.3925012 292.837964869011 5.26956329776563 -214.508991134919 -394.057265334734
10000 1867.34866962317 830302.354745518 300.514946116437 5.13494657023888 -243.16869820107 -398.905764246353
10100 2179.00235269183 752660.246701643 305.16221906327 5.05674718385169 -258.333720947531 -401.690879839939
10200 1603.98703176022 994028.456638351 293.135621103854 5.26421246948835 -213.958484928962 -395.826805324118
10300 1965.81429320779 833630.329569633 299.436770841264 5.15343585736221 -244.381362799077 -400.181659434104
10400 1702.78683570087 740024.33361992 304.878198947288 5.0614579763144 -262.442370894657 -403.261616471664
10500 1561.49019094507 980227.644178702 292.366278773469 5.27806489291389 -218.381914866993 -397.254535130373
10600 1429.26167064719 839597.797096016 298.676887499122 5.16654704951236 -244.994218821698 -401.511591775151
10700 1733.04121779209 753266.433876032 304.528200505763 5.06727517945228 -261.019496159979 -404.194028809573
10800 1527.04211513629 966197.666202566 292.746185836113 5.27121536172637 -220.732933976467 -397.274458299508
10900 2057.13424997104 850354.585627176 299.258806171459 5.15650052744644 -240.915861192 -399.747362039262
11000 2262.36972665789 744511.871045344 305.787088967426 5.04641382040333 -259.376821576094 -401.472350844341
11100 2466.48966437272 950951.675608349 294.367360766124 5.24218509772943 -219.565295902801 -394.283334124528
11200 2323.00527973827 811676.163376719 301.826638884819 5.11263087170712 -245.229738267459 -398.137665861528
11300 1985.43056382777 769472.508777924 305.150506714091 5.05694127295665 -253.581288044201 -400.135007909738
11400 1936.67804922386 975198.737779446 293.905836953417 5.25041696300405 -215.593918983915 -394.485945688204
11500 2237.44318232361 813747.550201444 300.791968052855 5.13021741190564 -247.037050200993 -399.809686126736
11600 1426.96633649414 786103.544331656 303.223251903508 5.08908265503721 -253.966027493338 -402.741691750751
11700 1753.56774598908 971686.853212675 292.855923128608 5.26924016212728 -220.105934827622 -397.716984789677
11800 1790.47476994985 821638.520523249 299.848658442361 5.14635683175068 -247.946155498112 -401.716484861613
11900 1735.46155756824 779545.493441447 302.822364574649 5.09581976890523 -255.496475132424 -402.835928443249
12000 1900.81448824539 943122.770769963 293.718486570879 5.25376597803536 -224.415129567516 -397.312805248746
12100 1748.45036205523 822948.665504604 300.543274593995 5.13446256267335 -246.07465281846 -400.44696245695
12200 1860.23914052236 772770.923926177 303.707242477868 5.08097264746188 -254.889616413377 -401.375428914493
12300 2107.46494148783 958338.208433815 294.339311524428 5.24268465491078 -219.427687418259 -395.486073293948
12400 1994.57257162228 838784.90583234 300.889796922129 5.12854941460673 -241.254011200255 -398.778366336683
12500 1990.03903261512 753594.444356831 305.119963143046 5.05744749039142 -257.102191527146 -400.617409162007
12600 2296.90014106455 956837.695317613 293.959048728254 5.24946654488817 -218.694693207218 -394.250319383798
12700 2156.19364182533 844850.436547535 300.51549383356 5.13493721132656 -240.198155001381 -398.664245444338
12800 1806.22486687018 748828.355710244 306.466824576228 5.03522100312132 -259.486521390578 -402.72357943453
12900 1914.92331395028 985156.409878551 291.69397559868 5.29022990172823 -216.355911168791 -395.714545990858
13000 2052.92360236604 849328.299039098 298.306325656747 5.17296503340581 -242.483445642031 -400.618335376495
13100 1485.95683627221 723211.795145368 306.62077479054 5.03269288560199 -266.686706990533 -405.093281400487
13200 1717.85850614434 988855.483185572 291.387796756355 5.29578866734908 -216.647043369829 -396.490163373077
13300 1953.74075135773 865844.199606431 298.087470989814 5.17676300430236 -238.623377598791 -399.715059902133
13400 1736.38377483692 715906.051267809 308.301382609619 5.00525874650416 -265.452638958792 -403.212009055943
13500 2230.37612830781 978357.145230696 293.418587412532 5.2591357809809 -214.648673968181 -393.822548718278
13600 2610.87556054156 849336.328849625 299.351822384798 5.15489827178178 -238.206592207019 -396.897209538349
13700 2033.40794432447 720632.763143064 307.77210719726 5.0138662854106 -262.971384422713 -401.402240216644
13800 2550.64222929924 940964.666093774 294.134352469328 5.24633786877049 -221.899297219869 -394.645578767507
13900 2474.8062335882 874573.232368191 298.160956752736 5.17548712169526 -234.992187710788 -397.748033719785
14000 1505.91528341405 740352.043113623 306.205443968561 5.03951912763693 -261.201618119357 -402.696532103327
14100 2036.98984169418 931175.809292581 294.082909379046 5.24725559579244 -225.7366065281 -396.655909825927
14200 1912.87909215721 886377.695931421 296.830069354936 5.19869228619463 -234.189443427175 -398.405778492626
14300 1860.01163439897 741173.229880904 305.656235403258 5.04857422532291 -261.412749440499 -402.810541273715
14400 1948.71600081834 912243.28650293 295.811380686051 5.21659507584621 -229.203985722549 -397.63233684492
14500 2029.49335585296 900106.119100093 296.201834175802 5.20971855613238 -231.314349323425 -397.721161201087
14600 1696.69767817804 742493.718267436 305.51600439748 5.05089150700758 -260.83541136328 -402.420133205908
14700 2449.57169355877 873876.759112926 297.185155154183 5.19248073163523 -235.805552501694 -397.899554156699
14800 2026.19468594211 908199.470669278 295.862137783879 5.2157001346125 -229.264695554324 -396.975204931037
14900 1936.76606906565 770585.964859389 304.172941386647 5.0731935090327 -254.876843670281 -401.172460615448
15000 2202.67312086839 864997.77800937 298.803674009944 5.16435481250062 -236.304853327068 -397.625727824752
15100 2463.63424591681 900043.458372252 297.384094528585 5.18900714684253 -228.671053784699 -395.730431390355
15200 2272.27812598457 778661.225652678 304.722533931105 5.06404358075799 -250.569114164127 -398.664921183382
15300 2565.76437545382 860690.40751331 299.369862307826 5.15458763941778 -234.600368664332 -395.422081370096
15400 2497.07302491026 899372.856691115 297.800989854746 5.18174299091078 -227.93736122858 -395.106288604
15500 2280.96726201883 776396.743893951 304.072586809964 5.07486784012704 -252.670110020086 -400.020271694949
15600 2224.73008053985 861208.741754982 297.536075446039 5.18635661088426 -238.399059615697 -398.331919173678
15700 2215.70522913652 896657.082737891 296.10638272892 5.21139793625734 -232.68193395825 -398.397687071458
15800 1904.13714607894 762821.815483044 303.017192309264 5.0925433639791 -258.060044954403 -402.331368844079
15900 1765.81073699765 886509.777140719 297.73970684626 5.18280953592436 -234.804000944417 -399.548123182023
16000 1786.4654172257 906250.93626729 296.656693633926 5.20173056931033 -230.818759210469 -398.618877584258
16100 1882.25755129603 784314.889518136 302.901712037491 5.0944848792242 -252.88552419596 -401.165269162597
16200 1920.726170065 890427.917732262 298.557359684983 5.16861548311629 -231.667306955465 -397.593974902436
16300 2338.85810065328 889390.249270355 299.078601089006 5.15960749531152 -230.23536684779 -396.258018892668
16400 2474.75723800175 772399.303887197 305.802111786282 5.04616591053686 -250.748504214837 -398.173796166728
16500 2412.22926928812 906045.503386704 299.258394924533 5.15650761361353 -224.929256926125 -394.162623582106
16600 2579.95506739995 895851.915518572 298.241006029944 5.17409799680996 -228.057621123563 -394.818135048284
16700 1866.0004655202 742847.020425316 305.710077013301 5.04768507123494 -260.410436938634 -402.152510813344
16800 1690.91495817394 924154.44126649 295.238345439067 5.22672009142729 -227.383733591627 -397.680719079607
16900 2186.6539356091 891067.686006731 296.199687877424 5.20975630637637 -233.999909162988 -398.734550117247
17000 1623.90405848908 726033.699095376 306.861953819814 5.02873742625072 -265.139287464526 -404.195202617092
17100 2124.90902528184 930332.325808814 295.083818695075 5.22945717149171 -225.630352926257 -396.976028858425
17200 1924.94683214182 903324.941567458 297.421628020804 5.18835231363263 -229.83287843721 -397.522502366154
17300 2112.9340727414 726110.591643246 307.559073748351 5.01733918319942 -262.360778421491 -401.747357243902
17400 2144.39591274149 916323.847783498 296.663509785921 5.20161105415248 -225.493494810628 -395.162597299644
17500 2713.72500430472 865643.877292034 298.680129214286 5.16649097456033 -234.657278033027 -396.031898821149
17600 1953.73182569973 757914.114448583 306.655826583353 5.03211763187117 -255.199345883119 -400.263749989296
17700 2138.11650056735 900407.838556701 297.522565004529 5.186592122324 -229.309360285615 -396.514190513479
17800 1596.49992279529 897199.823180051 297.175106311773 5.19265631303313 -232.047424544448 -398.461956798813
17900 1506.76761810039 782602.869023893 303.149284865266 5.09032436791649 -254.831567851723 -402.908574397568
18000 1827.95586454846 891660.54240491 296.501217995902 5.20445818838912 -234.646167576408 -399.658222653949
18100 1915.19768097554 884612.67463388 296.547629231053 5.20364366381026 -235.843094618499 -399.576485696459
18200 2112.0424784185 770665.955737041 302.910235729317 5.09434152382052 -256.66743049142 -402.37085724925
18300 2249.4439972644 858893.030883165 298.648387718955 5.16704008902365 -238.997082741861 -399.096184742361
18400 1855.44792910816 897018.778796628 297.657335022344 5.18424379412751 -231.03776844106 -397.68870806076
18500 1930.94890525587 802040.10132196 303.305396119435 5.08770437852174 -248.315929269293 -400.148820736076
18600 2074.8981946509 871716.615829543 299.167582590707 5.15807287174321 -234.803462915369 -397.575387645182
18700 2270.47562869236 877024.546373583 297.635638402098 5.1846217077721 -233.959110475491 -396.883582750681
18800 2170.3128125829 794664.909750948 303.136729187846 5.09053520502257 -249.817631882594 -400.170680714765
18900 2333.58929844204 848748.290278548 299.190266333702 5.15768180153626 -239.728276904106 -398.223440838113
19000 2075.28453805224 906822.338623318 296.715258647232 5.20070386302838 -229.442719639937 -397.381785499226
19100 1848.79685741622 796808.387676228 302.481777453443 5.10155753796982 -250.403825756661 -400.836700907506
19200 2089.31919094126 851160.935632346 299.120110604859 5.15889148591754 -240.344806256567 -399.253236887576
19300 1864.56092344219 885872.038713542 296.754105263185 5.20002306454212 -234.609704768729 -398.69035644856
19400 1738.16117662375 817035.68722608 300.301916340125 5.13858922604529 -248.47408300192 -401.61412880353
19500 2008.08850561739 832984.660102857 298.158039005258 5.17553776854197 -246.816124055928 -401.830925969281
19600 1491.71709744036 894311.761059464 295.142974049063 5.22840903408935 -236.308439192381 -401.05298068712
19700 1500.84566260075 828620.727590698 299.097604261375 5.15927967954439 -248.350861546371 -403.039483220509
19800 1850.68198244859 816393.893013684 299.288271032101 5.15599287116937 -249.534890497026 -402.038136376136
19900 1842.97475523309 915734.650558266 295.477893541393 5.22248271561455 -229.531484298694 -398.413842509428
20000 1909.65012203757 814342.083214125 301.312080783521 5.12136183804323 -247.341814300986 -400.49042655615
20100 2043.76812560405 815661.72890516 301.164648928963 5.12386894462538 -246.448491248293 -399.770224671866
20200 2051.7924773923 941984.177440845 294.186756369234 5.24540333124085 -222.810850336767 -395.775108464672
20300 1924.05409971534 787184.398212199 302.613318827879 5.09933996905082 -251.566055287792 -400.246605322398
20400 2136.08286954529 788403.8532436 303.044012607747 5.09209265871064 -251.068557658149 -400.191371057515
20500 2132.5026262628 974465.392076744 292.403366670377 5.27739543302069 -216.885290164163 -394.728968027999
20600 1740.04823673786 804176.524102964 301.571062129337 5.11696374635676 -249.141530333725 -400.508354471521
20700 1850.51804598285 762498.935613521 304.610516637868 5.06590582918267 -257.852701414443 -402.82124558736
20800 1730.04438661564 985321.325292809 291.448261609649 5.29468998491715 -217.808294736548 -397.045842774174
20900 1623.1570270875 826666.42314695 299.05868465568 5.15995111007325 -247.848624174632 -402.152331135346
21000 1599.93851469422 735718.8942964 304.701124127811 5.06439940542798 -264.844007794586 -404.76265853886
21100 1956.48704546369 972882.888024028 292.096875575595 5.28293289281268 -219.640847775955 -397.00960327373
21200 1676.64767556479 860744.995239787 299.561685793933 5.15128691366636 -238.538180690439 -399.473147476384
21300 2176.65340079884 744345.400962256 306.533508457181 5.03412563159201 -258.798835186565 -401.209366898226
21400 2056.14679558649 950275.565757417 294.764277419039 5.23512620110476 -219.942921339637 -394.772155502947
21500 2137.61829848155 867270.621594153 299.002132924109 5.16092703679069 -235.844887522933 -397.697071523304
21600 2192.24402317847 729948.020197733 306.665733752066 5.03195506386024 -262.00442538035 -401.720645918353
21700 1726.06761852053 953238.050620079 295.496149020933 5.22216007544925 -220.526242142944 -396.335944169191
21800 1839.73621653743 887239.840893526 298.388499763474 5.1715404350011 -233.876806228132 -399.115882606173
21900 1692.84155378697 756094.675256119 304.715778350445 5.06415585113355 -258.982203114275 -402.78282525378
22000 1758.58363728278 924224.327975768 295.682490833316 5.21886902236636 -227.949129488207 -398.515200944518
22100 1835.42954659599 858722.262018781 297.961146895658 5.17895775319493 -241.010776784665 -400.709705121181
22200 1884.21887432967 783130.040543017 301.422204203143 5.11949076859026 -255.607598863048 -402.940169898869
22300 2107.89532162128 895015.631983029 295.827291051164 5.21631451372494 -234.653216031513 -399.909696736345
22400 1834.41136621063 840158.300671261 298.366202627535 5.17192690819771 -244.514945795818 -400.973888850648
22500 1872.28156910316 812709.174072146 301.027740959064 5.12619928963944 -248.077843579446 -400.775131754404
22600 2015.48576227564 891240.93549458 298.627896914095 5.16739463329518 -231.759371773974 -397.876779069922
22700 1756.91483522202 856269.719352686 301.137351445112 5.12433341284595 -237.646995416478 -398.587313420467
22800 2075.91480098371 822943.276160299 301.380362620376 5.12020152358059 -243.635457017271 -398.436718292287
22900 2219.28559206428 887119.816505934 298.422813117959 5.17094579916101 -231.308355238717 -396.544077529231
23000 2103.19534975635 821251.585760659 302.406217990934 5.10283221726738 -244.582062525367 -399.590943300324
23100 2283.88671779663 820102.75508531 301.153719377863 5.12405490144365 -245.44054091907 -399.591469337988
23200 2003.16486896633 885036.005920697 296.727345722905 5.20049201433275 -234.449836404946 -398.360856761348
23300 1846.48074921613 818641.982595659 300.06593962378 5.14263029586391 -248.600847053269 -401.921393024977
23400 1762.25110891228 818123.348304087 299.503717420781 5.15228393542153 -249.685749882221 -402.622073767767
23500 1626.02855117515 909162.875352138 295.367453043335 5.22443544800354 -232.65801046041 -400.265713415931
23600 1602.90057697077 819264.89256226 299.960297031211 5.14444147155101 -249.077271867672 -402.460460623854
23700 1814.09101801095 836885.319802925 299.824709882481 5.14676789805272 -245.150254992807 -401.761526107331
23800 1819.90972497339 891259.880043594 296.557215347524 5.2034754577048 -233.981634429204 -398.95069256774
23900 2077.15658821219 814437.866774439 300.741333144945 5.13108117108199 -247.681558813087 -400.558055140096
24000 1832.38030670197 827768.822858358 300.147528496175 5.14123237861607 -244.671167758304 -399.743200300989
24100 2040.01246882155 915286.43345707 296.642551559836 5.20197855551029 -227.621214140705 -397.086253122869
24200 1934.79208701888 806583.593243636 302.05040980331 5.10884323206507 -247.549079092158 -399.610293870846
24300 2181.31943393411 833889.625698324 300.470369985404 5.13570836266179 -242.246400035442 -398.633117953577
24400 1813.15289335521 917401.075439345 295.318373334701 5.22530371016641 -226.845113914204 -395.943458131743
24500 2255.42059253201 797204.519782099 302.082592660014 5.1082989532034 -250.054626663114 -400.36366453507
24600 1903.20099127049 802006.736252653 301.081280691152 5.12528772404504 -250.606152094264 -401.319394532834
24700 1671.27244551568 978951.368845282 291.950449538663 5.28558251684337 -218.951829638398 -397.337477044205
24800 1667.60799459886 799764.032500522 301.49685791527 5.11822313020519 -252.577387294307 -403.076625594552
24900 1743.06473266471 773936.640455613 302.374873419495 5.10336118347137 -257.532911310742 -403.596090799691
25000 1605.81122703771 1022256.90075853 289.604685826016 5.32839511026826 -210.370668032408 -395.150802167224
25100 2012.44963952782 784487.164713158 303.034874975131 5.09224620431151 -252.786459634465 -401.163976018238
25200 1849.93709818371 736426.634155052 306.809839953369 5.02959159360944 -260.971022849962 -401.993524280054
25300 1981.37023119597 1050295.47081092 289.274652189332 5.33447427967569 -201.699395519983 -391.331347439674
25400 2539.50081664851 767887.639180488 303.748319959171 5.08028552083365 -254.163641391845 -399.743470030255
25500 1643.63995117164 712411.754947622 308.944956020264 4.99483212719908 -265.432970836295 -402.806111873261
25600 2339.85651788837 1047978.15693674 289.126129713281 5.33721456928297 -202.876204566768 -391.992614986704
25700 2137.79386441635 810667.474292941 301.188365079667 5.1234654813374 -247.150822125564 -399.54577437056
25800 2005.4639566842 704742.260483804 307.728221518914 5.01458132195157 -268.280310181272 -403.639356109046
25900 1796.75054258438 1030989.00155322 290.118159871409 5.31896449553552 -208.268462821057 -394.957402509213
26000 1835.3237986163 819583.922312669 299.6492868461 5.14978095929416 -248.450143058046 -401.733965303298
26100 1508.79433319832 725870.052579423 305.550651594723 5.0503187730488 -267.68806492969 -406.118548424323
26200 1689.3371695209 988521.807250199 290.483347943748 5.31227763239959 -219.359544764365 -398.583946124292
26300 1446.17370781809 852591.895492572 297.735315704121 5.18288597446609 -244.124364176098 -402.563036301957
26400 1664.44515587054 738717.074913071 304.462105847675 5.06837521723692 -264.256237691176 -404.634876532569
26500 2073.42945727605 968096.870282062 293.27140611281 5.26177513286973 -219.325304520713 -396.53120561902
26600 1921.29574443913 836575.583621347 299.571131434699 5.15112449078725 -242.821358243616 -399.242260757222
26700 1902.97793417625 767682.830314874 304.703942103676 5.06435256863552 -255.4046833572 -401.403569673564
26800 2115.9664418091 923256.487445702 295.693895701534 5.2186677313884 -225.760406028374 -396.154434092407
26900 2299.830504067 845989.45612335 299.144793607205 5.15846581603001 -239.736955324489 -397.692924124363
27000 2326.12462088773 764913.627259987 304.148245060959 5.07360544380863 -255.052494224337 -400.259428263338
27100 2148.33859476878 896729.974003429 296.801487935236 5.19919291039012 -230.747351586247 -396.865622925481
27200 2232.25749854173 861467.35274185 298.363956604327 5.17196584141203 -238.036779317307 -398.462804695605
27300 2165.53009122786 765435.306625373 302.887944419326 5.09471644645511 -257.32330449123 -402.027166150502
27400 1945.73463722338 892305.340381208 295.849564505985 5.2159217960752 -234.596019301434 -399.364474186489
27500 1805.19365859665 880108.187818446 296.620785075504 5.20236028460825 -237.409297326349 -400.349136739851
27600 1825.55921380921 771934.636358024 302.446312614285 5.10215574634596 -257.69846190139 -403.418227698562
27700 1931.25933176666 883298.85269673 296.060227505068 5.21221038323935 -236.150125931413 -399.371630730891
27800 2025.47480165583 903527.480652465 296.565718164811 5.20332626918313 -230.243352250479 -397.487895021728
27900 1749.54983349173 770153.848071676 305.968548667483 5.04342096135883 -253.426585543462 -400.503299716443
28000 2337.43609767052 877952.441657315 298.721385551994 5.16577743175181 -232.656660430096 -396.348469553891
28100 2289.79603500364 908383.114655089 296.09513851066 5.21159583918859 -227.343397691683 -395.219923252096
28200 2029.21310851593 760203.413814475 305.563960039148 5.0500988129242 -255.829558790643 -400.814063032485
28300 2041.04491881451 863152.061032767 298.607058036833 5.16775525003089 -237.594780313702 -398.465506843159
28400 1865.00385741896 951780.208489714 294.07001331201 5.24748570752386 -222.259720398703 -396.953344091647
28500 1756.07830322076 731054.134339845 305.930699148021 5.04404492966395 -264.145672947355 -403.738222478346
28600 1543.90591175989 875399.420382449 297.995468013947 5.17836127559462 -237.268682501778 -400.087860024359
28700 2006.07064588714 979609.757094726 291.859995257465 5.28722064325687 -217.930746186651 -396.381059906664
28800 1861.45035368955 717407.076153433 306.745234757668 5.03065090183131 -266.337362007463 -403.688772411684
28900 2034.15566105615 865780.125001631 299.729416718789 5.14840421323712 -235.809940381586 -397.776972024766
29000 2019.38166853151 1009543.06530307 293.193702986304 5.26316962522965 -207.155469987197 -391.898954640948
29100 2221.75298549216 721823.633614549 308.681930805287 4.9990881806409 -260.878218921383 -399.947736496398
29200 2025.55122297032 827153.982687918 302.734161310605 5.09730446404055 -241.234386522534 -397.526634738479
29300 2218.16852694162 979118.771166235 292.913917609598 5.2681968970926 -214.415590068097 -393.42053432199
29400 2132.23884132345 742501.248716318 304.709791933657 5.06425534300552 -260.253452594156 -401.465985050368
29500 1994.97178306805 814485.478579183 301.388896140573 5.12005655027974 -247.244400820286 -400.459030613886
29600 1983.21643395603 987954.26047513 292.452189390118 5.27651441107065 -215.841835526495 -396.177389376678
29700 1460.00337109885 785397.715985192 303.865442106452 5.07832737138146 -253.694312975553 -402.651200183197
29800 1581.37912393975 817097.045579453 301.182299247432 5.12356866828481 -247.437009092504 -401.037543675244
29900 1563.09247507568 996093.981369826 292.697906274097 5.27208483145437 -213.925279399645 -395.899377009476
30000 1900.21091542683 782757.940172579 303.883700353704 5.0780222501898 -252.475423166022 -400.940576250521
30100 2440.09615263829 809724.819852168 302.324549047448 5.10421067931184 -244.929930229479 -397.721892297536
30200 2399.74653358066 955326.055387671 295.561383774619 5.22100746775105 -216.52420103212 -392.75789993254
30300 2373.21667183873 785685.650473384 304.940753216375 5.06041969002147 -248.561651426743 -398.100465687625
30400 2357.0235723155 802332.494720581 302.826858577432 5.09574414606143 -246.09403683478 -397.742640412993
30500 2150.15969589595 970728.213199841 294.3527616143 5.24244509683974 -216.151978478275 -394.494708091578
30600 1800.26189527882 798439.543044524 302.611400308515 5.09937229824417 -249.439907087857 -400.24533219701
30700 1988.68561258287 812106.719489715 301.397639472611 5.1199080210658 -247.222700497405 -399.994288555304
30800 2152.71372649134 946210.723611134 293.918705149763 5.25018709197101 -222.861026496184 -396.443044883425
30900 1809.60788888368 801014.70977712 301.66735149037 5.11533045999969 -250.370003797546 -401.189832950758
31000 1816.40657412634 816046.68085235 301.455399164828 5.11892703246087 -247.37622627825 -400.918409622893
31100 2017.54240191868 935863.30002721 294.592509344817 5.23817864649065 -225.06782940776 -397.145199134964
31200 2090.88947370634 803429.655881519 301.552093772093 5.11728561577286 -249.356124330806 -400.572856650663
31300 1937.86434298938 789809.264350617 302.323470325377 5.1042288916746 -250.380849204986 -399.414290710096
31400 2107.85465994763 948429.37607948 296.088116206403 5.2117194422974 -218.864482236765 -394.137722930401
31500 2313.35294210286 821425.555993696 303.558211642259 5.08346713310028 -241.558160068871 -397.190496939806
31600 1998.86677172701 815068.29317246 304.150988420473 5.07355968126208 -242.94712478491 -397.676536306419
31700 2041.87588090999 943517.333631504 296.069102486781 5.21205414176921 -220.456778936518 -394.811058973081
31800 2081.62238717018 811699.622592904 301.857832265476 5.11210254272607 -246.714429842167 -399.642580096898
31900 1992.10977796418 790745.818549733 303.134452139742 5.09057344347899 -251.485294656554 -401.095715535817
32000 1791.64061262566 938573.890981243 294.852136074498 5.23356626277325 -224.09303681266 -396.820895834168
32100 1969.09664915382 830273.598416442 300.611818354993 5.13329183233853 -244.47865675338 -400.260529819244
32200 1719.95418028104 791283.979471259 303.653923624896 5.08186481980832 -251.606627573012 -401.575426308962
32300 2518.95307494494 921350.088035748 295.141030297077 5.2284434675615 -226.905899979698 -396.630155857358
32400 2003.79160374165 846440.617701647 299.64776445936 5.14980712320786 -240.661294624812 -398.967223367306
32500 1984.58388961866 779416.289880418 304.040868534391 5.07539726256101 -252.104762290881 -400.012565036144
32600 1856.8337358564 935271.361866554 296.738667590385 5.20029359300164 -221.85958528883 -395.080936217224
32700 2513.54807030919 855110.32121093 300.789686119664 5.13025633216763 -235.44867486963 -395.9855227854
32800 2051.9781470498 792473.625017411 305.287461560733 5.05467268120717 -246.210586315364 -397.212839397591
32900 2580.0940212559 881918.733234937 298.502353314664 5.16956792712265 -230.189090101283 -394.499836952779
33000 2407.94226346254 853118.587524621 299.018785607333 5.16063961911922 -237.87455472065 -397.094518326817
33100 1893.10188091564 797661.570308573 302.188685706811 5.10650552073711 -249.96195204764 -400.409984190403
33200 2005.7656863979 864358.901303379 298.401304549851 5.17131851750442 -238.177393167727 -399.162043578093
33300 1824.34068849664 879638.374877219 297.710780311063 5.18331311433797 -235.651706022543 -399.103003040226
33400 1872.42534791075 817828.082554025 301.162134527003 5.12391172379528 -247.076767317574 -400.804431540646
33500 1584.18804550487 873265.610177862 299.040489707253 5.16026506436227 -236.377653363204 -399.36954327801
33600 2052.27096070255 862171.549114621 299.241682884411 5.15679559408905 -237.980096559423 -399.009586938366
33700 1768.21004446055 849227.420399548 301.359114223106 5.12056254161835 -239.082969801732 -398.817195828378
33800 2599.6516334097 831408.530664103 300.773168267296 5.13053807544012 -241.220273713322 -397.298819299466
33900 2462.50273630213 864282.171002812 299.785821133093 5.14743554592942 -234.283746231498 -396.000972969482
34000 2110.41712607166 865322.943755033 301.675338740116 5.11519502492538 -233.772470494508 -396.704951514479
34100 2296.76311466607 831896.083701159 301.393585183912 5.11997689308648 -241.392464952969 -397.884676121432
34200 1927.24526693452 878519.988491642 298.274058787156 5.17352463751223 -235.159767002251 -398.712111386935
34300 1736.80648931159 846861.721372802 299.663938986037 5.14952915952301 -242.399567517979 -400.792802722134
34400 1856.02083425541 849334.486017205 299.184050509883 5.15778895711938 -242.404220579869 -401.00555555411
34500 1705.4720218106 863615.965649893 297.593178559287 5.18536143649776 -239.661907806297 -400.072586824682
34600 1756.24047051308 864469.082554114 299.048274776876 5.16013072811563 -238.889545227067 -400.243795358532
34700 1922.08422421188 824081.16362317 300.627427469044 5.13302530263983 -245.593472969677 -400.221505677515
34800 2043.4667720791 850165.622041878 299.005522171269 5.16086853734502 -239.402136840946 -398.063942048233
34900 1946.24108276524 883440.728407073 299.72953083349 5.14840225310792 -232.126199376543 -397.397176103919
35000 2257.36850570292 801421.001270579 302.735181512511 5.09728728638812 -247.111566991317 -398.54203191674
35100 2238.49554397958 896919.654963764 298.257298271849 5.17381536280003 -229.241465051239 -396.209856521474
35200 2183.17391794055 848194.843846325 299.265257167138 5.15638937333876 -239.556280399639 -397.987794075885
35300 1905.47474520232 781804.425555212 302.309640474889 5.10446239637634 -254.176203486268 -401.692419590594
35400 1836.01632298155 918380.075508616 294.999326590324 5.23095496420953 -230.087954252074 -399.183870856151
35500 2018.79917434464 847978.684167126 297.860027616554 5.1807159363211 -243.766492415978 -401.413889119318
35600 1533.71035380918 764206.652369636 303.290236818386 5.08795867632945 -259.057415714399 -403.720888543624
35700 1705.02353766603 936253.332807593 295.115184019016 5.22890137623921 -225.314486883161 -397.769003972838
35800 1904.32300152447 836496.352052647 299.713562077818 5.14867656027345 -243.194985665336 -399.675436688553
35900 2056.53726788154 779526.198438794 303.722286991245 5.08072096767336 -252.786912240801 -400.560568738335
36000 2581.67409467614 939036.989110758 295.488797741075 5.22228999428365 -221.715614700672 -394.901846646239
36100 2038.49774191672 819556.244352006 300.734247444356 5.13120206620845 -244.356862495782 -398.190494672713
36200 1929.04504458599 809275.038569155 302.584828143989 5.09982011104603 -246.42344025875 -399.261999847327
36300 2165.95457550244 893076.245801137 296.856454323022 5.19823022000721 -231.349749093628 -396.821810235856
36400 1883.52296095996 839608.455738453 299.065241396312 5.15983798271366 -243.221400607166 -399.944274456461
36500 1704.82262745095 818135.554870826 300.038072894863 5.14310792952884 -248.722559285581 -401.934028340465
36600 2017.51986635495 859707.319673204 296.769468041095 5.19975387647505 -241.424534968035 -400.667217612832
36700 1465.84041547453 860285.664388448 298.124286062099 5.17612373097537 -241.413855787005 -401.49113160853
36800 1716.33972336139 822947.77880861 300.109748322369 5.14187959735495 -247.602721768217 -401.75218706165
36900 1699.91457265928 862921.538110039 298.181433479902 5.17513171043941 -239.327996435862 -399.926520515034
37000 1826.7239524078 868372.387323342 297.899487511186 5.18002969645316 -237.609758239334 -399.069927672907
37100 1925.20460231981 835432.060461623 300.347772476326 5.13780468269581 -242.806618205282 -399.418675874931
37200 2063.75046237741 850776.881683653 299.846813972922 5.14638848890846 -239.317471102343 -398.540089443494
37300 2485.53018208398 853588.47197128 298.835441112184 5.16380582611961 -238.575488603414 -397.785467996953
37400 1900.37350839854 843946.723438815 301.214295196315 5.12302442638187 -240.042336378981 -398.707013762441
37500 1857.17906419872 845813.254728192 300.427985509078 5.13643291004091 -239.893152641448 -398.493639064053
37600 1985.06773358817 898683.577296266 296.844407473149 5.19844118001686 -231.208751529532 -397.712999974294
37700 1661.06292013847 820934.187479948 300.376664210995 5.13731050286308 -247.975715684332 -401.884771753991
37800 1675.814709151 847753.174122338 299.226688885292 5.15705399680332 -243.310191838501 -401.638800006592
37900 1661.8119014419 900599.538919525 295.524011066391 5.22166772946057 -233.999287797078 -400.116309302536
38000 1632.09504764087 845631.86531496 299.253250668142 5.15659625558213 -244.072392745406 -402.018839072678
38100 1559.73631518054 825762.505496263 301.664586670363 5.11537734308978 -245.432643721596 -400.910710531597
38200 2059.35985006946 876554.118076294 298.590144061119 5.1680479833596 -235.057456432655 -398.416749490423
38300 1979.90014375195 881547.405865915 298.978231467587 5.16133962091958 -233.19996750729 -397.703369199069
38400 1841.22209573633 834538.986519378 302.051271431901 5.10882865862733 -240.895581981774 -398.227537566985
38500 2634.98137499671 820279.64911845 300.266091376724 5.13920231482303 -244.23784128019 -397.967573351948
38600 2330.00287909451 889459.43067899 297.04233275126 5.1949773541481 -232.124545559797 -397.029663177297
38700 1886.13892772971 808856.323535932 302.471579067586 5.10172954636944 -247.157806294368 -399.860114322675
38800 1828.18620436908 830663.867302589 300.616186293781 5.13321724585408 -244.333515621093 -400.190878327728
38900 1746.46943256989 924991.893492062 295.179778744749 5.22775712627832 -228.113179894105 -398.530672886715
39000 1704.56821149914 801260.058784436 301.002575228885 5.12662787251144 -251.844257090332 -402.37782260085
39100 1595.62516551728 819945.247639217 299.776263384674 5.14759966130466 -249.955126801179 -403.371509151879
39200 1509.46098650563 929979.464905469 294.007073543059 5.2486090666799 -230.244222983518 -400.899915993618
39300 1647.38099216377 804146.686334837 299.73941964196 5.14823240036093 -252.966405183503 -403.408295367893
39400 1767.0063990158 820454.048294725 299.934089680978 5.14489097757261 -248.215356257331 -401.807758904824
39500 2017.09833989993 891153.612485472 297.018946488085 5.1953863890229 -233.414809937655 -398.621019827444
39600 1903.49919442578 829178.989644742 299.96457175719 5.14436815930125 -243.960693085856 -399.202216437899
39700 2217.74418796438 834487.627383781 299.955503224184 5.14452368861124 -242.429746977132 -398.660447031875
39800 2095.00756980838 873430.132024476 298.602243417437 5.16783857416931 -234.93219170567 -397.71587807911
39900 2099.50721677784 834355.943284241 299.991283236818 5.14391010037431 -241.895707803073 -398.120387232652
40000 2128.72741535073 842159.922801851 300.744617094033 5.13102514278298 -240.324715268385 -398.406589216094
