# step temp[K] press[bars] vol[A^3] density[gcc] enthalpy[eV] etotal[eV]
0 1967.50481779496 344221.241813116 339.336164388823 4.54749111296594 -336.532396418293 -409.437420239339
100 1980.49652438983 302478.010762661 343.067341856204 4.49803290373503 -345.587915027131 -410.35626428347
200 1514.75536208692 283767.503326768 345.772471152469 4.46284282471311 -349.658203437543 -410.899265741268
300 2134.86766865336 303944.428145915 341.264826547739 4.52179091375024 -345.085672547016 -409.826069470431
400 1856.76773488419 334423.523301991 340.124505487617 4.5369509311122 -338.226918715763 -409.22136626041
500 2084.49498642393 259708.759364471 347.144793970722 4.44520044277624 -353.615188950885 -409.886482258439
600 2468.02161122701 269491.365969137 346.792874564098 4.44971135524557 -350.788538548725 -409.120242624176
700 2487.53782093691 321270.119418033 340.647647015263 4.52998341655058 -338.92707270444 -407.234097702039
800 2008.71081538045 320641.98681243 344.438129089052 4.48013173206836 -339.007957903889 -407.940017539685
900 1853.50830925416 226278.514639961 352.748491194513 4.37458481152002 -360.270789754694 -410.090147752382
1000 1891.88072988626 324476.690850798 341.956831168428 4.51264034291528 -340.33561260963 -409.589543741035
1100 2141.93818538034 375638.661526297 333.771142432825 4.62331219115712 -330.904931189115 -409.159321513508
1200 1906.8848753079 250075.404874282 347.795351108409 4.43688561951227 -358.695864758908 -412.981433946715
1300 1594.18922680365 211711.981464048 353.128242406672 4.36988041893578 -367.280155136723 -413.942604567752
1400 1807.88665442684 386042.269971477 334.357516145955 4.61520413733576 -329.526561729189 -410.089554954348
1500 1933.08482838693 388739.00301151 333.273491938347 4.63021581131806 -328.251968558517 -409.114723059209
1600 1815.79291590712 181919.620351172 355.075975622891 4.34590988353716 -372.108042725632 -412.425252896383
1700 2201.41537401235 238177.929282331 350.676614233874 4.40043085062118 -359.037676224037 -411.16890510298
1800 2451.03282971333 451555.549987972 327.246684532531 4.71548915482662 -313.610981489356 -405.841804133321
1900 2308.72895891681 320079.241278173 339.491321782321 4.54541277745992 -341.267687614186 -409.090505322853
2000 2084.18545205764 101684.902364437 363.861235659293 4.24097991386764 -389.725993699541 -412.81907627953
2100 1772.42885017144 322277.068203585 342.116501774794 4.51053422989201 -340.990852042914 -409.807429477452
2200 2074.16332137044 499741.661555083 324.681847276968 4.75273935025312 -304.107902485914 -405.380793353409
2300 1689.36182570225 234962.912771738 350.120920511592 4.40741498568929 -360.134921252462 -411.480969147763
2400 1816.313976854 169715.281028637 358.889834802439 4.29972666324076 -374.870544001475 -412.887010459332
2500 1702.52865640216 397481.348916277 333.300524350314 4.62984027665142 -326.177008045267 -408.864990307687
2600 1967.62903623221 405988.38914773 331.138287772903 4.66007178524885 -324.985864023783 -408.895658005943
2700 1370.08821625316 189764.453696333 353.949014854032 4.35974710228393 -371.976442555572 -413.898753512031
2800 1843.07009250517 221678.852817613 348.184985711564 4.43192054566203 -365.370377918614 -413.545624653825
2900 2015.15710244721 427348.071921462 328.869780707464 4.69221644064269 -321.77333001147 -409.492670982061
3000 1815.44815405367 332997.764078613 338.751922525938 4.5553341228579 -340.864784038311 -411.271279688739
3100 1965.79572215696 167445.859072232 356.178030853107 4.33246314538284 -375.737396782468 -412.962094784751
3200 1980.92475558868 323506.948653414 342.757479566065 4.50209925052472 -339.962339195783 -409.170960307473
3300 2506.98984357881 425306.87405425 333.444480703844 4.62784145837065 -317.729680003381 -406.244415900952
3400 2166.63777318694 258875.744641451 349.265945539008 4.41820398345642 -353.150336557678 -409.583870396997
3500 2368.66029801632 224058.816217139 352.795437875516 4.37400268313734 -360.922210935377 -410.259427014376
3600 1836.08944376724 362698.814403344 337.573066897957 4.5712420307885 -331.598737216101 -408.01812742585
3700 2289.49585237696 340000.653011369 337.022858433853 4.57870483633379 -337.541316295085 -409.061521433076
3800 1662.45195238996 233665.557796355 350.040136574582 4.40843215000098 -361.690281535733 -412.741038904732
3900 1702.89441440467 258633.758708735 346.340312126538 4.45552578731386 -357.089264749046 -412.99777215609
4000 1626.92741389918 393734.339203754 334.293497637039 4.61608796693252 -329.21334904746 -411.365864324167
4100 1486.23780609748 287379.509909027 340.925056791143 4.52629738157225 -352.68820420595 -413.839316918154
4200 1415.86941378058 252144.087075354 345.76490337307 4.46294050325035 -361.02431829098 -415.439406705834
4300 1611.77504276273 333579.227554591 336.277134774758 4.58885851070345 -344.090038726891 -414.104214357625
4400 1844.47996822573 343794.949636525 334.959303614207 4.606912467323 -341.553836451982 -413.429386315765
4500 1695.60249827959 250835.936475208 345.733716126437 4.46334308714569 -359.823254855156 -413.951149288528
4600 1652.8474816994 273463.200912308 344.514109991629 4.47914366091889 -353.324646652651 -412.127113969932
4700 1946.49016639285 365889.035791994 336.686898790511 4.58327365100793 -332.556809249695 -409.445993907101
4800 1895.15914480208 300245.133933211 344.098720009312 4.48455080514208 -345.794333586626 -410.277844782454
4900 1846.67485629769 241487.462812516 349.533869238886 4.41481735439916 -357.732357783536 -410.415721476325
5000 2023.464045072 345483.849997795 340.586406127413 4.53079795348273 -334.516985214884 -407.959020375062
5100 2163.34116157709 327283.030336827 340.087202821569 4.53744856925928 -338.180605684709 -407.651584892193
5200 1757.68212781612 288319.252430069 348.301778922785 4.43043442568296 -346.86641524746 -409.54497064949
5300 2069.73377466713 262350.665160829 347.705971887206 4.43802613883981 -353.620072814046 -410.555680723038
5400 1945.27674053835 350776.557289305 337.965295505817 4.56593683548658 -336.18369036408 -410.176975648687
5500 1780.79022026999 322477.088972856 339.248253486715 4.54866952447421 -343.455518507391 -411.737501936509
5600 1816.26730542495 231504.502712168 347.662571548373 4.43858015832289 -363.516964050859 -413.752035366622
5700 1464.36954407029 321810.867684704 340.543442892229 4.5313695626037 -343.869581167134 -412.270647367696
5800 1946.67595712072 368579.867480545 334.238635668292 4.61684565215125 -333.259130939964 -410.150554601151
5900 1877.28940104766 270009.479455827 346.20603082084 4.45725393115604 -353.610135582888 -411.95508707007
6000 2113.54960028317 207379.385097711 351.335530853473 4.39217800749475 -366.858195995858 -412.333676600755
6100 1889.42110828646 364821.812782159 336.86718957241 4.58082069026916 -332.378632569858 -409.084600212398
6200 2170.45945958939 369433.213779824 335.275945844026 4.60256159439485 -331.167414304216 -408.47604426866
6300 1842.27451943021 230388.372293904 352.164923937392 4.3818338709407 -360.899106780802 -411.539409896559
6400 2192.24298266249 231405.865195025 348.850062555382 4.42347116283272 -360.562044752108 -410.947224255718
6500 1700.24417606829 457925.418964524 331.723915557432 4.65184486102858 -312.123462671309 -406.934997487972
6600 2051.63322317629 282249.410240214 344.14456905232 4.48395334587285 -349.160723697424 -409.78737853376
6700 2085.09645427219 173470.479689134 356.144807488968 4.33286730402188 -373.792676373666 -412.353103763474
6800 1972.42118852696 347007.675720445 338.91711988965 4.55311372989525 -336.338504190663 -409.742927507804
6900 1906.12139010357 422574.615807791 332.152868817462 4.64583731388502 -320.866763181331 -408.472199242835
7000 1951.05350940409 198408.485667428 350.779875016932 4.39913547432455 -370.008499200329 -413.447972819321
7100 1882.96710544879 236399.487977474 348.176413530912 4.43202966053046 -361.593267019368 -412.966337267584
7200 1696.45373979821 418002.393669578 332.237170139844 4.64465848663649 -322.1776410067 -408.857187476432
7300 2279.73783849744 304029.06914686 340.799344562088 4.52796701780331 -345.081623417149 -409.751719060839
7400 2119.77101515609 227248.832648667 352.258340855775 4.38067183339719 -360.667799097626 -410.631268634367
7500 2371.39359593319 295436.564275702 343.258234151718 4.49553146388344 -344.581933026543 -407.87772681526
7600 1951.18688763357 376828.194927441 336.426591506721 4.58681992096719 -326.912139203536 -406.038892843394
7700 2187.74464219353 271704.442852394 347.098297911497 4.44579590609109 -349.915758168989 -408.778280275048
7800 1985.09685166971 215933.736164695 350.834150388314 4.39845491141082 -363.149871299423 -410.433631152045
7900 2114.97119961341 344033.462539766 338.394826068917 4.56014121076381 -336.136739103013 -408.799859375987
8000 2096.73224331682 340064.359004615 338.881313103016 4.55359481977994 -337.382188296246 -409.310253973791
8100 2212.09172165442 217526.031066239 350.194109230043 4.40649385924547 -364.028168787088 -411.573701182294
8200 1765.09087777298 302727.793200623 344.528776259485 4.47895298796145 -345.63299587658 -410.730964877589
8300 2120.21596734279 374066.442732772 334.717291114727 4.61024342879615 -330.48842812976 -408.636189258722
8400 2352.5694646734 282072.342085483 342.499242179035 4.50549374079923 -350.039649135491 -410.338600845208
8500 1991.96445444075 225623.480650103 350.33382797013 4.40473647893828 -362.555477703227 -411.890577585228
8600 1999.0237336208 325771.572537738 339.496327395983 4.54534575882537 -341.214422092016 -410.244427491906
8700 2027.60150048959 362869.168887416 335.561340853991 4.59864711453028 -333.761803963623 -409.761461221381
8800 1873.01787823526 243833.895397951 346.55625792697 4.45274946439231 -359.794344680198 -412.536450400055
8900 1680.55276079223 251470.388224741 346.648399432184 4.45156589326185 -358.633901697495 -413.04226905446
9000 1759.06515238449 385033.510953448 334.360757898917 4.61515939120055 -330.41959595038 -410.772850750258
9100 1845.61498661927 330709.994824093 338.377371692139 4.56037643459824 -341.630822413608 -411.476297516318
9200 1619.8577487244 218780.116672366 350.784846532362 4.39907312736144 -364.680289594321 -412.58059873707
9300 2060.54220439825 287605.351637657 344.683270724675 4.47694542477152 -348.112759333055 -409.986562425529
9400 2145.49216097788 410426.323626106 335.394054363285 4.60094080914943 -320.971768255891 -406.888986925855
9500 2178.97177613695 281757.742118574 347.149280254318 4.44514299651043 -347.880893996317 -408.930346027691
9600 1860.56544404551 191112.656939071 356.253970928352 4.3315396256354 -367.777106657857 -410.272201879396
9700 2109.23037406956 343262.411731533 338.60562098257 4.557302348934 -335.145127444953 -407.6905567933
9800 2029.65028978741 417679.158562701 331.79957896662 4.65078405666502 -320.708893471139 -407.207334157441
9900 1733.63559063954 195562.191492357 353.093239803277 4.37031361100502 -370.039089029118 -413.137766220467
10000 1970.35120939843 184973.24901164 351.565729344357 4.38930209364814 -373.325212489118 -413.913908677067
10100 1646.20998755078 447689.718994069 326.902372413331 4.72045577544787 -317.908701157711 -409.253712924029
10200 2074.67637767564 346794.059949935 334.898962297695 4.60774253010201 -338.613556037834 -411.103054422212
10300 1923.13918584225 165139.149985953 356.74375990216 4.32559266709902 -377.296309150572 -414.06651597425
10400 1139.15674084158 336041.200448714 342.892237741012 4.50032990548958 -339.380908251501 -411.299276293371
10500 2263.44166758632 432301.737470697 329.683137712679 4.68064033414704 -318.257262794267 -407.212876141475
10600 1884.47690675411 278430.983323799 347.017539439128 4.44683053876822 -350.285700169137 -410.59143723159
10700 2084.41027456206 208214.746743225 354.66497861328 4.35094606154705 -365.157842063943 -411.24919261156
10800 2396.11933441383 365775.54855765 338.232443098585 4.5623305018565 -330.727564274901 -407.945746799972
10900 2276.27203065978 375200.508377315 337.026281360684 4.57865833381306 -328.723503893329 -407.648910740231
11000 2154.6354661326 206448.588025084 353.145437646132 4.36966764218091 -366.063486173639 -411.568071323617
11100 1728.97477070417 249757.366579615 346.420562331801 4.4544936405597 -358.330152045044 -412.332371761174
11200 1894.78821969742 407299.603349825 330.293550001697 4.67199008838711 -326.251237420462 -410.21728729368
11300 1475.88944031574 314767.323210095 340.044784014823 4.53801459221575 -346.060441483679 -412.866430983526
11400 1600.95884787294 201359.211635656 350.863284224424 4.39808968691943 -370.471261742845 -414.567248859949
11500 1952.6176836938 320442.319719887 338.704925481045 4.55596619882186 -343.98049088766 -411.722959973742
11600 1883.2942826817 379977.980124153 333.596123231559 4.62573778411385 -329.879510577045 -408.996375094017
11700 2002.91684868599 250556.978607278 347.282481965426 4.44343804252051 -356.429998981076 -410.739901419724
11800 2003.74675525212 242741.360651013 349.533122085727 4.41482679140105 -357.597794236645 -410.554597465057
11900 1835.2971657113 366911.275666134 337.553328625834 4.57150933201616 -330.879952629822 -408.182373687336
12000 2048.84448535165 327458.015425138 339.983679459709 4.53883020008022 -339.328448201406 -408.815412311048
12100 2128.49222258533 243205.173025836 349.972929136287 4.40927872814184 -357.771207398131 -410.895957876589
12200 1947.25444169288 260029.137024187 346.138800972912 4.45811965468408 -354.602045477519 -410.779485171318
12300 2052.82862265493 375863.782683289 335.319132662536 4.60196881583586 -330.76940968112 -409.433849965084
12400 1808.56329424648 307340.884805973 340.080578969267 4.53753694651752 -346.688049705659 -411.924723721127
12500 1574.83876084625 226944.932472011 347.716647475928 4.4378898826607 -365.286138756916 -414.539470759238
12600 1615.44329740849 317476.572383478 338.462829764011 4.55922499064978 -346.318625672328 -413.386154794551
12700 1384.70095327817 372097.785110599 333.435783419199 4.62796217023319 -334.577248983791 -412.016105743268
12800 1719.84398310159 267367.437297156 343.545527510181 4.49177203106039 -355.532340164167 -412.862407909697
12900 1715.13215575094 276556.092755754 346.604730383971 4.4521267501359 -351.975335685272 -411.803731598988
13000 1718.01943099653 328887.682243067 340.056327001846 4.53786055231298 -340.01704798668 -409.822301789696
13100 1926.00836212069 324551.450993116 339.133028150279 4.55021500053459 -340.781844673138 -409.479716827587
13200 1717.37870402026 295039.489572775 345.238063225556 4.46975103917769 -346.781555204158 -410.356861642095
13300 2186.07472571466 260388.228856364 347.261807921859 4.44370258019665 -354.191277052283 -410.628808818747
13400 1932.56401934506 323310.209183046 340.55878568934 4.53116541610461 -340.838092772846 -409.560940873754
13500 1724.70320696528 353597.928183851 338.694456491325 4.55610702298472 -334.439615391251 -409.188969225044
13600 2143.2007534606 253733.948619502 346.881963435631 4.44856854643718 -356.026523330106 -410.961625853085
13700 2005.16449815324 261272.058897226 347.288602061728 4.44335973799636 -354.758379157226 -411.391845003346
13800 1471.27740085272 352315.937053375 337.881721088554 4.56706621149739 -336.098315804453 -410.39794208066
13900 1819.79063716981 341744.545327163 337.8413198752 4.5676123703168 -338.824862462715 -410.88647880366
14000 1816.44716933141 229635.965714552 347.104276815175 4.44571932684021 -363.175356325295 -412.924947465912
14100 1756.03554484379 286316.4198524 342.719496571086 4.50259821021314 -350.974825262527 -412.220399187654
14200 1934.11326812077 364040.83451993 335.180901516034 4.60386670268652 -334.170303062825 -410.328912993154
14300 2013.98220783274 296412.777725584 342.607652306597 4.50406808335147 -347.348256432089 -410.73283727586
14400 1959.47082317841 238438.240016284 351.595935692571 4.38892499944995 -358.039389248852 -410.364408435824
14500 2247.38661419919 305157.979391141 344.686227088093 4.47690702614507 -342.307343236592 -407.957883350093
14600 2528.98581190557 353978.534643417 338.448618061159 4.55941643581263 -331.928816087443 -406.70431421351
14700 2139.66146144545 268678.437913021 347.479699273505 4.44091610270304 -350.66091868326 -408.931841273431
14800 2073.48798533091 240613.85090054 350.106554780486 4.40759583274198 -357.202561926479 -409.781342336286
14900 2177.46799733939 343134.080535082 339.546916643456 4.54466854572116 -336.008491141333 -408.728393749426
15000 2040.27285943661 334683.08756387 340.105549614649 4.53720379927507 -339.109475712112 -410.155066159006
15100 1579.81184623677 281956.184941878 347.767654040943 4.43723898394658 -350.312630520927 -411.513903276813
15200 2138.87380385563 284683.380636617 345.053374513347 4.47214345908804 -349.523089174356 -410.834037847322
15300 2220.71713857018 323592.653773442 339.715124402178 4.5424182823231 -341.609273455398 -410.221763173151
15400 2043.46510122311 298957.140321824 342.333522105162 4.50767480314734 -346.703645351011 -410.581158724136
15500 1860.08546702263 293137.619952423 345.846615302313 4.4618860604353 -347.33468439343 -410.611516676465
15600 1923.35636590954 329052.437769791 345.181664004142 4.47048135166184 -339.216269378304 -410.109125448778
15700 1776.49043556947 292481.523230776 344.303554616025 4.4818828361707 -346.718171980002 -409.57168912238
15800 2172.2302273284 310379.561155249 341.391026201084 4.52011937465866 -342.037135568987 -408.172668635807
15900 2112.96423947396 316243.148948223 343.609307202267 4.49093828229091 -339.675361550907 -407.498157177707
16000 2363.94730571252 292986.401395026 346.308530806015 4.45593467846307 -343.276094839635 -406.604754455634
16100 2231.89639064004 288748.941831571 348.101512091754 4.43298330591386 -343.436252588802 -406.172126736541
16200 2294.28559641771 323671.747192369 345.890501773061 4.46131993782983 -336.21416021791 -406.090970323496
16300 2416.52442936232 295040.16119355 344.443980178331 4.48005562781846 -344.264194691374 -407.693415775295
16400 1516.52991769715 315408.406594376 344.321780390616 4.48164559940273 -342.130446396808 -409.914478997924
16500 2014.28133216649 303802.217736976 342.943408584786 4.49965840788164 -345.57272747669 -410.601123590562
16600 1987.74253237223 310092.396423314 340.062810114186 4.53777404047203 -344.690628861425 -410.507904125888
16700 1662.95338829843 322447.955032484 341.143288511653 4.52340187783999 -342.317818408659 -410.975020504458
16800 1861.31687135314 273025.203715161 344.125999910505 4.48419530133565 -352.982865011293 -411.625012882797
16900 1846.96273137989 298300.111001727 341.496341686909 4.51872539612998 -347.26892736182 -410.850184877387
17000 1991.10435895718 340092.564403769 338.749642507751 4.55536478339106 -337.452692037281 -409.358773927336
17100 1791.21398315313 305494.676648049 345.178266066191 4.47052535912041 -343.637545683475 -409.454341010223
17200 1925.66266904249 277991.289864309 348.53701575989 4.4274442084774 -348.082517971868 -408.556663346331
17300 2079.07876117099 316954.013828566 343.036878478014 4.49843235139228 -338.604978915081 -406.466987579438
17400 2084.90936709814 337517.260723736 343.283898794494 4.49519536828003 -334.250500999465 -406.567278315623
17500 1989.2024705208 237805.28440765 349.804526948478 4.41140143418843 -357.252233568586 -409.172458973256
17600 2012.33670747901 303464.778310708 341.983074234489 4.5122940523309 -345.348285165728 -410.122558043019
17700 1891.48715540371 374698.510576323 334.581812607973 4.61211020359374 -331.09544422229 -409.34356910125
17800 1638.46272827327 264977.912325262 346.395502164448 4.45481590327791 -354.835383254391 -412.124425380771
17900 1855.91317864994 203544.496459382 352.133030461015 4.38223074343763 -368.412377714251 -413.148235699874
18000 1847.5972354955 418492.676932508 333.480417397256 4.62734275046766 -321.406929669867 -408.512883714972
18100 2191.05383017906 341786.241777185 339.219542302875 4.5490545190593 -335.883725352428 -408.248144941079
18200 1999.08635517984 186188.875863008 358.855474073481 4.30013836587077 -369.299534459742 -411.00211673768
18300 2476.49544263842 254278.396210321 348.569870782731 4.42702689248772 -353.29925620791 -408.620119864237
18400 2675.168320409 418591.409497851 333.713942525219 4.62410464540152 -317.472083893834 -404.659600107383
18500 1798.26360200277 313201.820623589 347.85400679939 4.43613746486483 -340.013385648434 -408.013701619102
18600 2026.90452656769 189477.083293227 357.52013881797 4.31619935304343 -368.982049981074 -411.263205098391
18700 2066.884138741 307391.720058918 339.406881262332 4.54654362376765 -345.583049786307 -410.701259316318
18800 1772.72118710184 413785.154177179 331.129961469941 4.66018896331795 -324.296481318777 -409.815562493368
18900 1489.16620002351 258823.354032492 347.269861807023 4.44359952181406 -357.251327928678 -413.350983857531
19000 1901.89396226792 232737.910632602 348.41380416926 4.42900991120451 -362.55506710069 -413.166907193158
19100 2043.76342996073 376954.913584817 333.269449204183 4.63027197827754 -330.982974236562 -409.39353413756
19200 2179.44483490023 331991.882488589 338.8743743957 4.55368805805371 -339.570678218909 -409.789871599146
19300 1857.80483302947 221695.408873444 351.942721206818 4.38460038774124 -362.602931610239 -411.301739436954
19400 2220.08545784895 300629.447311448 343.714884600988 4.48955882040869 -344.735320803269 -409.229348639973
19500 2228.32804798963 377750.326558578 335.897544707809 4.59404427385278 -328.129510613085 -407.325159284502
19600 1801.02323410303 293342.597323978 346.353357939488 4.4553579646129 -346.27279939401 -409.686657735991
19700 1716.76194150225 252012.711883842 350.70967206127 4.40001606684099 -356.078368896602 -411.242887624753
19800 2139.14129404371 329630.674311301 339.157840849134 4.54988210799626 -341.292489447411 -411.070586790035
19900 1622.88336346474 354735.209503204 335.861220476703 4.59454113123238 -338.037938604538 -412.400407664473
20000 1244.35411527048 254621.504221318 344.238696145111 4.48272727368113 -359.870806342802 -414.577996607828
20100 1556.96330380991 307372.451390173 342.452918255364 4.50610320311367 -347.914691615302 -413.613191730532
20200 1747.22516419046 339164.984418881 337.089738993362 4.57779639473543 -339.927206760567 -411.285784341407
20300 1771.61634988347 317770.265968459 341.171950704382 4.52302186237816 -343.407405682263 -411.074296013203
20400 2190.90553851138 232200.649403088 348.546111416737 4.42732866992479 -360.820369762527 -411.334550577117
20500 2125.88723188766 297000.250455807 342.681890313528 4.50309232989894 -345.748854128118 -409.272821212761
20600 2090.73364003636 329571.317349845 339.260845089018 4.54850070146238 -338.317858893619 -408.104579421107
20700 1892.06250645578 277904.953616905 346.649274305734 4.45155465839842 -349.40517645106 -409.53310274212
20800 1813.88524030978 253591.942682542 347.799940843951 4.43682706823255 -354.704360336076 -409.754014767714
20900 2333.93559572276 336716.956043438 338.124232637904 4.563790592077 -337.287713889975 -408.348650296393
21000 2255.41734592847 310176.817204547 339.56874389942 4.54437641741018 -344.740958046953 -410.480501851814
21100 1813.58335047649 238645.20945191 346.988429891431 4.4472035922032 -361.966669844312 -413.65081733295
21200 1524.88466700295 316470.325126835 340.386504288532 4.53345879588126 -345.638384096667 -412.873315879138
21300 1745.18879874609 358272.977198945 335.764470946825 4.59586503454233 -336.378892910735 -411.461342718074
21400 1775.49616578991 274289.695267574 344.485509989874 4.4795155300189 -353.735884317066 -412.711175465836
21500 2364.35970754679 250502.378353604 345.304690010883 4.46888859753826 -357.947483121471 -411.936320246707
21600 2242.87581562124 354108.318463088 336.283811568957 4.58876740056722 -334.639599184694 -408.964054100268
21700 2103.7969770821 321009.611602262 340.709669636485 4.52915878059035 -341.215169692063 -409.479233432321
21800 2093.79251914165 208136.793008715 351.857291105184 4.38566495814014 -365.619259060379 -411.328610163311
21900 1908.18281634346 321657.010961713 343.358474561336 4.49421903402144 -340.871235010627 -409.804751770967
22000 2151.36171876647 361359.55577735 335.273996913005 4.60258834885582 -332.110489264972 -407.729163354987
22100 2079.6802632866 301209.92764301 345.55391861732 4.4656654395375 -345.12991521271 -410.094212731418
22200 1852.2030963492 220621.071965231 353.861592980788 4.36082418232346 -363.303964515838 -412.031007991226
22300 1977.03186538882 338485.023330335 338.098528655067 4.56413755482634 -338.674531474744 -410.103171427809
22400 1668.4809621362 400506.127833987 332.496523083596 4.64103557401155 -327.048950046229 -410.165195340349
22500 1466.66492690387 231057.709643257 349.723423760084 4.41242446752646 -364.249618582495 -414.684944092888
22600 1526.62896230152 212815.614226191 348.785852401931 4.42428550710784 -368.426440504106 -414.755340854549
22700 1592.3469425134 450046.604191288 327.611109707132 4.71024378033333 -317.873718083603 -409.898702483907
22800 1954.75245720629 333088.553864461 337.502827713311 4.57219337189351 -340.661372118172 -410.827379925797
22900 1840.54900592871 158674.237438756 358.523664606152 4.30411809374226 -377.368042113493 -412.875034685865
23000 2228.11658502639 293653.15233741 342.581446600164 4.50441262123324 -347.026390500953 -409.816053017191
23100 2267.24720246718 444817.508819379 328.564170953764 4.6965808456433 -314.969763929173 -406.190110757976
23200 2387.71638983578 236903.066393216 348.213360679286 4.43155940040849 -359.048581177581 -410.536549515657
23300 2218.81640328567 186816.677183456 355.585252500203 4.33968557755425 -370.047034686336 -411.508918147695
23400 1953.43476994704 365600.087663726 339.048405240728 4.55135068625521 -331.221794278371 -408.589129698818
23500 2219.372056945 372265.070583549 336.553304183496 4.58509297839124 -329.907922030136 -408.105947988572
23600 1651.00861536267 265815.061317351 348.469868598455 4.42829733908581 -353.157563501175 -410.971755313842
23700 1955.83046127209 260629.032877086 346.671505239209 4.45126919445351 -355.346353806597 -411.74005271339
23800 1849.57796162846 357179.056429835 336.434214447351 4.58671599260783 -336.019695805229 -411.022203498368
23900 1868.97164889658 315002.918462224 338.289805300347 4.56155688905869 -345.816970138236 -412.327916938184
24000 1849.31010263572 257551.181843053 344.636093414089 4.47755827481486 -358.3561340814 -413.756667770773
24100 1714.28169965733 282835.066838494 341.602033007122 4.51732730710637 -352.493262877729 -412.796877265865
24200 1963.44596261846 339462.230280761 336.660755728808 4.58362956064045 -339.041457885525 -410.371683355508
24300 2026.79696802618 298519.16795281 342.506428885999 4.50539920341098 -346.123022567378 -409.939171518218
24400 2172.39748698248 243821.990579093 348.46940590092 4.42830321897721 -357.089502274232 -410.120179108324
24500 2117.09790432418 323687.914555847 343.171145696389 4.49667231997226 -339.72732736965 -409.05823597192
24600 2317.78356131574 324805.087653681 340.846900844841 4.52733525826769 -339.493672432818 -408.592680878763
24700 2183.04402501673 277164.045786053 345.473650552075 4.46670300151738 -350.063143445493 -409.827392078206
24800 2310.37966403182 270185.131046028 345.79069442468 4.46260763157189 -352.071974539173 -410.384840872956
24900 2095.25612182083 309693.903727989 341.196447490075 4.52269712424543 -344.374798962308 -410.326621224914
25000 1688.7612657851 329779.2595426 340.118573898825 4.53703005448081 -341.286453108258 -411.293753463144
25100 1881.20871348196 274734.894686832 342.866063718671 4.50067345577919 -354.237977396709 -413.031295053932
25200 1442.00554013807 279716.682036682 341.667074135238 4.51646737038325 -354.112632518683 -413.762727460339
25300 1564.75119798012 358119.897135974 335.493963014881 4.59957066886975 -338.003895525605 -412.993800523356
25400 1592.15641967639 305909.197685485 339.365270971053 4.54710108506579 -348.654396394086 -413.450601908941
25500 1723.17299997333 274747.521622714 345.68169560437 4.46401476123346 -353.188579898858 -412.467435341837
25600 1911.62000075882 302224.934189886 343.554990952579 4.49164830232118 -345.228872940657 -410.035019161907
25700 1775.89739978102 373539.511527038 339.930871443999 4.53953530407826 -329.218828808345 -408.472026987292
25800 2183.41861690201 287414.580668756 346.401010509088 4.45474506439304 -347.146504388988 -409.287411572874
25900 1824.91632688061 248986.839795721 349.170470702535 4.41941206758214 -355.468076707588 -409.731044645396
26000 2211.08231480756 340078.500192735 339.22129413169 4.54903102653414 -336.072495550473 -408.075716757215
26100 1925.88109771105 342992.364694906 339.815372376971 4.54107823631435 -336.190052474273 -408.937392190751
26200 1804.18449883177 218531.286877129 350.417420148316 4.40368572776143 -364.10711191237 -411.902825910906
26300 1708.98451719533 294251.983237967 342.756823039551 4.50210787397821 -348.822084918756 -411.772000204452
26400 2018.14912714491 384881.707722676 332.365751792332 4.64286161719302 -330.268229653642 -410.110555476274
26500 2003.03213981611 268758.829285757 342.489730812199 4.50561886397779 -354.985164970253 -412.436475169523
26600 1750.27246699354 212317.40170149 351.1523845108 4.39446878316345 -367.124521490619 -413.658571815671
26700 1993.60898864671 333399.787407894 338.489113751544 4.55887096268272 -339.334568488886 -409.771376521366
26800 2125.88947394852 381579.96284086 336.126201443377 4.59091908110613 -326.862676792514 -406.915669366431
26900 2223.85818210762 228501.34695749 354.860168971849 4.34855282951898 -358.821031868759 -409.430953179944
27000 2219.97362607112 211274.255451161 354.521347854419 4.35270880358886 -362.815746215514 -409.565423176501
27100 2214.25264984305 426464.733135903 333.95220827268 4.62080547347697 -317.19898855545 -406.089843827109
27200 2073.36456813843 345686.513986782 339.971043114012 4.53899890335254 -334.958728059968 -408.311073916078
27300 1758.13470964702 190691.681526871 356.26386545481 4.3314193256623 -369.843855560687 -412.246521915386
27400 2194.52973304254 296923.974042582 342.201764780889 4.50941038499372 -347.768136764057 -411.186810002072
27500 1930.62389846332 436184.345340251 330.101607783865 4.67470668266628 -319.072140740323 -408.940612589067
27600 1631.73445949943 277175.507777845 345.669988620334 4.46416594632695 -352.475292021469 -412.27597853722
27700 1923.32216944025 205153.966192497 352.292573205513 4.38024616251538 -367.954294725803 -413.06431765603
27800 1619.54641496425 347275.748218579 337.022375666878 4.57871139508966 -336.594143530422 -409.644583151848
27900 2341.05276764492 373352.107196515 334.978934908476 4.60664248122867 -329.199089149669 -407.258585849642
28000 2437.55163612924 238447.546331356 352.815132719154 4.37375851759304 -355.606767010565 -408.115278217323
28100 2305.30662627079 226089.488091218 354.601479899832 4.35172518823673 -357.308857394494 -407.348080330882
28200 2762.23290075061 360060.749049522 339.171035911556 4.54970510002073 -328.462990065738 -404.685664188231
28300 2479.22327736033 346352.416210825 340.107831817833 4.53717335357524 -332.867948319495 -406.391164595812
28400 1761.08772937932 238112.521787404 352.133905580433 4.38221985276463 -357.888788991691 -410.222281752697
28500 2117.43243027881 286109.789087781 345.570872692191 4.46544634923738 -348.526874130489 -410.237434421969
28600 1681.98661630916 383736.997338254 335.944638945112 4.59340025997034 -328.734726805275 -409.196765176628
28700 1549.05951279425 310479.321226462 342.81342066863 4.50136458735008 -345.026245243048 -411.458675225961
28800 2085.3893824074 226381.160603216 348.198957363585 4.4317427127009 -363.427083202535 -412.626209571445
28900 1617.70308639776 338240.644895962 339.601849228894 4.54393341900221 -339.208337024603 -410.902777987282
29000 1974.00793943531 330426.064574442 338.521251163537 4.55843816765478 -340.458511079773 -410.273693612275
29100 1846.99469488176 262780.250675309 347.685806494196 4.43828353945728 -353.690861716623 -410.716391292667
29200 2303.88811673374 271418.262739425 347.233005265764 4.44407118120884 -349.788372675755 -408.61171645531
29300 2300.86435706386 337351.063945342 343.00567689582 4.49884155221959 -334.356931094825 -406.579517083384
29400 1956.23647270623 336703.544801007 345.093038183664 4.47162944807029 -334.682883897366 -407.205511237481
29500 2073.4739801901 266144.969872327 350.300282076307 4.40515829082312 -350.496413614309 -408.686418285746
29600 2334.16484126654 284452.938767213 346.253249591502 4.4566460926696 -347.404889617388 -408.87923679699
29700 2159.4319769318 308939.882899143 342.618880423954 4.50392047851147 -342.882008065948 -408.947536300329
29800 1988.56927209769 314999.504716158 343.997410971999 4.4858715288172 -342.39985297007 -410.032235594469
29900 2430.57757786212 236765.270660787 346.519186316754 4.45322583222143 -359.538569585308 -410.746229251669
30000 2294.75532503018 312352.323932161 340.605428211188 4.53054491811951 -343.402699276172 -409.80543146309
30100 2183.33607910005 294006.518139048 341.664510308988 4.51650126163404 -347.174786331569 -409.871744530387
30200 1792.8918521974 275669.554623013 346.485590588524 4.45365762323632 -351.273854211064 -410.889962948666
30300 2024.72246505183 300970.420232869 343.640027066602 4.49053681271839 -345.686331612823 -410.239446300917
30400 2285.25103846336 338449.295018642 340.046536853438 4.53799120010217 -337.466542712082 -409.299147092171
30500 2098.9254478134 303384.508726132 346.24852233807 4.45670693825934 -344.077021968371 -409.641856957952
30600 2251.26211174529 248818.063871259 349.835409655914 4.41101200528525 -354.588688449575 -408.918139233676
30700 2424.75486248637 346534.228784211 341.86064405094 4.5139100353306 -332.04069646286 -405.981622845107
30800 2670.00181129318 344273.135123725 342.716648033244 4.50263563419433 -332.195835300204 -405.838242911038
30900 2283.99988725206 238286.646108904 353.24310501812 4.36845948284528 -355.810300746115 -408.347031097523
31000 1762.89467755245 280464.093150027 348.823047348197 4.42381374624527 -348.030357290069 -409.092505963665
31100 1988.29513975302 378656.665368429 336.016345643469 4.59242001727933 -328.508540822751 -407.922281412905
31200 2115.53329831593 328284.289133902 340.58470680546 4.53082055956066 -339.855487688649 -409.640937895607
31300 1768.97143298885 213096.737203851 354.218616847317 4.3564288224051 -365.272536682085 -412.38521840412
31400 2033.29503123898 269474.203034519 345.985678250451 4.46009268264881 -353.11553376452 -411.307758471285
31500 1971.09159338751 426430.014199816 330.017562666269 4.67589718377083 -319.593745247264 -407.430131521788
31600 2049.16824198077 316929.364785438 343.218975496105 4.49604567939639 -342.032584680207 -409.925336749839
31700 1461.78050848028 185803.602492889 361.629255411578 4.26715529447377 -370.045515235507 -411.983478014447
31800 2134.8680293598 293900.207837993 347.696783501323 4.43814342004187 -344.57200201035 -408.35283822636
31900 2497.74859867918 410427.999415102 334.655351097037 4.61109672027528 -318.494110648281 -404.222447223132
32000 2455.65076272292 275410.334164218 349.288826021782 4.41791456497921 -346.918786136762 -406.960705547317
32100 2206.86390735834 219848.711219587 355.585500722049 4.33968254817099 -359.700580973465 -408.493591020806
32200 2245.03329829739 315313.680433341 342.451932868144 4.50611616918593 -340.370252361575 -407.7659352493
32300 2295.33643008373 357553.576137889 336.538437641833 4.58529552427655 -332.872586214497 -407.976996924987
32400 1531.3112082942 287407.045759895 345.684667158222 4.46397638793687 -348.587742703893 -410.598519264676
32500 1719.56314621945 246397.627497487 347.490873682433 4.44077329431208 -357.965455890292 -411.405839551131
32600 1961.5276585621 333450.415927148 338.445406043292 4.55945970697777 -339.568981849266 -410.007389486483
32700 2154.17513406889 330363.433337355 339.557510431648 4.54452675749827 -340.265627347366 -410.281249821971
32800 1728.93477012916 276234.224784225 348.406840099755 4.42909843969853 -351.584179496198 -411.653649610432
32900 1489.30827361857 306812.99096489 345.380872479865 4.46790287136147 -344.598818103084 -410.738434123922
33000 2428.47719373081 343353.411942145 338.601083657792 4.55736341773108 -335.432102340539 -407.995791398025
33100 2241.03651755661 322294.606425658 344.021552054473 4.48555674099679 -337.640959312648 -406.84450256855
33200 2208.88788412348 243532.251753841 352.791917105466 4.37404633452757 -353.491859495588 -407.116544399684
33300 2051.33821289981 320740.54127667 347.562197602272 4.43986199451983 -336.71253058001 -406.291186481068
33400 1722.11076027063 358099.642542355 340.59395735526 4.53069750223591 -330.17076469465 -406.296319139497
33500 1977.28698085959 327045.952910855 343.067814244466 4.49802671015506 -338.309033707427 -408.338109918835
33600 2064.23728716001 264454.250035443 348.54111559135 4.4273921291839 -352.6670112187 -410.196989551442
33700 2175.08030957684 296912.414787758 342.414863782819 4.50660399148114 -346.330041485058 -409.785736949932
33800 2111.88247417005 351259.390745766 337.702556614225 4.56948921955873 -335.236600108313 -409.274132358723
33900 2032.35634892259 257685.834281452 345.764684203515 4.46294333217051 -355.307548067933 -410.91856290559
34000 1861.1954175834 237620.204030896 348.096431337107 4.43304800896309 -360.05859826601 -411.685085757712
34100 2024.06912945122 337678.430180631 337.904240938874 4.56676183636674 -338.749888855593 -409.967369346423
34200 1942.81496133451 359290.508226537 336.770909665945 4.58213030750431 -333.910695465684 -409.432082335227
34300 2014.19285887566 236253.093261357 349.879502337986 4.41045611861951 -359.905529088108 -411.497919000264
34400 2030.29972408225 283106.861838032 346.404318720545 4.45470252093193 -349.197531372511 -410.407666211036
34500 2343.81868060864 384121.535549527 335.246833082777 4.60296127983139 -326.87592203887 -407.251291613866
34600 2276.57780507417 307701.528015162 343.241555058586 4.49574991467083 -342.158920292806 -408.079217444729
34700 2019.72231052463 193256.202391142 355.916501166232 4.33564666659104 -366.744761420935 -409.675781432606
34800 2373.28900525834 312225.714344714 344.328573295384 4.48155718561974 -340.971376522074 -408.072744421583
34900 2356.01413358846 388477.565157339 335.181669778615 4.60385615026426 -325.92117806435 -407.192223396102
35000 1688.17751741558 255525.178882839 348.443307245031 4.42863490209317 -355.879934957871 -411.451863777395
35100 1781.56393814497 244974.860043231 349.006743138615 4.42148532142611 -359.242243863337 -412.605826498912
35200 1821.19695799011 347759.475006033 335.308698108967 4.6021120256315 -337.806616527561 -410.586848180772
35300 1680.67250030352 348213.732235057 336.768852423 4.58215829867742 -338.147647816888 -411.340294820966
35400 1434.05669265637 245955.66748416 347.820804547339 4.4365609293394 -359.634631690018 -413.029808905087
35500 1881.21754531501 282459.150542011 343.948922015862 4.48650393442709 -350.480679720914 -411.117894373882
35600 2328.42458011846 332641.376250447 338.678033798009 4.55632795124367 -338.501669986702 -408.817473063557
35700 1932.78361372953 283042.071427084 345.134063939384 4.47109790975933 -348.372120847673 -409.343842987806
35800 2463.2292532115 257864.147752001 348.961835172651 4.42205432322606 -353.647086489908 -409.811152199753
35900 2199.59394088712 300011.944762243 345.014727194213 4.47264441264699 -344.483650799935 -409.0886049215
36000 1820.11623568718 346620.228316071 341.808473920198 4.51459899214316 -334.912273335378 -408.860263004797
36100 2130.31245029717 278745.220226609 345.357899316419 4.46820007569103 -350.016789860771 -410.101845222621
36200 2185.99750943906 266467.911980079 345.50017787945 4.46636005033994 -353.238216842021 -410.700494555046
36300 1973.86109915152 300199.960419154 341.617204391731 4.51712669042458 -346.65398234429 -410.662829832004
36400 1844.6733899329 314163.367199048 339.521120033936 4.54501384689083 -344.482261993107 -411.057385461122
36500 1714.78955015499 288025.043479564 341.843704098716 4.51413372065646 -350.884366648244 -412.337987854302
36600 1722.74396721729 279899.230194244 342.069344584918 4.51115604568021 -353.431422251467 -413.190722317576
36700 1455.87800876371 326641.539309077 337.839846701863 4.56763228769725 -344.20878579392 -413.085421774188
36800 1341.20660032202 320465.202331263 338.367819584277 4.56050517381359 -345.681182883441 -413.361061951362
36900 2029.8474649247 249997.343338289 343.485531575777 4.49255659994427 -360.09468984655 -413.690826332814
37000 1774.24356398945 292814.180370742 340.698433266079 4.5293081540559 -349.377770093383 -411.643901503002
37100 1919.30930714676 337878.315699956 338.060196953936 4.56465506963065 -338.134323630585 -409.426849736162
37200 1815.09704865186 259863.325404678 346.327479976536 4.45569087376684 -353.914402723704 -410.086622591943
37300 2522.19942401513 221186.619789676 348.955916493086 4.42212932617434 -361.78910305752 -409.963807670098
37400 2283.96476251165 340399.95381452 339.628580268594 4.54357578106572 -335.796968596299 -407.954782069109
37500 2115.85360643999 344561.024754683 338.928214657933 4.55296468434632 -334.943444761489 -407.832700696034
37600 2034.98003648828 223703.539116585 350.526111562146 4.40232022940902 -361.388933534298 -410.331064260361
37700 2086.5846278768 260834.866171794 346.670063205235 4.45128771027615 -354.216482496328 -410.654483891246
37800 1636.51817178762 371940.065025007 334.720449826293 4.61019992255311 -332.266250921656 -409.970515010906
37900 1492.39301417594 338080.942369535 338.390330212664 4.56020179683128 -340.753560963578 -412.158504006392
38000 1496.00752139444 233799.128236159 347.719052726158 4.43785918478672 -363.316893358055 -414.05812654833
38100 2026.70095212333 304367.456834448 339.642161785986 4.5433940938065 -347.727120913447 -412.249363635491
38200 1964.22000124159 352349.194412388 335.713557841705 4.59656202682684 -337.232055285414 -411.061874695973
38300 1546.1032521591 274758.56427502 346.173774815338 4.45766925206648 -352.762341775833 -412.127966822715
38400 1759.3885179952 245013.627101151 348.664130398989 4.42583006775105 -358.351084477942 -411.670717632669
38500 1975.92761583372 343724.647657985 340.523143605622 4.53163968688513 -336.527486377657 -409.58198290487
38600 2014.06317202793 309504.163853959 341.255791165476 4.52191063658126 -343.974246046833 -409.897125520469
38700 1973.41625189733 277188.228610578 345.533159697127 4.46593372751469 -350.458814826517 -410.238573462761
38800 2231.5964787707 282480.932346688 345.461127068158 4.46686492619955 -348.818247270899 -409.726755955024
38900 2122.83905836128 292451.290629589 343.60552134396 4.49098776361454 -346.638152210356 -409.35775781217
39000 2168.4278476959 324348.291902675 342.030844895654 4.51166383060246 -339.954661391457 -409.196171499696
39100 2023.08764725092 299083.504746645 344.348559017569 4.48129707953094 -345.307443154484 -409.588110038209
39200 1553.41048316756 295731.020648459 345.844789172045 4.46190962009398 -346.705266560606 -410.541574537786
39300 1606.04577823076 313500.514485623 340.739969955935 4.52875602491155 -344.040307328752 -410.713458437261
39400 2039.61612848694 345649.424012709 337.838848269363 4.56764578665555 -338.046681146678 -410.931162546463
39500 1710.53136269621 252202.147601505 346.853547394499 4.44893299623953 -358.53243122433 -413.131415516069
39600 1716.1578674085 266119.433140959 345.089842553021 4.47167085663794 -355.783463855011 -413.102437939896
39700 1689.98427597996 387374.914046025 335.055190922248 4.60559404442778 -329.74852821976 -410.758314460028
39800 2141.72508041805 317930.0300841 341.178402732036 4.52293632747353 -342.589704585177 -410.291895851021
39900 1787.91962118756 193996.658083461 353.542034269909 4.36476583343985 -367.771552935098 -410.579553889044
40000 2139.76638839416 302664.620338832 344.863858377405 4.47460107628148 -343.110449647952 -408.258133916434
