# step temp[K] press[bars] vol[A^3] density[gcc] enthalpy[eV] etotal[eV]
0 2328.40739925824 989525.350598419 293.311536807999 5.26105522019153 -213.235882092862 -394.388958108205
100 1906.8240663945 1002973.73295381 291.891566854591 5.28664876650872 -211.120495372911 -393.84666469688
200 2070.53911507937 1028359.9458976 290.601643590242 5.31011515558385 -207.289167808134 -393.812369515446
300 1902.13184467495 982162.864495341 292.206811232291 5.2809453186887 -217.09916316031 -396.227167312759
400 1773.1259047825 995479.213946437 290.983505743578 5.30314660936817 -216.302027814206 -397.098607697256
500 1901.59697614404 1034000.398732 289.071177731915 5.33822916547294 -209.806828411561 -396.36537114186
600 1778.94164136741 940481.500937027 292.382531584033 5.27777149854321 -226.877276468077 -398.506533389471
700 1741.96043633269 1008463.7037319 290.39119082258 5.3139635107214 -214.060906165882 -396.842875460811
800 1737.29462715483 1044919.96271457 289.36469468439 5.33281433503562 -206.852906803144 -395.573029698796
900 1976.49632177197 934171.575117629 293.369400339454 5.26001754129976 -226.491923223379 -397.545084224319
1000 2262.22050071442 1020822.77730425 290.285679233726 5.31589500363764 -209.998502870055 -394.953302348777
1100 1454.38036874588 1045994.63264554 290.356053684007 5.31460657453865 -204.69328395919 -394.254717240487
1200 1991.1471187666 948965.48157329 294.468859736213 5.24037819567226 -221.762578848194 -396.175811902051
1300 2483.72962044207 1043288.83458414 289.309368806964 5.3338341521036 -203.993807757918 -392.383310547961
1400 2102.71537785382 1010597.05938698 291.703280670938 5.29006114815307 -209.623345665617 -393.619601795691
1500 2211.66040870184 928357.141707938 295.487291165202 5.22231662072865 -224.827405151225 -396.043083971347
1600 1945.17131383685 1091603.20857899 287.80499552423 5.36171441032616 -195.866597101816 -391.955390414732
1700 1996.34840554326 977064.355740926 292.145973980685 5.28204503673271 -218.046360922425 -396.207392400382
1800 1838.1793731333 925671.950661575 294.443455167895 5.24083033527172 -228.773676772257 -398.891043682082
1900 1740.90629524918 1107220.86467788 285.942088696197 5.39664586945659 -196.312281289156 -393.919128408685
2000 1874.41630774859 952398.642295292 292.748871447751 5.27116700479419 -224.311262713956 -398.333056005967
2100 1590.33692445127 937034.477084351 293.513577612926 5.25743375967818 -226.615114845939 -398.276814861939
2200 2118.51889723141 1110388.26120991 286.016730185178 5.39523751238972 -193.796863192655 -392.020729107094
2300 1893.7524646471 925019.729183671 295.367817167772 5.2244290074081 -226.135815536116 -396.667001236384
2400 2155.65865363978 964275.975445832 294.371190433753 5.24211689870989 -217.994430054222 -395.162842397467
2500 2401.4029505392 1105811.1754955 286.661943171883 5.38309401935806 -191.982981497469 -389.835078534671
2600 2126.44406770174 910606.108114597 296.565839479689 5.20332414068144 -227.744951764115 -396.29983001151
2700 2056.57530080593 963942.312442574 293.141769546838 5.26410205632452 -218.665293443208 -395.03272562717
2800 2226.80326200593 1121710.49258042 286.136491446171 5.3929793577427 -190.514452335512 -390.843382865525
2900 1625.30827453468 902776.967167074 295.928279377949 5.21453439701616 -231.163979313654 -397.91042363848
3000 2294.73941162177 1008682.32129608 290.434490955011 5.31317126554765 -212.405135802342 -395.253989546573
3100 1691.48538197948 1092990.70862944 286.569019415115 5.38483955807795 -197.81224829516 -393.307111440245
3200 1680.18751290863 903293.883664754 295.479598553219 5.22245258021828 -233.053582752236 -399.642541035446
3300 1901.60461327132 1022354.16535562 288.737609242155 5.34439623544833 -212.831373923698 -397.075804860951
3400 1608.59581098916 1069374.53531676 286.166251128874 5.3924185181822 -205.650612662888 -396.652603906849
3500 1419.73156052173 895433.211024448 294.172369439977 5.24565986534973 -237.698093918046 -402.106765098973
3600 1725.55326412795 1036753.20907799 287.592695376035 5.36567241337072 -211.236314739163 -397.33481876696
3700 1902.50261542634 1067404.79367457 286.961471193324 5.37747519013285 -204.243613278998 -395.423580000305
3800 1816.04273463362 891698.302430981 295.782577929136 5.21710305816533 -235.187104294166 -399.806185043428
3900 1537.57983351652 1063244.93121146 288.36930339572 5.35122210892376 -202.786166894067 -394.155345104133
4000 2094.9526549413 1044263.27822748 289.219282454978 5.33549554084913 -205.626853676582 -394.133598110192
4100 2052.4726834276 900914.126763292 295.842607058165 5.21604446097491 -231.213737420284 -397.567933725862
4200 1808.04809695462 1099751.127257 288.178982283494 5.35475619921538 -194.017512743272 -391.826655879529
4300 1797.14606744376 1003404.08828872 291.674139989815 5.29058966941672 -211.452162969533 -394.120567177107
4400 1967.92402378324 920129.627188359 295.761057714222 5.21748266587944 -226.060803774085 -395.916317053316
4500 1854.02822616907 1115365.70875438 287.639327300894 5.36480253359751 -190.233676382881 -390.475686024512
4600 2077.83831974442 956252.796380324 293.77717023558 5.25271650832733 -219.934933656987 -395.274692135827
4700 1897.58087677921 957596.826540736 294.106825605007 5.24682889862129 -220.424751188533 -396.20798285079
4800 2039.65575575478 1077944.95913533 287.497102258068 5.36745650563446 -199.992480394838 -393.420640241832
4900 1585.89829889593 966502.862340008 293.017556764802 5.26633355660922 -221.338547540524 -398.099539434398
5000 1926.79464270672 964682.464951078 292.10097528227 5.28285874559279 -221.846385458952 -397.722569418655
5100 1841.04299306454 1073407.75261366 287.312299157637 5.37090892520222 -202.203745625659 -394.693929657856
5200 1920.13852307436 949893.055752949 293.09382554289 5.26496315303751 -223.842484698648 -397.610973730448
5300 1997.20291923354 1004061.0572296 291.507397116487 5.29361589836255 -212.187890272262 -394.871399448079
5400 2358.18404951052 1039422.61200372 289.989149959234 5.32133078800724 -204.166241168088 -392.298622153183
5500 1878.23738505075 943838.458061684 294.967721802478 5.23151544323708 -221.02307020118 -394.787870598651
5600 1982.36832536823 1034610.25687355 291.523517767972 5.29332317228115 -204.470618458122 -392.722800163822
5700 2408.45320147146 1020347.22889699 290.525336244074 5.31150987316892 -207.74610371706 -392.767368079012
5800 2010.30300635712 966653.412165409 292.913412289593 5.26820598553025 -218.468324462864 -395.19401570771
5900 2005.15019487045 998257.865329267 290.583203213085 5.31045213489006 -213.349319933338 -394.401137969637
6000 2041.16428720133 1022657.8117285 289.930781945424 5.32240206269853 -209.676106959823 -394.736853398834
6100 2025.58676827826 974170.681885036 292.178375252513 5.28145928162029 -218.884549493539 -396.53764018099
6200 2050.67418523573 1002204.82657735 290.46673645184 5.31258143605705 -213.74914590268 -395.443962442683
6300 1764.14660831252 1007335.41574629 290.055062682272 5.32012155759705 -212.867229895592 -395.233365684229
6400 2003.34833913677 1002915.07373744 291.388837960542 5.29576974419 -212.773385579181 -395.174174699146
6500 2208.99875012745 1010456.07330907 291.351745373306 5.29644395947903 -209.243636657779 -392.992518620319
6600 2497.35361067103 990461.695287305 292.617275695882 5.27353755240992 -211.319107160582 -392.214409866679
6700 2354.60542766843 993496.357670716 293.201841529338 5.26302353292592 -210.354685867385 -392.166715704138
6800 2113.25595911046 985285.012350005 292.752999902956 5.2710926698536 -212.670586029972 -392.703898917088
6900 2298.90125823468 999577.36928291 291.206142189668 5.2990921835057 -211.763966307275 -393.443743490983
7000 1948.72726477526 981658.839838754 292.001464813672 5.28465907816867 -216.400066280815 -395.310329401142
7100 2076.69158391934 993480.8885339 291.353726923096 5.29640793739851 -215.102544237712 -395.76576049461
7200 1926.35933619184 1026988.60791805 289.675666070999 5.32708947491608 -209.108600423636 -394.789521998748
7300 2198.78330700215 959509.165105744 291.973107025399 5.28517234887623 -221.448776275768 -396.305211977622
7400 1972.32352004697 1000801.52710612 290.894765471453 5.30476438572269 -213.950875478348 -395.658649566288
7500 2015.78683336679 1042186.87534953 289.43136693935 5.33158588920143 -205.554724942142 -393.824601537301
7600 1765.63002917715 953730.195182498 293.776782051964 5.25272344903407 -220.977629168999 -395.85460913126
7700 2271.74839128251 1035499.18651585 291.125195798116 5.30056557844694 -203.912345866849 -392.068833883755
7800 2300.58473925643 1019019.99931794 291.975940108716 5.28512106611095 -204.80052369064 -390.503735721548
7900 2817.63457477833 937664.564160167 295.731613363318 5.21800214159156 -220.187185985418 -393.262408567136
8000 2436.03125445316 1029942.68981054 290.953006716233 5.30370250949542 -204.307075617129 -391.343224472002
8100 2343.58103276947 995898.222011956 292.538856428947 5.27495120034054 -211.248891059176 -393.088361920844
8200 2151.56604728217 937443.644255163 294.934467083024 5.23210531182756 -223.434069555111 -396.002099131606
8300 2408.94292283028 1056649.06490788 288.083316929896 5.35653438148117 -202.491015932505 -392.484420185741
8400 2141.30183006417 982881.412290645 292.177273286842 5.28147920098895 -215.686254335966 -394.927187533651
8500 1778.67593492703 939183.370900701 293.867274184341 5.25110594961359 -225.161988530573 -397.424693148853
8600 2066.12035095744 1080674.73707673 287.517802913278 5.36707006046357 -199.166362968245 -393.098321193937
8700 1981.10603324583 950840.786160396 293.237049507235 5.26239161954209 -223.053002910835 -397.079863674811
8800 2033.35547134941 985588.299555574 291.821497906705 5.28791813809227 -216.869476491702 -396.385187710554
8900 1800.79017331225 1069143.59207921 287.79241397998 5.36194881069196 -201.371413292829 -393.417305400037
9000 2112.22630036527 952946.943517341 293.603923430115 5.25581597765475 -221.898574297442 -396.529123077447
9100 2097.4196231326 1006325.38379855 291.687729924553 5.29034317715476 -211.265435633948 -394.474193698776
9200 2106.87398926668 1028391.47190363 289.471670170674 5.3308435708278 -206.005969753533 -391.809591864593
9300 2576.2279195652 942950.323693153 294.138570492042 5.24626263493679 -221.072449687395 -394.185749162274
9400 2239.12743578044 994907.228189871 291.954552367121 5.28550823871279 -211.707823342041 -393.003513581528
9500 2264.48194736886 1048941.02164631 289.755991675193 5.32561270931686 -202.707830106247 -392.410366584542
9600 1769.39069426005 959789.76540645 293.375880891691 5.25990134968122 -220.914025487693 -396.661933347374
9700 1807.57937859865 1020732.8733578 289.908858851598 5.32280454615579 -211.125355973683 -395.823797442193
9800 1866.74048057018 1021497.75437422 289.532433557524 5.32972480114058 -211.338383364058 -395.935230651178
9900 1639.09645084344 955752.549596938 292.570453295247 5.27438151900074 -223.456095388444 -397.984280437759
10000 2051.23037191312 1024584.45876546 289.307923039646 5.33386080703588 -210.267823682128 -395.278901889888
10100 1917.77044837959 1002728.76685957 290.698430758816 5.30834716870697 -213.48523125234 -395.420042431259
10200 1776.03667050745 965191.354168813 293.430871241436 5.25891561899235 -219.667172452669 -396.437297322467
10300 1888.83608742229 1058867.86141677 289.535215910371 5.3296735839685 -201.813644194246 -393.16555509536
10400 1700.95452357572 1000951.38935617 292.664385780179 5.27268867290592 -211.91690209555 -394.757446543519
10500 1663.08005731792 966589.671348364 294.171128939479 5.24568198595586 -218.277794576151 -395.750610362544
10600 2078.58387085888 1081162.39196187 288.36582941168 5.35128657585536 -197.681733540887 -392.273459163376
10700 2271.2885570945 947287.964903276 293.404109065646 5.25939529879202 -221.970449937028 -395.445832562509
10800 2126.44063899411 960425.012691161 293.27522189658 5.26170667227484 -220.10874693313 -395.912635401115
10900 1938.25351408753 1104002.63235867 287.410471813056 5.36907434907186 -194.196330281734 -392.240626555622
11000 2024.02443456987 933011.633610524 294.549031051328 5.2389518524582 -225.472324227105 -397.000038333258
11100 2206.8205274741 969831.579203205 291.774520817121 5.28876951813529 -219.369888239908 -395.987223655405
11200 2035.04852524689 1081120.91648878 286.934491918516 5.37798081209539 -199.524384253137 -393.142803244545
11300 1576.18772184713 920705.947502782 295.382851980832 5.22416308705103 -229.348632028534 -399.093194259403
11400 1676.14354676765 1013292.76152685 290.257259794888 5.31641548933723 -213.482071450662 -397.054593161459
11500 1639.59380776159 1083339.25366051 285.876507332159 5.39788388443253 -201.336208190011 -394.636535646002
11600 1705.65777778984 907329.851757081 294.829462872332 5.23396873851217 -233.500048243074 -400.46515654517
11700 1640.80893388427 1007743.23451886 290.052425068865 5.3201699365201 -214.66561734556 -397.103924872188
11800 1959.85250268606 1089158.639487 285.988665829265 5.39576695248254 -198.515101496824 -392.930027806943
11900 2015.13243104457 891172.639421917 296.692168660546 5.2011086063807 -232.988636988376 -398.016611772072
12000 2091.34425389581 1007370.38390575 290.663280715707 5.30898910955122 -210.864857251094 -393.619741423898
12100 1874.04288385767 1130485.61505678 286.096504898719 5.39373311258173 -188.373655188701 -390.241541346078
12200 2071.47242949545 850338.992897396 298.960962793059 5.16163775179664 -239.744050232818 -398.414561263959
12300 1966.06491350089 1043541.85925761 289.265405230569 5.33464480702806 -204.822209256416 -393.228766706992
12400 1997.56881746515 1116880.0516953 285.96971688297 5.39612448718697 -192.281661904663 -391.631653728625
12500 1875.72710730521 834196.515555488 299.282736350004 5.15608822174584 -245.056739462891 -400.882652418851
12600 1960.61975922735 1070431.2193038 286.825785974622 5.38001904752963 -203.096065117078 -394.727433951028
12700 1436.90421772171 1092753.56160001 285.785878669848 5.39959566598743 -200.250842447768 -395.169153115453
12800 1421.85950127216 832800.773952003 298.646672795436 5.16706975979979 -248.325779295245 -403.560349420465
12900 1828.87525637684 1089662.38333293 285.648698247242 5.40218877710577 -201.244377402265 -395.51800538772
13000 1793.69625027627 1095550.02933521 286.720186126498 5.38200052362308 -198.188811473335 -394.244806753432
13100 1808.02234034144 820418.805629986 300.528157502697 5.13472083510935 -246.601890019576 -400.491896542916
13200 2527.05702395087 1108684.30813506 285.820894717411 5.3989341590712 -192.795034480494 -390.579199277767
13300 1819.57579907256 1078348.9490202 287.944346959321 5.35911959432954 -197.98083519716 -391.782506810676
13400 2010.34602583344 822873.290109 301.102392941765 5.12492835672871 -244.887883361981 -399.533215346118
13500 2239.43786566014 1129715.66426038 285.222017826005 5.41027022958473 -189.170494136617 -390.284279871204
13600 1899.62707941417 1069504.41513643 288.366928192974 5.3512661855366 -200.767782438317 -393.261994456604
13700 1758.90880294884 822656.888599635 300.324525573656 5.13820237930472 -247.008452200384 -401.213709722627
13800 2006.92183122654 1127314.05860294 284.4610572297 5.42474322107317 -192.162958396531 -392.313783814391
13900 1983.29754652638 1025474.37457147 288.80604506267 5.3431298210232 -210.980691706017 -395.831236220371
14000 1852.18910523497 827255.231431566 298.70773262799 5.16601354203284 -247.619976046399 -401.852380831743
14100 2009.41497153007 1148687.96349995 283.875525001681 5.43593249843213 -188.679627809047 -392.205518184833
14200 1892.49924044768 995951.747224813 290.679812497623 5.30868717234617 -214.465751774311 -395.159368950689
14300 2022.59226293822 876602.604252389 298.497704969702 5.16964843003651 -234.581398543886 -397.899151325681
14400 2293.96549646316 1115215.49118182 286.508558896525 5.38597589478447 -190.16693683696 -389.594892020164
14500 2588.20146180478 982783.97074341 292.181133079134 5.28140943121123 -214.119554994078 -393.345086103678
14600 2185.79868856181 889164.265250324 296.963605008282 5.19635458972518 -232.195051522942 -397.00175393886
14700 2170.38787083921 1090678.16777205 286.827083954618 5.37999470130329 -196.276356904806 -391.533270481446
14800 2111.64903095713 979644.71367026 291.693947397043 5.29023041319974 -217.570095958308 -395.925248200975
14900 1871.26246998791 936574.50130866 293.885804908539 5.25077484550968 -226.486829848789 -398.28185441313
15000 1612.37740281567 1088273.00690993 286.708142233411 5.38222660802515 -199.428464366085 -394.174007103677
15100 1980.18338979556 972039.428347945 291.53360566931 5.2931400080734 -220.374053310036 -397.247300045968
15200 2003.47582395479 941522.464653197 293.007045975183 5.26652247126105 -225.335545332763 -397.521765819274
15300 2141.17923583952 1069583.83690776 287.696787499529 5.36373104919931 -199.404688101216 -391.465821091109
15400 2326.21033287814 978837.637741469 293.872019032578 5.25102116542457 -213.914316478207 -393.453208047372
15500 2070.34446464737 954856.592021247 295.268750626433 5.22618187191252 -218.13968839845 -394.112381140809
15600 2402.82133676863 1066495.98703599 288.456563810855 5.349603321483 -198.36801780031 -390.380425758152
15700 2292.09129856689 944609.390519621 294.116178183524 5.24666205509862 -221.81754802307 -395.222228353794
15800 2092.05069461416 972849.229572422 292.797723235915 5.27028753779886 -218.152566621181 -395.940743810535
15900 1912.44578850383 1082831.97381273 287.142140455263 5.37409169347104 -199.107659969266 -393.172852358483
16000 1934.65945782442 932515.139426586 293.937493482837 5.2498515027183 -226.828517508078 -397.909021258975
16100 2053.76386671215 970041.249072692 292.116185463746 5.28258367271346 -220.183841839273 -397.046222121097
16200 1989.1453486407 1069050.47987427 287.239978138831 5.3722612077358 -201.940486828202 -393.601041372843
16300 2005.86319551296 933300.403554158 294.491299947055 5.2399788793202 -225.720565369279 -397.267738282985
16400 2313.63909044912 986091.37373256 292.741060857509 5.27130764418878 -214.427348157313 -394.60065293922
16500 2176.07761312246 1076947.3990684 288.320760352175 5.35212306592574 -195.676081982698 -389.47888270952
16600 2294.05340906354 942395.480678014 296.184687119371 5.21002016300794 -219.692476814802 -393.907434147734
16700 2362.00764638557 981983.485752973 293.157932243714 5.26381183021599 -213.151280471265 -392.829517033102
16800 1969.58757137281 1091428.34015232 288.259805484411 5.35325481564433 -194.058599133928 -390.425804015838
16900 2021.9964077439 926645.997252602 296.173534675008 5.21021634684342 -225.391391114228 -396.688386419521
17000 1924.87978713104 1009565.30104705 290.760597442912 5.3072122063207 -211.020122403384 -394.234524867828
17100 1995.10951684239 1055787.72739738 288.217873741875 5.3540336407038 -203.25201741014 -393.179215763904
17200 1964.42186303766 907593.124718585 296.030401474098 5.21273553047944 -230.886843042876 -398.580700171335
17300 1811.61176356777 1034749.38129168 289.489667747286 5.33051215220992 -207.657676529368 -394.621631244617
17400 2067.70020309014 1051785.08693177 288.426410627371 5.35016258916644 -204.560812953266 -393.904869226172
17500 1757.48896672744 895917.636385442 296.669127314254 5.20151255992177 -232.644617220722 -398.538389431161
17600 2005.90546752763 1078772.65949639 288.600496900215 5.34693532561611 -197.832549420707 -392.15216749838
17700 2404.43443760377 1050061.46048553 290.250832376984 5.31653321793707 -200.892111846765 -391.12159839392
17800 2906.23802937752 847744.372312355 299.057735917674 5.15996747962715 -237.013269799622 -395.250837646037
17900 2261.92143449568 1088512.78576334 288.519141392691 5.34844303368364 -192.933747571008 -388.952584661307
18000 2140.46364750469 1030770.5619824 291.281597134944 5.29771948191847 -204.893540022013 -392.291430063415
18100 1994.3252602231 841088.916342864 299.205994304567 5.15741068441077 -241.573054773351 -398.646164704072
18200 2289.18436662839 1142334.99760679 284.363827232857 5.42659805532333 -187.328385065187 -390.076803795272
18300 2026.86233626294 992292.734874987 291.562025870439 5.29262405575354 -214.928342677099 -395.504502692346
18400 2083.96016216664 829494.361752995 299.39807818756 5.15410186066532 -245.199489598084 -400.206767370704
18500 1737.64777238574 1186599.72075025 282.877061060402 5.45511957060605 -180.227550076037 -389.731210665818
18600 1843.15599298276 968563.301772659 292.967984017922 5.26722466633665 -219.428836481406 -396.536688153227
18700 1720.71307618897 879650.768930284 298.96870025242 5.16150416603228 -235.446031835449 -399.590273785776
18800 1949.53874824223 1185494.33953356 283.105110111702 5.45072531985476 -179.22018169658 -388.697418149896
18900 2106.0927639611 956659.608235233 295.006414932617 5.23082927609756 -219.241838418623 -395.390172473154
19000 1971.53059763491 884865.956113443 299.084024803814 5.15951392883103 -231.171354629878 -396.352451448039
19100 2657.55753357783 1191051.52671361 284.070911111292 5.43219362316742 -174.768154427549 -385.945320222973
19200 2503.72099409273 930880.690511959 295.824619636321 5.21636161913502 -222.432535073534 -394.309619900016
19300 2017.8470088059 914886.250983622 296.285524152241 5.2082469985041 -227.109107327165 -396.296180294695
19400 2216.33118131029 1160849.48983791 283.459184114085 5.44391672010547 -184.477014984702 -389.856041121152
19500 1607.36763760489 934311.085905281 294.957787507792 5.23169164274178 -226.121226636596 -398.126202831556
19600 1746.93628481181 929947.028734903 294.469479062054 5.24036717415095 -226.949580239143 -397.8677138573
19700 1615.53141273587 1151311.71925217 284.589309729549 5.42229851617613 -187.053643459243 -391.55733419838
19800 1971.08939435323 934129.30320541 294.903660722908 5.23265187038844 -225.862341436404 -397.802293809825
19900 1841.49880923601 949648.191895741 293.823201281698 5.25189360518428 -222.302240050271 -396.4582533448
20000 2162.74561836984 1110623.2881445 286.286095731102 5.39016115304295 -192.308600319963 -390.761145960799
20100 1999.73294302985 934300.908028495 295.941618457272 5.21429936049674 -223.043361307752 -395.620179684536
20200 2595.23139784673 971804.873981111 293.94231676714 5.24976535817598 -214.752825382384 -393.044403185208
20300 2426.01185462062 1093235.89890136 288.494656632233 5.34889696010303 -191.899348488807 -388.752014391459
20400 2292.00876483967 929161.482438546 296.649608157451 5.20185481265522 -222.268004322954 -394.306097304839
20500 2334.7204259634 980721.211472033 292.594541935299 5.27394729122237 -215.129904085429 -394.232314860329
20600 2121.28742507908 1069089.54745252 287.496332452654 5.36747087763372 -201.177077394486 -393.015694398335
20700 1964.01126586219 939747.732445176 293.914294764829 5.25026587461775 -225.548901640449 -397.942699726035
20800 1908.83486020746 991267.746475644 291.158234817611 5.29996409970261 -216.402670259836 -396.542478386769
20900 1941.40138138074 1072057.55677597 287.317246463793 5.37081644369922 -201.740428634982 -393.991797484526
21000 1823.11770292855 940525.744079711 294.300411186029 5.24337762780324 -225.07636013569 -397.839543975738
21100 1997.21990814689 1005337.67674577 291.025317838672 5.30238469740816 -212.212565788725 -394.825852720678
21200 2148.92705095345 1064881.67673554 288.386331680563 5.35090613647875 -200.181967820786 -391.857055070916
21300 2075.51250761211 927653.827138028 296.60701767047 5.20260175900671 -224.251039994238 -395.985324636416
21400 2581.30399714234 1007189.87293572 291.517823910142 5.29342656022904 -209.251465265361 -392.510800315247
21500 2293.82617057758 1081599.39816205 288.316328846765 5.3522053296061 -196.036680618337 -390.673643375531
21600 1846.70823141074 900557.506840404 297.317083484657 5.19017667528598 -230.7755826911 -397.892708328633
21700 1776.55760006392 1049856.14002249 288.733939003223 5.34446417069418 -205.869249442912 -395.067567290798
21800 1983.88145409272 1078143.53794806 285.94528842748 5.39658548092316 -201.674663886043 -394.094203758698
21900 1784.06569777797 852085.008799994 298.008437164602 5.1781359163794 -243.171125497508 -401.660856063318
22000 1682.40503609534 1057251.61739402 287.568774463803 5.36611874757062 -204.926009031092 -394.688218072275
22100 2165.17029727099 1100039.34724326 285.761179011829 5.40006237796998 -196.199760576727 -392.400703998151
22200 1982.00042131625 807553.594743452 301.75596328212 5.11382832366235 -248.942114821932 -401.037787729224
22300 1971.64377458984 1106544.51882775 287.265199023276 5.3717895419037 -192.770143475634 -391.170089692027
22400 2334.3808588792 1095262.22315044 286.484000936311 5.38643759100942 -194.315537892466 -390.158570019411
22500 2013.82717059509 771385.327453041 303.876436249645 5.07814363927313 -254.05038718299 -400.355007355422
22600 1847.39044838709 1147648.60181991 285.812704754563 5.39908886552561 -185.006021217677 -389.735369697037
22700 2013.53455484448 1103109.09135225 287.226725859582 5.37250907709931 -194.151592697537 -391.909088563345
22800 1745.80677536679 764215.104417632 303.506197806556 5.08433832000247 -258.0646132653 -402.832696337381
22900 1700.33236092339 1166549.27792501 282.863205005657 5.45538678965071 -186.271661434521 -392.225167525081
23000 1574.18477665979 1079729.36068681 286.926777362421 5.37812540903763 -202.650075788212 -396.014081492611
23100 1491.32966586995 808471.781721171 300.793702350382 5.13018783241877 -251.836389013746 -403.619429440141
23200 1609.66110883502 1150653.32630086 283.967075925149 5.43417995497786 -189.024429972695 -392.964295819685
23300 1890.47876866533 1010813.76765973 289.353127487353 5.33302751992397 -213.11408931763 -395.667088303458
23400 1760.60703098964 886223.50905633 297.553049186438 5.18606075819187 -234.826251482057 -399.41392792121
23500 1959.31990704994 1092538.03563065 286.893936158516 5.37874105158327 -196.253808343815 -391.889268884505
23600 1965.82813711995 1010635.33925871 291.452651172776 5.2946102416867 -210.271613829283 -394.116745121528
23700 2006.50827758464 922309.956691587 296.299363243325 5.20800373978153 -226.004203261696 -396.572085689566
23800 2022.01063917243 1071309.85613046 288.196689873146 5.35442718840855 -198.900236558532 -391.605568564884
23900 1966.94110661352 995000.383788457 291.788439569142 5.28851723579152 -213.225763294438 -394.435267588335
24000 1898.18888626283 918425.101386155 295.508343355729 5.22194457977968 -228.514552724794 -397.910546366531
24100 1992.45743841606 1084694.62261563 287.315356133796 5.37085177983846 -200.241947303054 -394.758232988947
24200 1418.73866002416 1005334.71953606 290.366423799492 5.31441676924638 -215.468180668551 -397.667487195111
24300 1684.25285556868 935271.501513907 293.79737867385 5.25235520763164 -228.302020982729 -399.806418590072
24400 1575.13362420617 1070101.34051722 287.656923383635 5.36447436659858 -203.245141599257 -395.372575325745
24500 1804.58491757633 1002129.90860263 291.139054416505 5.30031326425384 -214.508261295548 -396.610017246324
24600 1924.36516519617 921729.373579593 294.598142985438 5.23807847608327 -228.414795163798 -397.896598068583
24700 2132.57127258291 1075158.04713004 288.168760424039 5.35494614196006 -199.717265042167 -393.096060512825
24800 2056.28174100224 997815.905044094 292.549580623235 5.27475783277045 -213.309617227488 -395.505913677875
24900 1839.01828755225 937247.577393288 295.178405061802 5.22778145489009 -224.316169595373 -396.990806280525
25000 2231.11562187262 1085515.69274411 287.099144072183 5.37489652521619 -197.173018958406 -391.690056415738
25100 2420.20759872187 938850.884252908 293.811552648918 5.25210182497501 -223.872289765696 -396.041358534434
25200 1920.9306322235 950788.193609096 294.579619005453 5.23840786092386 -222.005990957074 -396.819954230315
25300 1891.06832889266 1102394.42396211 286.332415316844 5.38928919437415 -195.170767339836 -392.18480296256
25400 2061.675981918 926810.391334293 293.750451890867 5.25319427402759 -228.279421838922 -398.205126823111
25500 1834.48687980697 936153.726606351 292.795367079752 5.27032994837586 -227.964832000851 -399.045530054271
25600 1645.28916085711 1128966.5789677 284.673080153057 5.42070290255911 -193.579022071487 -394.172647945163
25700 1588.52222029564 912055.86335023 295.121202225495 5.22879474680052 -232.851344598934 -400.852200240452
25800 2030.45097924571 971698.116826367 291.763956017657 5.28896102496202 -220.405442750924 -397.356288441251
25900 2013.62889268501 1110178.02210693 285.553312243533 5.40399331999367 -193.689717510333 -391.554941093758
26000 2028.64231924377 892091.195606126 297.032646362283 5.19514676505965 -232.903463073539 -398.291114575967
26100 2181.92253850726 988999.565272324 291.555045564253 5.29275076985778 -214.282306653227 -394.254871046725
26200 1974.59126667397 1094171.26104032 287.272360648395 5.37165562458973 -195.161578671934 -391.347929621835
26300 2270.15607291848 891468.107586237 296.662175192555 5.20163445462679 -232.503484861065 -397.56948596102
26400 2159.37512013564 1032758.68245053 289.675602413676 5.32709064556439 -206.834421805379 -393.558539583172
26500 2068.98145084713 1062555.3010225 288.110713899372 5.35602501892757 -202.131535304176 -393.205094512637
26600 1558.78459782468 908518.24361923 296.238349002236 5.20907639764922 -231.432365516199 -399.415071871069
26700 1957.58992603451 1044496.69165844 288.125568569991 5.35574888242265 -207.880377743537 -395.716239244166
26800 1729.42321271172 1051908.42457855 287.466869883705 5.36802099139422 -207.257760515514 -395.994034089552
26900 1561.03080607207 912119.299337141 294.95601151911 5.23172314379544 -232.945675521435 -400.86417299165
27000 1537.89476130892 1049806.96487031 287.557831802326 5.36632294865438 -207.301484516087 -395.720310175487
27100 1903.47046488906 1048307.85376576 288.412756984174 5.35041586926335 -205.221300680418 -393.930446191381
27200 1989.56570836911 895264.099772848 296.893455562343 5.19758237494086 -231.79693692237 -397.695046289516
27300 1957.83108718781 1061038.34846577 288.776397732817 5.34367837531467 -201.020130354984 -392.261752065402
27400 2351.06306605273 1023081.5551094 289.928033188259 5.3224525234651 -207.699702925833 -392.835374971986
27500 2190.74711238431 917017.599318531 295.463014652147 5.2227457087408 -227.555422531788 -396.665869716432
27600 1934.56102591332 1039760.7852807 288.967522293138 5.34014403978839 -205.865841433697 -393.396427421029
27700 2008.20673163961 1012459.32119846 290.135089728156 5.31865412526271 -211.614546317846 -394.958875736
27800 1815.70776228745 946340.046444845 293.464257192075 5.25831733864656 -224.650806430859 -397.988125247512
27900 1647.06649546059 1035939.57382061 288.31974978361 5.35214182526266 -209.270235074666 -395.69279133791
28000 1628.49832337251 1023641.10866702 289.810894326258 5.32460380916159 -211.878634192216 -397.040721622603
28100 1717.60916831776 951616.711540084 292.824836752326 5.26979954631141 -224.986877081839 -398.910916167115
28200 1811.34907785591 1049187.75361788 288.133556381961 5.35560040712679 -205.890225327317 -394.574929392269
28300 2063.36393863144 995692.253686715 292.342821609575 5.27848839718381 -213.573995918612 -395.254031106727
28400 2125.07043092941 947866.437351424 294.236457857741 5.2445172943599 -221.17595392391 -395.249698638377
28500 1879.12169918475 1079811.3352792 289.117315457375 5.3373772837678 -196.691636579596 -391.54666937802
28600 2155.33486874986 973359.504241672 293.373401468419 5.25994580334249 -216.083010330219 -394.314178126646
28700 2046.726661518 955545.750944855 293.550395537938 5.25677435739203 -220.009771618727 -395.084635807822
28800 2336.86898955492 1031635.49826805 289.211270017965 5.33564335777878 -207.299671347266 -393.521734053664
28900 1789.61066081601 982494.276278138 292.033431151572 5.28408061289805 -217.361101016035 -396.44322747856
29000 1643.52079184478 972491.509743932 291.737832449312 5.28943462323912 -220.199052192416 -397.278521981202
29100 1590.24325641838 1045127.01371456 288.280468574119 5.35287111020279 -207.481252018467 -395.531510671681
29200 1759.80093782445 991011.878139399 291.37566121251 5.29600923235887 -216.984256112435 -397.212053276055
29300 1663.21133785996 991891.904975576 291.781212749545 5.28864822146958 -215.952715507208 -396.591629478441
29400 1987.26605652113 1048805.86844543 289.701139908589 5.32662105628246 -202.605829846481 -392.24801697846
29500 2406.85730911597 960928.904993856 294.435019193767 5.2409804923734 -217.194944648996 -393.786675076768
29600 2141.8197318488 989665.733804814 292.799141865094 5.27026200294368 -212.108274679657 -392.970543968552
29700 2547.65213000451 1040289.69417086 289.40087560675 5.33214762612877 -203.562188602005 -391.469543614218
29800 2204.77692050071 940405.606012357 294.391021972195 5.24176376551275 -223.135282317416 -395.929582709638
29900 2058.57503311112 1003998.78476114 290.881699629856 5.30500266544694 -212.779507804738 -395.059595508953
30000 1968.68168460555 1040667.06376252 288.906238043956 5.3412768180912 -206.700260485201 -394.354496112725
30100 2116.90337476233 906997.039108297 294.752503085204 5.23533532612631 -231.705314188912 -398.565611770382
30200 2084.07927764767 1037506.10803167 288.673497872757 5.34558317004324 -207.804378584711 -394.737913853674
30300 1712.23991853803 1048125.29865189 289.153443054196 5.33671041771719 -205.518989255721 -394.679820698076
30400 1877.55286215243 908267.131939389 296.386682668711 5.20646939319797 -230.275541920879 -398.29590809935
30500 2179.32114185522 1077192.75742392 288.016853016284 5.35777047664248 -197.686572980253 -391.329201045994
30600 2387.98877753114 1016039.19240153 290.624066664622 5.30970545411464 -206.544615980498 -390.847307966287
30700 2379.07886757151 880837.115178211 299.103067532939 5.15918544264406 -231.188204077634 -395.62769195345
30800 2862.437262962 1062738.7535001 288.066463635007 5.356847764901 -198.836650609382 -389.91384746544
30900 2078.26003579669 1037008.2109486 289.982456356653 5.32145361913966 -204.400044740184 -392.091093930391
31000 1783.51983012508 858521.277893553 298.769224077262 5.16495029443551 -238.630726741083 -398.725283146121
31100 2146.54747810764 1106811.45226782 286.355698910947 5.3888509910397 -194.218264860504 -392.037772871507
31200 2190.85876998558 1035370.02232756 289.595687905491 5.32856066686226 -206.971218765319 -394.11582727298
31300 1540.81656422087 853322.867505045 298.749415435889 5.165292757526 -240.702791063628 -399.817412857924
31400 1820.68232863798 1101531.36323078 286.168574676575 5.39237473440314 -195.500969784259 -392.248119787581
31500 2309.67811346976 1040925.12253973 289.203070450806 5.33579463544669 -205.377052610328 -393.27067203857
31600 1653.89051007178 868081.058727336 298.745559538477 5.16535942576034 -236.81486833833 -398.67928316045
31700 2595.44832240604 1098486.3287519 286.386007208421 5.38828068769118 -193.932211076799 -390.284556567007
31800 2407.58201234704 997591.272759214 291.582644671438 5.29224979629687 -210.546435014124 -392.099654408041
31900 2307.35912866659 909207.566992687 298.397578897184 5.1713830841698 -225.29273873844 -394.628225000794
32000 3069.91012719897 1080087.10962735 288.34639409564 5.35164726684354 -193.551478095381 -387.936568233845
32100 2703.63251296649 994629.08221092 292.482002335056 5.2759765713665 -209.996949812742 -391.569395511284
32200 2315.72405937663 891052.905186335 296.728258252417 5.2004760212404 -231.602037063658 -396.627910659169
32300 2454.00367426853 1098396.126833 286.270712166909 5.39045080855636 -194.954677128803 -391.211856952535
32400 1935.96652124305 1001390.80862385 291.309010706107 5.2972209411776 -213.160581593152 -395.234258114062
32500 1915.7457072798 897205.271397873 295.93879715527 5.21434907048193 -232.716879123711 -398.440099267593
32600 1798.73578181452 1117121.15952457 285.927262178369 5.3969257079917 -192.755907489033 -392.119332595059
32700 1976.65105470044 993282.980946496 291.716284337294 5.28982533618828 -215.257866569174 -396.109864146959
32800 1549.60834833461 921924.090340148 295.285675902755 5.22588231599258 -228.215000085516 -398.128226341876
32900 2249.21174501892 1101848.57805793 286.073468943339 5.39416744085332 -194.944007233731 -391.682409635286
33000 2432.28234819507 960045.048360407 293.059545348834 5.26557901408504 -219.835199917046 -395.440300470512
33100 1833.02065390003 954796.316892762 295.071723447535 5.22967153150646 -219.308248136194 -395.152416844764
33200 1984.27791472969 1106427.89922407 288.408218612258 5.35050006303994 -190.530384703835 -389.6987656145
33300 2462.35151477487 964883.00042098 294.363146313291 5.24226015108484 -216.364817560068 -393.639915421089
33400 2473.48032299817 953448.047520219 294.892898399969 5.23284283968462 -218.945872158115 -394.435313057435
33500 2074.44080643651 1065161.71021616 288.403926346323 5.35057969361031 -200.69648950372 -392.433679145501
33600 1745.91607577218 988768.619324334 291.640505366591 5.29119982811172 -216.439135950823 -396.422414840743
33700 1663.04977297614 978561.17811498 292.38105664241 5.27779812271973 -218.612963005086 -397.190511263034
33800 2072.73452164747 1054465.72492224 288.480500574089 5.34915943640983 -205.014343222867 -394.876571363018
33900 1666.72099209874 970493.036476487 292.080660961718 5.28322617041863 -219.897893802485 -396.821127636459
34000 1882.39715736872 986790.600518822 292.085963175566 5.2831302644235 -215.945296353926 -395.842881298616
34100 2237.91017043233 1017400.10487888 290.222622915143 5.31704998172148 -209.742783885459 -394.037414965175
34200 2208.80530904408 981436.151565252 292.63469692478 5.27322360636808 -215.504772660491 -394.762345571042
34300 2504.1344703533 970960.442441567 292.984666027285 5.2669247602276 -216.038784981806 -393.595078532764
34400 2466.58122112165 999698.061717759 292.092129839434 5.28301872670925 -210.912950008162 -393.167486910616
34500 1730.51718678428 1030386.42478131 292.578953313102 5.27422828741462 -204.442684395993 -392.605088270063
34600 2257.46943494797 989188.810970392 293.852862379185 5.2513634863794 -211.813415224204 -393.239096812414
34700 2261.12433986421 976066.112811536 292.687079073358 5.27227985858356 -216.077567219205 -394.386223937922
34800 2068.21721556292 1027211.76542147 290.836339840917 5.30583005105274 -207.756965694131 -394.222383266231
34900 1818.48742546353 987268.695534974 292.242698967072 5.28029681261599 -216.322591172898 -396.403916912504
35000 1718.77811676647 993957.516864852 291.214833737664 5.29893402770898 -216.410504823955 -397.074228836945
35100 1978.36076021393 1016438.87979556 289.496502970465 5.33038629493758 -212.4276318651 -396.08748531073
35200 1671.6790532478 976323.633422271 292.390919364958 5.27762009578695 -219.37169503471 -397.546924027317
35300 1696.68294015474 988894.848504385 291.332398390487 5.2967956890184 -216.507795176045 -396.323881587735
35400 2073.70978211169 1032863.36528219 289.585449679773 5.32874905687605 -207.17156501272 -393.856491481812
35500 1763.64755998143 984006.866854589 293.693824800233 5.2542071421343 -214.470124011967 -394.847716840358
35600 2171.27300512657 977432.081717531 293.521438570677 5.25729295747694 -215.225786818784 -394.292993665758
35700 2265.11166453312 1018534.21508049 290.251896535928 5.31651372577719 -208.03743782688 -392.55611452314
35800 2151.94941369741 987026.737422792 292.850473468704 5.26933821751539 -214.080261835827 -394.491875275754
35900 2203.19137261665 956787.84677075 293.163108175496 5.26371889515635 -220.238567044065 -395.309727446088
36000 1900.13825565589 1038525.37073413 289.64125379545 5.32772238638321 -205.965198960096 -393.709676848654
36100 1898.25193682903 979287.215435704 292.582015635754 5.27417308447016 -217.190975073543 -396.02384859185
36200 1759.47354411481 992017.771858932 292.036211083501 5.28403031302477 -215.121866129179 -395.941589437553
36300 2184.893388927 1021896.18354059 288.965775256972 5.3401763253584 -209.80277658785 -394.110200213742
36400 2386.04278629782 950661.485847614 293.278470092782 5.26164839641291 -222.566031801942 -396.584653436649
36500 1901.53208812621 976747.566119908 292.653524251604 5.27288436321527 -217.729209462492 -396.141898407291
36600 1984.02499690999 1052338.08503723 288.787230054327 5.34347793555769 -203.876951852112 -393.557552371827
36700 2098.439290495 959267.480857119 293.363559391919 5.2601222696667 -220.822959441426 -396.467854116366
36800 1713.1739660529 999705.792987755 292.193151005384 5.28119220644459 -213.195375428097 -395.514355722358
36900 2276.04607858673 1040350.65686298 289.136702570215 5.33701940344768 -205.775617724919 -393.522447392013
37000 1849.96825694477 967803.509684357 293.930600292457 5.24997462098444 -219.060263710839 -396.610656296594
37100 1771.05219354319 988621.113233497 292.233504302897 5.28046294878866 -215.008809961389 -395.331147948531
37200 1978.49545228848 1062349.62371619 288.257174174979 5.35330368197326 -201.247515329172 -392.381201610477
37300 2059.4513768065 955802.73126684 294.190682804774 5.24533332311597 -219.682036003915 -395.185957162451
37400 2322.30146147636 982900.504867304 293.429562967271 5.25893906619846 -213.764696191722 -393.777363699654
37500 2392.80846809806 1054500.52612392 289.234949069436 5.3352065399803 -200.637072966613 -391.002120742027
37600 2080.37373519381 944627.615214959 295.162175998211 5.22806889686121 -220.904910705452 -394.929646691062
37700 2145.56398772958 1009365.37512541 292.365401518583 5.27808072997323 -209.770776641412 -393.959917586554
37800 1408.56509533376 1048720.20027235 289.02327456438 5.33911393188644 -204.806934354081 -393.989927853565
37900 1918.14442311877 982807.306371886 291.955295445504 5.28549478615008 -217.554564975306 -396.64581834084
38000 1750.63276579722 981784.455971244 291.276000112645 5.29782128039848 -218.273888236081 -396.762493772409
38100 2059.30000468778 1023633.29896601 288.864193860026 5.34205424094157 -210.906343999441 -395.46217022339
38200 1616.30820598856 993632.809485168 291.620156463841 5.29156904165319 -215.888152669825 -396.744228994543
38300 1721.00562099612 991438.207684886 291.870309714697 5.28703379721811 -215.368587132026 -395.980009618857
38400 1888.51285046502 1030307.49222515 290.249035132102 5.31656613832942 -207.632817173454 -394.282512452174
38500 1918.59802918313 1024768.10571074 291.476778213894 5.29417197940114 -207.514159836516 -393.945620957636
38600 2039.68882089065 977850.208096243 293.304703477638 5.26117779077406 -215.692591274172 -394.704120485351
38700 2240.29609466811 1004200.02076731 290.662612987172 5.30900130569673 -211.150724441465 -393.330029903752
38800 2056.5153512433 1019895.8053832 290.593509458306 5.31026379337466 -208.604570858963 -393.587374793553
38900 2102.79101027722 966426.079178257 293.31744264351 5.26094929083913 -218.765497436144 -395.693336565329
39000 2083.16512871567 996371.134602312 290.301173428211 5.31561127929 -214.287721145269 -394.821956633712
39100 1933.64119022519 1019838.96744348 289.740962585584 5.32588895299991 -210.502716575423 -394.932536953741
39200 1751.52762652563 960809.146271707 293.008090129163 5.26650370365501 -221.846133595635 -397.560140715141
39300 1935.83071000434 1010240.28553932 289.444134171466 5.33135071568586 -213.883827440257 -396.390639113668
39400 1973.72244092404 1026708.4208335 288.781942149914 5.34357578032024 -210.456751826953 -395.514298102267
39500 1739.14630123065 948322.741706201 293.171628799205 5.26356591252226 -224.317873953591 -397.845149390057
39600 2072.22414294644 1026006.40419468 289.935927086822 5.32230761248165 -208.842811469054 -394.512815989282
39700 2092.39932592416 1030119.26506479 290.17952508641 5.31783967668501 -206.233393813456 -392.804298528925
39800 2263.7645672565 956418.982956839 294.061326256072 5.24764072689501 -218.720873720984 -394.260731273988
39900 2517.07853402704 983133.592631759 291.994722326452 5.28478110690265 -213.957625629414 -393.132529511925
40000 1984.90964808889 1045176.53113642 290.471988021902 5.31248538757467 -203.284265463818 -392.773066999123
