# step temp[K] press[bars] vol[A^3] density[gcc] enthalpy[eV] etotal[eV]
0 1617.62894848855 74175.9038522912 376.293753717711 4.1008605022547 -396.103878512082 -413.525135967789
100 1547.02219036139 64751.7376815223 378.983780922358 4.0717525908642 -398.083820467838 -413.400396617741
200 1716.70231712332 4564.8785087295 384.324958746987 4.01516517922014 -411.503904922418 -412.598913334133
300 1945.7398632093 72819.024013277 379.404055837288 4.06724221347784 -393.634704921019 -410.87864343388
400 2357.23501548449 47441.5014532159 376.096012657646 4.1030166232334 -398.461187911171 -409.597638565045
500 2096.68988306284 39282.332601026 382.079792737046 4.03875897443267 -400.126755994571 -409.494628696753
600 2257.88578132934 39184.846927422 388.010830052083 3.97702350642889 -400.258074351165 -409.747756032161
700 2051.28713670388 19834.7333291487 391.836663757096 3.93819245261521 -405.252690636526 -410.103576749389
800 1744.2818687866 72766.8149859624 385.688268134839 4.00097259719249 -392.680564312594 -410.197552515594
900 2090.40790953155 115459.124957179 377.222857729425 4.09076003812308 -382.780618513781 -409.964777729252
1000 1694.33685790764 50064.9621807326 385.200203583432 4.00604199455437 -398.999957188164 -411.036729431681
1100 1930.76767492347 -168.899001261713 390.957654893857 3.94704687975753 -412.355031406883 -412.313817247615
1200 1859.14199532099 57210.6753754657 379.353578833325 4.06778340305079 -399.476729099799 -413.022723845792
1300 1742.23610661017 118448.057007781 369.06373753934 4.18119699907291 -385.427610053022 -412.712295993406
1400 1596.64790464458 56542.5265023522 379.825547957987 4.06272879789752 -400.168693115353 -413.573143943139
1500 1728.59828560703 -30624.1240891363 395.816679316702 3.89859314299241 -421.094005713969 -413.528335449835
1600 1758.00765849821 29149.5374287881 389.029114901038 3.96661363573948 -405.09062657068 -412.168510153229
1700 1951.13251561827 119726.332791032 376.63620578972 4.09713184273013 -381.564244854264 -409.709253669168
1800 2073.06803627248 57858.8936764328 385.290231290285 4.00510593455327 -395.426306142578 -409.34017051819
1900 1924.50277925974 -10120.8675115442 399.616551149957 3.86152222030227 -411.946785148467 -409.422427707443
2000 2030.19736885828 10999.6543701848 395.444345671191 3.90226389315785 -406.697651295217 -409.412552634132
2100 2287.76557633483 101908.9632243 377.507735887241 4.0876730333469 -384.294376902694 -408.306351846416
2200 2290.68777339259 98809.9320840276 374.225674112863 4.12352304668634 -385.278047618448 -408.357410874114
2300 2211.32164402044 17699.038531573 385.20275728664 4.00601543648306 -405.879267524695 -410.134553033928
2400 1496.46337141397 41779.1411419908 385.453704553549 4.00340734473792 -401.818338923534 -411.869618995514
2500 1963.42864393904 58796.2390332041 378.021183316736 4.08212094974891 -398.595236308282 -412.467755256042
2600 1771.0004414696 94602.9500212215 372.439954610248 4.14329389949844 -390.535503713383 -412.526787702319
2700 1775.78971000619 58092.8685942736 376.493308420107 4.09868690187777 -398.959108292653 -412.610273624733
2800 1601.64714087217 28695.0167832486 381.674780331264 4.04304468460506 -405.57455375439 -412.410357567109
2900 2186.17327254698 46032.3738467435 377.880164066245 4.08364433650346 -400.790609412718 -411.647541206166
3000 2166.13631586182 59306.4957764551 376.463244547141 4.09901421776885 -397.149765662941 -411.085006769477
3100 1873.65688186015 27367.6763542796 379.62262308762 4.06490050386158 -404.368973412026 -410.853520579847
3200 1953.21691598043 29918.9348296154 380.308813988468 4.05756620700595 -403.641768414829 -410.743629302721
3300 2174.47218774455 31025.87048299 381.204158993576 4.04803608633275 -403.149975245388 -410.53192777341
3400 1817.10597444115 41932.0063524855 385.09368111258 4.0071501235955 -400.534791690229 -410.613425774997
3500 2040.85377334481 55590.7419669856 388.487214334929 3.97214666255589 -396.866914092636 -410.346260774831
3600 1926.3546336975 57266.09086705 384.415948186562 4.01421480858338 -396.22843340734 -409.968491771444
3700 2260.3478502731 55306.8891495213 378.551130036095 4.07640624852707 -396.405279574015 -409.472807019544
3800 2001.41733080462 79844.1159394756 382.712874687073 4.032078077143 -390.579478669868 -409.651891189989
3900 2214.77425027906 -37974.4389471899 396.437017455187 3.89249268842699 -418.582166556113 -409.185902589092
4000 1847.53165633594 52412.4621634582 386.237147451509 3.9952868387934 -395.218094137814 -407.853181393759
4100 2321.14776495347 141102.108916919 376.299832035224 4.10079426163994 -373.023149306701 -406.163505494208
4200 2421.06189996453 23241.6477556976 389.837675870522 3.958386496175 -401.529201400783 -407.184302411491
4300 2257.97842361231 9841.43588647432 401.85872553058 3.83997682227431 -405.914407170443 -408.382841130578
4400 1871.45663440372 -12331.4291917401 398.258811372764 3.87468688149571 -413.160791163489 -410.095523178076
4500 2127.56552018492 66466.7025687993 377.56888752938 4.08701098748779 -395.149553936067 -410.813095965705
4600 1784.41064606774 131942.704868255 367.553201012596 4.19838050006055 -380.953786752129 -411.22258892504
4700 1778.64681155524 52941.4466315601 379.706055753618 4.06400732483292 -399.831453113018 -412.378252973309
4800 1685.74521880509 8255.02498527261 388.470779114613 3.97231471407748 -410.67321946971 -412.674769228828
4900 1533.97003079611 80121.7116862517 380.756917846451 4.05279095280528 -392.956109904772 -411.997018315449
5000 2197.99537953851 75052.0950551359 376.903752279928 4.09422347888973 -393.38406551318 -411.039683507046
5100 1924.05460054315 43314.1742122391 382.135944133433 4.03816551558755 -400.794214345805 -411.125100397968
5200 2003.57931177812 19545.6224396658 386.957138604561 3.98785301501589 -406.386808925027 -411.107461194923
5300 2096.38968013895 45249.8234137475 381.766000305538 4.04207863097057 -399.945215628863 -410.727326151142
5400 2283.45293052299 85467.9164991405 374.525358369043 4.12022352394516 -390.117931346934 -410.09694243335
5500 2150.5861105391 37680.2709375331 377.663897087942 4.08598281107816 -401.222809706327 -410.104776184801
5600 2048.65420261498 64574.5083038116 386.455688486955 3.99302750053376 -395.061681440184 -410.637484771001
5700 1705.04619320417 15316.4055102101 393.496325928374 3.92158221102935 -407.079657596233 -410.841383782266
5800 2394.21567741188 -15196.9963314348 385.806074168881 3.99975089866169 -414.382992190678 -410.723536760025
5900 2153.25501464367 119308.684366766 368.844664872358 4.18368039131089 -382.28131799524 -409.74793712342
6000 1695.09960094195 98040.8245020048 371.008507867896 4.1592797985527 -387.140568721352 -409.843423249943
6100 1919.54374495512 -10089.5014226152 388.116421493628 3.97594151241409 -413.411458376855 -410.967344893228
6200 1996.41782511663 -24223.4276620377 389.798278335703 3.95878657662296 -417.104783781893 -411.211394134715
6300 1977.24892956156 98640.8317730016 373.611556297234 4.13030101948575 -387.878677242358 -410.88073392785
6400 1494.66840773418 134437.096744385 370.483656467429 4.16517210659138 -380.063853380807 -411.150782421849
6500 1638.02562275753 11376.9639782284 385.83074532249 3.99949514281534 -409.356868037079 -412.096630161431
6600 1838.68613436154 -10728.7517796329 390.174302168898 3.95497136353724 -414.866864605502 -412.254116734864
6700 1961.67763903157 87189.8627619066 377.943624731914 4.08295865014446 -390.768254986328 -411.335809667172
6800 2101.48248786481 92456.3412132684 374.386196174663 4.1217550423419 -388.323712775502 -409.92830995881
6900 2304.3105092141 36367.8266249011 384.671909319 4.01154374541666 -400.370520371203 -409.102193383248
7000 2100.29324217477 -10809.427504863 396.027572111333 3.89651706228249 -411.092619188394 -408.42073420527
7100 2325.63764830247 34731.3045613417 390.932430069532 3.94730156204144 -399.372504669753 -407.846972552443
7200 2396.72143647663 73049.0582709992 381.154847372828 4.04855979794664 -389.77333390758 -407.151570734803
7300 2410.53867459575 78456.6729356021 380.827086206978 4.05204421575055 -389.474351462216 -408.122999814978
7400 1923.81942081277 53673.7377868815 388.693749269565 3.97003603676667 -397.707663893784 -410.729104651212
7500 1768.64022372594 23253.6751503439 392.643586501252 3.93009906418324 -406.26907571155 -411.967827634554
7600 1613.89088141246 33146.229845961 384.986748506918 4.00826313594113 -403.991300661343 -411.956003210444
7700 1858.43504415051 109026.045902246 374.575346224726 4.11967367158308 -385.760776178245 -411.250145727322
7800 1653.37930348475 51094.5704685765 378.856099447725 4.07312484638786 -399.487886721506 -411.569882475832
7900 1997.1702655527 26843.6273832324 383.775841261842 4.02091019276348 -404.532385158709 -410.962348200558
8000 2303.89645943534 28945.5508417168 381.790289275696 4.04182147951858 -402.166970085763 -409.06454362345
8100 2264.95195965834 111774.809691067 379.925780334548 4.06165696496642 -381.408200648788 -407.913477560304
8200 2191.54890498917 91280.8793676891 390.034501118983 3.95638895389763 -385.77715251263 -407.998607043937
8300 1882.2706425733 -42928.1859517049 400.194595661167 3.85594460444099 -418.636936334244 -407.914255019538
8400 2244.52663445726 63754.2621246538 385.575105698513 4.00214684262504 -391.733014077172 -407.075928142785
8500 2410.10071053298 104587.559998025 374.917064499098 4.1159187937412 -382.288555716134 -406.762551544673
8600 2315.14126143533 46258.0073587482 381.532586693866 4.04455148965898 -397.625981920222 -408.641583012166
8700 1948.9015866944 -426.726957095782 388.949083256356 3.96742982126801 -410.664993502912 -410.561400010707
8800 2110.93457059318 49306.8208746707 380.978312665975 4.05043578745403 -399.797998327126 -411.522567636285
8900 2114.07093462576 88491.9471080665 371.647041495511 4.15213366331818 -391.224112398049 -411.751045815741
9000 1943.24843856298 40318.3368950146 375.963758592422 4.10445995551132 -402.792529696819 -412.253555669454
9100 1902.40366057231 41075.2341669904 379.480499322724 4.06642289819954 -402.736467506717 -412.46526478435
9200 2043.22328782772 52133.8557016501 380.265935290512 4.05802373722278 -399.698831083119 -412.072454962066
9300 1973.414274252 72522.8472861504 381.681553537963 4.04297293794325 -393.796911027181 -411.073804689754
9400 1964.18541947475 24780.6598292379 384.25655301847 4.01587996286415 -403.561886490908 -409.505133647202
9500 2375.31391946659 16719.8292547591 385.415201279755 4.00380728819784 -404.09428280108 -408.11635924371
9600 2127.8538170956 55097.8296471374 388.491163359526 3.97210628556317 -394.560294261272 -407.920257996978
9700 2489.67380257509 11637.7500542684 392.242848580439 3.93411428009671 -405.327895113189 -408.177034538436
9800 2111.00959752067 76214.2537827282 383.598813253139 4.02276581301048 -390.48123881533 -408.728727343609
9900 2057.04555607974 34453.7534229155 379.539931038791 4.06578614177069 -401.19112482448 -409.352881783317
10000 2007.93767772066 30935.0636397074 381.520632557035 4.04467821706977 -402.969559372006 -410.336016842836
10100 1984.4792802622 38901.7111476135 385.768067647388 4.00014496087483 -401.558602079811 -410.925259210028
10200 1881.86754556215 2252.80544239298 390.819654594379 3.94844060099201 -410.566015579866 -411.115543453271
10300 2095.38239498081 59033.3525722405 380.087278830078 4.05993117321875 -396.812934263478 -410.817525105623
10400 2192.91485795948 111172.369981855 368.484451773011 4.18777016083354 -384.314608237102 -409.883133181183
10500 2054.28455780234 67621.3849880276 376.544752789083 4.09812693029474 -394.715706890513 -410.608136777965
10600 1971.69741729733 -26350.1049822943 394.500393025601 3.9116011521083 -417.53809878957 -411.049970439304
10700 1979.90316965115 5146.79264979487 389.991411839487 3.95682608647095 -409.737760201256 -410.990559085736
10800 2213.67518875001 94733.7264124251 374.402081521514 4.12158016214835 -387.867210616569 -410.004911649571
10900 2020.69616816639 89084.2800413288 374.817278861826 4.1170145532031 -388.807719108844 -409.64832402001
11000 2177.21286044002 -16628.4870239723 391.54481994675 3.94112784348924 -414.083054738307 -410.019333944881
11100 2062.92810105687 -8199.45712518805 396.785470029668 3.88907434476051 -411.61498000211 -409.584351385721
11200 1893.57709297535 76803.2162282725 389.780959114029 3.95896247824328 -390.231448976456 -408.916301291103
11300 2391.76533753237 67648.3409641022 388.753235340425 3.96942855154589 -391.234298526283 -407.648539663391
11400 2262.3981125489 31374.9679556319 390.839849919694 3.94823657869888 -399.654896949222 -407.308602871768
11500 2335.85235448736 39150.2863215546 390.069836996507 3.95603055019078 -398.193246160863 -407.724871299427
11600 2394.85446189052 21591.1066730405 388.953154316468 3.96738829532816 -403.829953188395 -409.071528661299
11700 1779.82760389501 58855.281014534 386.117746279586 3.99652232184311 -396.509468858667 -410.693342147274
11800 2154.970286074 25124.1602255793 381.440982112047 4.04552280492197 -405.59086570851 -411.572344247975
11900 1784.38488124069 103254.238121005 371.847448601089 4.14989587173841 -388.098202040897 -412.062368911741
12000 1846.32505000042 80274.8359268862 374.12749925822 4.12460510100345 -393.395461899279 -412.140602412007
12100 1754.24808531077 33591.4251560843 384.402745874809 4.0143526767852 -404.078601335385 -412.138035528714
12200 1966.70055276648 8828.73258964478 389.57815538247 3.96102340581993 -409.23730106091 -411.384056650346
12300 2157.36059633159 62479.9702783896 384.44676104581 4.01389307499522 -395.174902652893 -410.167147392325
12400 2149.31060313535 53083.083820398 384.420781813497 4.01416433468151 -396.165461801193 -408.902036444067
12500 2160.51948477227 47473.0532652346 388.320946717289 3.97384741902571 -396.698235833244 -408.204322077498
12600 2501.78968612526 14744.9437339365 392.169036175634 3.93485474252237 -404.442945564145 -408.052104962377
12700 2059.86501489224 72328.9691698742 385.658717957531 4.00127916215303 -390.885463059074 -408.295715625657
12800 2169.48860534303 126741.712224272 380.761578080194 4.05274134970917 -377.963423981993 -408.083934646766
12900 2158.5996803523 43763.441259263 395.427191650039 3.90243317721007 -398.509954370516 -409.311045682298
13000 2225.33551104875 -10126.2648000564 412.234478605909 3.74332636388072 -412.756775965532 -410.151323014452
13100 2149.54856072662 43695.6862575827 406.846064971263 3.79290430638703 -399.317611320953 -410.413403832025
13200 2177.42685450687 99651.7635866896 395.943190061294 3.89734747458906 -385.259437295548 -409.886210419325
13300 2198.97221563325 64953.5477545214 400.817353858456 3.84995354370574 -393.727384201537 -409.976848061908
13400 1967.10659738903 4976.03994069347 417.350197654074 3.69744210147747 -409.36336381766 -410.659570105034
13500 1708.88806554472 43958.1417584781 424.043478887855 3.63908011488186 -399.153641413526 -410.787917260607
13600 2159.00562607544 97064.0933261824 428.044827780393 3.60506211433027 -384.108998809345 -410.041087509601
13700 2319.62172394741 -12581.1823401446 446.669248675581 3.4547446381 -412.637830402803 -409.130334653537
13800 2219.12027217967 39672.4383650931 448.729960649722 3.43887934211436 -396.9595837629 -408.07085128333
13900 2201.44335462031 77387.4163495926 462.038743405721 3.33982423311866 -386.364439992563 -408.681572097285
14000 2121.50558206912 -26809.4263486126 494.75733885736 3.11895968118425 -418.13309793542 -409.854259470037
14100 2104.48068002561 -12841.5298618014 506.468818162336 3.04683750811192 -414.447017313681 -410.387642798762
14200 1797.71596818318 89661.3325514476 488.003654046402 3.16212425679786 -383.340949925056 -410.650711310132
14300 1744.65565179262 88599.1192918829 480.187195906099 3.21359712425127 -385.158946895841 -411.712926842819
14400 1795.27280185466 56579.1622593436 495.113866747476 3.11671374102952 -396.66289966976 -414.147320271083
14500 1736.76129647542 35363.9506971493 513.469050849303 3.00529932488377 -403.991199385827 -415.32471613554
14600 1602.06685538463 1083.64672077228 518.459050911293 2.97637429446698 -414.923786709013 -415.27445122717
14700 1676.23212292477 53602.4376028708 499.77245983322 3.08766151776567 -397.400752183549 -414.121146031445
14800 1851.51414888703 63105.3789767456 488.885948542368 3.15641755805626 -392.848179739691 -412.104068874984
14900 2167.50845837438 92380.0619936807 495.362103982162 3.11515188477496 -383.040212879017 -411.602348121415
15000 2140.42737221744 -5442.34679906152 523.997465448099 2.94491537386828 -414.220533238094 -412.440594555435
15100 1863.44293361726 20843.318546203 538.024665732636 2.86813651891744 -405.337734575027 -412.337100433645
15200 2316.03071071959 55326.3878477515 524.901127088712 2.93984545322822 -393.814984408691 -411.940879613765
15300 2033.54563359181 76582.1554689155 515.443308848464 2.99378838637672 -386.862225684478 -411.499810628238
15400 1922.22935514546 4451.50530235097 521.920763876421 2.95663307281543 -410.480255032257 -411.930365583625
15500 2115.08680953098 88971.3416658157 525.499060121725 2.93650038405145 -383.218133040847 -412.39990947007
15600 1798.49445337786 82063.8775602972 526.263402090832 2.93223542761155 -386.655664979662 -413.611006912119
15700 1769.23515825374 56996.4550413192 522.115827570421 2.95552846778618 -396.512913331043 -415.086866508161
15800 1820.80345586688 26129.0946767284 515.042571545269 2.99611775243415 -407.396838528228 -415.796410057615
15900 1482.57668683156 53598.2336520721 505.101895826223 3.05508295379082 -398.898333728565 -415.795703918802
16000 1457.01652298097 33911.78924147 505.005823008558 3.05566415585661 -404.767671738192 -415.456663266642
16100 1643.97997405708 27372.5716357753 516.535167125215 2.98746008031636 -405.750023116379 -414.574828538586
16200 2010.60658643384 44349.1147751853 523.259464785449 2.94906885726156 -398.974607905789 -413.458713783619
16300 2230.27217473155 25827.5515536655 532.418624189768 2.89833623723145 -404.19922157787 -412.781964780253
16400 1612.22566273603 25797.2603367152 535.702674300078 2.8805683934326 -403.933943449839 -412.559498344692
16500 1787.95168999654 57711.1084248901 533.232498206307 2.8939124998137 -393.096022595797 -412.303293779502
16600 1882.47588768275 42533.1190519307 533.332215989169 2.89337142142086 -398.066693813539 -412.225110590278
16700 2209.30133904402 38017.8602734269 527.645444739851 2.92455512930077 -399.843441798447 -412.363879335779
16800 2239.23398815372 61344.3542172647 510.689272886983 3.02165773552016 -393.222655606964 -412.775996734447
16900 1901.16972234511 68703.488269651 500.428054204825 3.08361647373694 -392.177572589079 -413.63660219778
17000 1727.26217676191 86052.423689503 499.054697501249 3.09210232784605 -388.242440357787 -415.046519854406
17100 1438.07291737694 16362.2020585853 521.129248983505 2.96112374209678 -411.338305150699 -416.660329328751
17200 1449.7428559554 15595.9112919991 535.781029616274 2.88014712460295 -411.479101770094 -416.69450307565
17300 1693.5227293769 74244.7893285973 528.88374271792 2.91770774411787 -390.994164406346 -415.502614041834
17400 1947.69233866032 75017.318027174 519.463452485456 2.97061936596843 -389.827005771378 -414.14939161251
17500 1972.46496347742 103279.53684352 517.416718501159 2.98237017995132 -380.395402359044 -413.749130267233
17600 2141.2666418895 26530.0836612237 533.223328610276 2.89396226509431 -404.59201611268 -413.421542396549
17700 1568.47132004774 20343.5145165797 538.159971676047 2.86741540263613 -406.0042676755 -412.83751307389
17800 1896.82614921596 35370.9552088992 523.507521512248 2.94767148217567 -399.671760479051 -411.229139516211
17900 2344.71377478885 53320.7506555896 514.717270666184 2.99801129631592 -392.778637348872 -409.908529871523
18000 2459.51856639727 87898.6266794822 513.148000290692 3.00717958754971 -381.368864991975 -409.521196841103
18100 2259.84635514348 40902.3255024062 525.916619696291 2.93416890448766 -397.001854623739 -410.428098714788
18200 2001.14487183309 83244.9050078536 532.721705531925 2.89668728689269 -384.159266856715 -411.83809485889
18300 1517.60770371685 44933.0412922892 544.556822043415 2.8337321825767 -398.314041294834 -413.586137827816
18400 2178.90556994293 45207.9692286251 543.366547411324 2.83993963047192 -398.842625168104 -414.174580264958
18500 1943.42605357049 54197.0004532672 525.686112600996 2.93545550258311 -396.215166057142 -413.997607931001
18600 2175.11584021411 47243.1511888265 500.419170680789 3.08367121460753 -398.496505015552 -413.252294117601
18700 1672.96207254106 69842.032144177 481.953026161446 3.20182280865936 -391.011220106073 -412.020502632157
18800 1648.47692105789 73338.4210334206 494.595122248016 3.11998263317347 -389.837376186462 -412.47709491689
18900 2086.24908543801 19009.6128865355 528.566127128464 2.91946099582555 -406.791476477377 -413.062843871448
19000 1980.77102679416 -2615.48910569441 549.426801772422 2.80861469969807 -414.14333533305 -413.246418036852
19100 1555.88357865359 25316.2678428038 547.410605171903 2.81895925524047 -404.246801983086 -412.896531585613
19200 1911.36378466912 53097.121051771 535.328016291546 2.88258440601718 -394.326064772587 -412.067166632112
19300 2489.52764476458 71662.7046136287 520.155316564242 2.96666811378354 -387.49910229736 -410.764789195247
19400 2272.69995752357 77838.7931750157 516.028553577929 2.99039303380928 -384.44646704339 -409.516763514694
19500 2486.15237210584 78137.8044806747 523.269503001524 2.94901228337327 -383.611241970749 -409.130983470036
19600 2345.3678770843 23345.8523802607 535.674657934109 2.8807190502858 -401.91410452671 -409.719600043575
19700 2109.91802335557 29313.3046185793 538.947713352238 2.86322430476217 -401.225243983346 -411.085792115828
19800 1940.4723219821 55551.1836647426 536.200010259736 2.87789661010754 -393.661799827009 -412.253100629995
19900 1797.89363004533 47917.1160791673 535.222136926028 2.88315464814078 -396.86993708069 -412.877100625546
20000 1864.87974892403 26174.2447618359 534.039655068023 2.88953858991907 -404.851520102705 -413.575955047468
20100 1799.8200269071 36053.4742133888 531.277275939471 2.90456276176573 -402.280137249776 -414.235369128563
20200 1852.28654609537 60331.9253436408 521.141507173639 2.96105409111458 -394.607674563924 -414.2318985519
20300 2003.01362218527 64321.0341467679 519.10364139737 2.97267841873 -393.340742030207 -414.180695084088
20400 1740.73703779377 67899.5208249231 527.490430159318 2.9254145736825 -391.391985839621 -413.746793470086
20500 2177.76565498709 23657.582236315 542.332332613771 2.84535532747792 -403.670332792296 -411.678359222732
20600 2687.75946035192 72587.0462351928 543.599319828169 2.83872355166651 -385.493100366864 -410.121016805401
20700 2356.6176517692 25179.6994539282 540.703035700199 2.85392921803703 -401.810475861024 -410.308128855409
20800 2270.15074539981 41844.5094754075 522.476514185458 2.9534881472555 -397.41371661049 -411.059387638939
20900 2369.66471592832 94905.1800712149 500.491805526731 3.08322369082964 -381.590614180944 -411.237325968117
21000 2192.04800541644 46233.0337611965 506.650028847768 3.04574776276146 -398.096253499841 -412.716345536411
21100 2410.44704582945 45695.3461254804 512.839679844045 3.00898751113679 -399.268628403939 -413.895223337365
21200 1717.68447024614 50230.6837729217 513.546812028262 3.00484426292417 -398.599352561166 -414.699830578153
21300 1818.50346754324 39397.0303449782 515.718317337913 2.99219193887003 -402.009349837898 -414.690705604645
21400 1843.56038256671 60868.7734677542 511.790403286611 3.01515656010053 -394.39036028503 -413.833944759414
21500 1666.06130996015 76466.2113172635 508.276935500345 3.0359988504044 -389.082456025248 -413.34071443664
21600 1925.23522257316 105940.61205859 508.180897631243 3.0365726044781 -379.40023520081 -413.002647501539
21700 1879.61729403388 29006.0857011249 520.777147775017 2.9631257793454 -402.959853068885 -412.388094326667
21800 2220.59918980258 44092.1331955765 528.204395521017 2.92146033798903 -395.712553333968 -410.248816075184
21900 1821.8487012892 14664.0829058038 537.569161153317 2.8705668095905 -404.315103556684 -409.235259823335
22000 2532.79374414341 46629.7669173913 529.4208660833 2.91474758689115 -393.56679006961 -408.975062246033
22100 2466.29707615082 70925.2328631864 527.169381558267 2.92719616474076 -385.936732351661 -409.273494028893
22200 1766.02173572332 4564.36796409509 529.295621185992 2.91543729080629 -408.963313443814 -410.471199732794
22300 1980.54855201913 121342.540798992 515.144766324912 2.99552338049541 -372.24305918593 -411.258095809653
22400 1598.06522564519 51589.1953299797 512.621276102576 3.01026949875826 -395.841275712837 -412.347396694613
22500 2050.97961145942 55988.2756190777 520.152682321392 2.96668313807262 -395.140714077532 -413.317520279478
22600 1890.96132214169 22440.6512106205 529.545291414485 2.9140627192515 -406.596568639951 -414.013567444302
22700 1856.46617862335 5934.76395672197 531.346061544426 2.90418675049706 -412.327946072791 -414.296152106645
22800 1825.6541117875 30347.7487273451 524.339912417275 2.9429920464229 -403.800084876646 -413.731909435149
22900 2151.54798497882 70361.9495393478 519.982682041285 2.96765304915213 -389.563388111467 -412.399196298095
23000 2084.99683453236 40701.0472393076 529.533515126499 2.91412752504907 -397.236356905707 -410.688413288984
23100 2093.24885421193 46326.8437181485 538.987740092839 2.86301167369841 -393.72256746644 -409.307367768578
23200 2433.24565579076 30126.6290420339 547.015039323651 2.82099774400005 -398.782385819792 -409.068218354546
23300 2116.7698466109 15849.4243756841 536.400818380414 2.87681923477555 -404.106572197881 -409.412881587624
23400 2299.91139320534 81384.0046313296 521.390903296424 2.95963773458627 -383.298294193022 -409.782816771283
23500 1982.31104318374 15886.627000698 522.633445084031 2.95260130475961 -406.070429372348 -411.252681515067
23600 2009.19323365461 61126.2268932467 523.080729791872 2.95007654455195 -392.355563379408 -412.312135812434
23700 1544.97373733384 83837.5024401812 526.633285087827 2.9301759603151 -385.472774664629 -413.030050235474
23800 1805.35412031231 25278.5407368716 539.41911622525 2.86072210911736 -404.969186895502 -413.479939676951
23900 2089.45298512155 28592.057681119 527.223511371313 2.92689563075901 -403.586333010444 -412.995037387253
24000 1772.81631122651 103961.501531215 504.355481413363 3.05960428454508 -378.939959071039 -411.666411589368
24100 1885.24684703826 81242.8140607791 509.568719422786 3.02830243115021 -385.669862362097 -411.508961065177
24200 2063.94817366058 28129.0901391324 539.088855469844 2.8624746666692 -402.355709227246 -411.820383692583
24300 1927.64372243929 16670.8885727784 553.809109596397 2.7863900487132 -405.399639281861 -411.162106748255
24400 2320.2163014311 33400.8192577368 552.615474457821 2.79240857918448 -397.076678378626 -408.597137941848
24500 2616.03457980074 74733.5493770792 532.272786947335 2.89913035140533 -381.105961781258 -405.933834743696
24600 2627.37735181717 45607.9603019315 506.154149178945 3.0487316845457 -391.173526188684 -405.581837846239
24700 2236.00199187503 99624.8919803088 492.396169290044 3.13391591589971 -376.259919143989 -406.877591527174
24800 2583.73535260809 87394.8416477492 512.791218487181 3.00927187563508 -382.120756292748 -410.092273374695
24900 1887.34835259371 -13237.7504793327 551.908843925633 2.79598380937351 -417.229052268833 -412.66898565743
25000 1816.59917449267 30113.9787730008 556.045767145947 2.7751819778912 -402.667475372461 -413.118727421564
25100 2236.86100019061 4961.22099909359 535.13996934875 2.88359733948496 -411.781258061626 -413.438346187303
25200 1655.54286437198 117370.027753188 505.662362780289 3.0516967554823 -376.632555788669 -413.675669049452
25300 2166.96896167231 49524.8546394749 505.00280981721 3.05568238803398 -398.148034295525 -413.758168852313
25400 1807.26076511949 5294.42969681422 521.420409224505 2.95947025579834 -412.980094513736 -414.70314044477
25500 1958.64311201011 41216.6489898745 526.169266611107 2.93276002569464 -401.391459131986 -414.927379781908
25600 1872.25369963256 30585.3819614334 516.917306670218 2.98525155175469 -405.018135290335 -414.886032658062
25700 1885.22068042697 103992.122302427 501.062078673763 3.07971458536745 -381.021849355531 -413.544176930895
25800 1890.07971599235 40553.8992598917 512.417937323029 3.0114640403256 -399.738960708896 -412.709158068026
25900 2249.7142806155 33588.6271612681 528.377098329841 2.92050544344906 -400.514253575037 -411.591348611916
26000 2245.55339921947 44312.9451495159 534.32896725005 2.88797405053277 -396.001959197008 -410.780412268532
26100 2304.07478404779 37247.7562039919 527.419474172714 2.92580814215592 -398.303811700395 -410.565377134181
26200 2480.97872502496 26488.421102067 515.5784703289 2.99300354974427 -402.74815875112 -411.272100796976
26300 2224.44010709708 95521.4689401532 499.968425595787 3.08645128945343 -382.434391189256 -412.242416982048
26400 1790.03757568143 79740.9945285011 503.897374003989 3.06238585766852 -388.722285097521 -413.801468160921
26500 2062.18814656845 35734.6132619877 522.781492111415 2.95176515456528 -403.358932956721 -415.018943224707
26600 1919.79898418355 38861.3118213154 526.427044636461 2.93132392719635 -402.414974243237 -415.183633334661
26700 1668.51267670252 85957.4364271902 518.999296474151 2.97327607638284 -387.108251652248 -414.9527800375
26800 2008.30290520756 78947.1712383991 513.720799678457 3.00382657823467 -389.086695171085 -414.400263271068
26900 1574.35035867348 39829.7987279987 523.272602193564 2.94899481722779 -401.087949266577 -414.096405217121
27000 1793.35152232411 40757.5337828173 537.195100625317 2.87256564713613 -400.045923284949 -413.711550924414
27100 1824.73491561241 19393.6960644627 540.413420164637 2.85545868086697 -406.170929740902 -412.712414789416
27200 2234.62632320232 15544.9656102542 521.491045844655 2.95906939181809 -405.844803690476 -410.904521127169
27300 2720.74325731757 91507.4553886295 494.859731112616 3.11831433201613 -380.145406437117 -408.409055771891
27400 2143.18974305561 92484.1995607906 497.974486494067 3.09880974571677 -379.830440618798 -408.575570624824
27500 2024.31097168441 28588.1592963165 530.454398940084 2.90906851738714 -401.122741606083 -410.587812936446
27600 2262.71187944381 -3756.85162148207 545.165573220478 2.83056793691197 -412.667250496726 -411.388923066677
27700 2178.97726842346 21859.5486920689 527.308373943806 2.92642458970425 -404.682242295782 -411.876657565236
27800 2087.68194063305 114584.273853936 500.177114703962 3.08516352808234 -376.31918606216 -412.090795174333
27900 1878.98147880284 102141.537978241 495.572095562572 3.11383188376328 -381.443957826626 -413.037540693345
28000 2018.32877899816 10545.2095458133 518.884671764034 2.973932890752 -411.545530569534 -414.960727081193
28100 1717.90492568748 56280.9603194008 532.211314801491 2.89946521043373 -396.817530954335 -415.51295177088
28200 1709.26527293465 38218.9924831911 522.090009718485 2.9556746215048 -402.865438348512 -415.319593154166
28300 2496.75313817721 96573.1584919994 497.604203069054 3.10111567054424 -384.377983785901 -414.371688954634
28400 2065.87570176155 94362.6114411408 498.564102843862 3.0951450035491 -385.390909752186 -414.754597657455
28500 1693.94710313775 7429.31802392163 521.749804085895 2.95760186162346 -413.911798873514 -416.331161049574
28600 1537.59675027183 3185.9065684724 529.535162520723 2.91411845914147 -416.982420761078 -418.035394358251
28700 1703.09679170286 50601.5195155641 510.763028309667 3.02122140079909 -402.911455155043 -419.04287722049
28800 1839.22749120013 95957.6732234465 490.980121373196 3.14295452033827 -389.351783787514 -418.757601464866
28900 1762.10156579416 69291.9073645858 491.980895868701 3.13656120557565 -397.311243130519 -418.588733258279
29000 1449.15421676233 40799.7013645521 506.323130283205 3.0477141958792 -405.331741060764 -418.225347045823
29100 2161.02746457842 53361.4623952976 514.645638591892 2.99842858104896 -399.766736595019 -416.907322473432
29200 1506.85423523789 36334.8916819311 511.874079589512 3.01466367100206 -404.456578865693 -416.065093431144
29300 2177.72223342845 53574.6035454515 508.296996211042 3.03587903011219 -398.323640596397 -415.320400975388
29400 2227.23455192979 25153.1703858479 519.311583881692 2.97148810032644 -407.299558955107 -415.452426477956
29500 2116.97939321224 30064.5153390981 521.486348714609 2.95909604473773 -405.553292084422 -415.338877087111
29600 2287.20920883219 50987.0521961734 509.289327262772 3.02996373428798 -398.343348628742 -414.550777405846
29700 2291.49298551681 59628.4250844352 502.790013073642 3.06913055498599 -395.287830715246 -414.000236388257
29800 1786.99061005634 69779.408281627 505.249112297782 3.05419278194919 -392.316695975571 -414.321752279266
29900 1963.12105568431 68201.2677545851 517.136605798475 2.98398561340186 -393.281611051913 -415.295023505384
30000 1721.53964767044 44720.1117906874 531.974877350975 2.90075388437568 -401.777521060351 -416.626057401367
30100 1995.69972150301 30719.6802190547 528.351495418077 2.92064696560585 -407.276394547008 -417.406857066276
30200 1940.87421623709 44461.0026912551 507.324918206607 3.04169603440942 -403.677161793994 -417.755619787682
30300 1930.96802843826 80559.4805688299 489.380413714786 3.15322834469927 -392.753220337195 -417.359892529317
30400 1637.75082376804 80280.8111330905 496.400577340002 3.10863496600887 -392.952603849121 -417.825918989987
30500 1981.16930233596 44404.3025278096 519.004111468267 2.97324849219517 -403.597367934412 -417.981560673984
30600 2013.27298698336 11424.7779440077 528.388471444198 2.92044258204276 -412.891873296093 -416.659698472921
30700 1960.09511333364 53692.8913459557 528.141032948398 2.92181083384387 -397.026363615372 -414.725673958171
30800 2097.12329908118 18825.9394881558 521.619072182781 2.95834311695833 -407.577209890281 -413.706353020755
30900 2604.97312882957 73733.8989512402 509.549232570097 3.02841824347922 -389.604518769866 -413.054526696586
31000 2193.15995371331 62816.6695606006 508.828311984379 3.03270898163681 -393.669230495899 -413.618905164702
31100 2102.22614696522 43890.4358845072 516.84238273286 2.98568430806054 -400.715099115404 -414.873612526212
31200 2176.8154336059 31824.2116817997 524.246827639699 2.94351460134475 -405.607587691679 -416.020761281678
31300 2028.89998733279 33908.5041288484 517.443187244091 2.98221762293333 -405.805761335022 -416.756942088897
31400 1944.98540570124 86332.4796129887 499.909210160422 3.08681688695218 -389.726056186499 -416.663414020995
31500 1677.45299229983 55437.8328180119 500.075597260003 3.08578982922017 -399.770457652844 -417.073861714299
31600 1670.1338417407 67191.9675821189 517.89046536286 2.97964201906078 -396.590604937091 -418.309859563376
31700 1815.07744477048 5854.12786546147 531.872906934873 2.90131001550541 -416.240273975212 -418.183662862373
31800 1747.22981855042 37987.0312623054 519.029171871885 2.97310493416162 -404.969605635668 -417.275601496889
31900 1826.09761498219 99763.7246420143 493.958859739959 3.12400144554242 -384.077279367199 -414.834924150767
32000 2268.75004239049 62140.5093828065 491.815441883932 3.13761639113051 -394.50102556749 -413.576116283773
32100 2202.00468552379 27045.1422989164 515.284891795509 2.99470878427872 -405.095336282715 -413.793474860513
32200 2127.40548007767 65140.6807385245 536.504379653504 2.87626392325583 -391.739464788156 -413.552455123383
32300 1562.26171876276 21859.5240678635 533.388186533191 2.89306780844892 -406.159633969881 -413.436991927033
32400 2088.6791844044 58087.3879979052 510.728436509531 3.02142602908958 -394.931843582382 -413.448455736594
32500 2059.41337968752 88586.8177990237 490.290185159999 3.14737728507158 -386.927221605801 -414.036124589597
32600 1698.37411011465 89686.3184714261 492.798032749256 3.13136029228284 -388.31105478477 -415.896805360466
32700 1755.57467250716 25497.7288000515 513.454502277719 3.00538447909347 -409.356568153348 -417.527904863281
32800 1659.12012942431 17542.0417220373 517.379143901644 2.9825867742351 -412.210197437882 -417.874920724258
32900 1798.33366025558 54599.1650586385 502.932417798397 3.06826153426581 -400.390743621407 -417.529735544403
33000 1845.93109246964 78599.3752157523 495.755176774008 3.11268195303094 -392.601397000586 -416.92209272569
33100 1845.54820038565 69740.314173461 505.525424178219 3.05252341041922 -394.405339947021 -416.410095293802
33200 2236.38358009657 51798.2896911848 525.062682169516 2.9389409003322 -398.999109370242 -415.974360796691
33300 1766.80043226182 15797.3866271505 534.273665783522 2.8882729782369 -410.600766949287 -415.868680729752
33400 1765.44983410401 37359.2258986284 516.763869883416 2.98613792836225 -403.375863202987 -415.425658060934
33500 1981.83250732516 77866.6012836807 497.341956702107 3.1027508760746 -390.484524151504 -414.655598839074
33600 1787.03369688378 142163.54229446 497.824219401707 3.09974511429089 -370.600001987013 -414.772697361162
33700 1761.4853767271 15307.9923258547 527.46623518371 2.92554876300029 -410.670727881511 -415.710403023632
33800 2035.18757019107 -9353.31414510434 539.656236742772 2.85946513132147 -417.991025021299 -414.840576670184
33900 1805.43353579461 45187.9709223881 523.886393205136 2.94553974273938 -398.259468895022 -413.035221193716
34000 2748.07004477996 87676.9549311798 504.926618695926 3.05614347655419 -383.204848085345 -410.836278449575
34100 2148.65621892853 69207.0874747926 505.730152998855 3.05128769308247 -389.172775027712 -411.018127856962
34200 2609.2594313185 56803.0238799295 520.715740563005 2.96347521624307 -393.919409479348 -412.380689273338
34300 2322.27700718663 20217.8502973768 531.265178349906 2.90462890238549 -406.675291311109 -413.379321637411
34400 2085.74043354702 21086.5127715101 519.407825454067 2.97093751045648 -407.433191274033 -414.269204500453
34500 2205.65692018108 25978.3344149654 498.867140767344 3.09326485102331 -405.895475969844 -413.984308512009
34600 2282.68748720713 103009.663296882 489.09537673943 3.15506599582566 -382.954800565323 -414.400493395039
34700 1921.84664609331 35416.7686389432 510.795214784101 3.02103102613903 -404.854899539675 -416.146237256766
34800 2059.48438785796 -11335.209442786 531.097836708902 2.9055441110974 -420.539494239924 -416.78203979361
34900 1649.82733581168 49148.4606266762 520.188647016316 2.96647802814835 -401.07911190116 -417.036449458118
35000 1904.27989216368 52899.8789681452 505.084474544633 3.05518832915494 -399.915435223046 -416.592067024911
35100 2106.09827179983 87615.4722392606 499.146265029968 3.09153508696188 -387.790514057791 -415.086467860049
35200 2011.30303609882 67526.5781383475 513.38540086916 3.00578900228485 -391.81636437973 -413.45390517931
35300 2326.02066534704 2426.13247867049 534.18019691603 2.88877835751873 -411.763830191728 -412.572724795538
35400 2392.98618060697 44750.6103367918 532.901272680592 2.89571121514479 -397.107994117595 -411.992532245392
35500 2002.15864365914 25645.4491250603 518.671409345944 2.97515568442849 -403.957006521908 -412.259188735294
35600 1962.95933540918 57709.7434363892 503.404507451395 3.06538413745752 -394.883900911643 -413.016325753563
35700 2002.43887789266 98979.699688235 501.981605204538 3.07407318488763 -383.156603582465 -414.168161005859
35800 2040.58660185992 55346.4856587221 517.007583786161 2.98473028299788 -397.364825182102 -415.224625785513
35900 2055.3264341642 42448.908156705 528.143189897999 2.92179890109753 -402.079671013247 -416.07257489217
36000 2264.74648714186 39963.261449385 522.547257387001 2.95308829976936 -403.173423256306 -416.207375924202
36100 2173.26577560678 78042.3325232232 512.525133092517 3.01083418593555 -390.777202399719 -415.742402465577
36200 2088.93457293273 13457.8136035764 515.408223178937 2.99399218419219 -411.099823171057 -415.429101373111
36300 2055.25759568593 64942.0700951246 507.976224344149 3.03779609736353 -394.519430984305 -415.109564198726
36400 1948.79047936684 91271.2997299711 501.307156447567 3.0782089822959 -386.269247277731 -414.827246807063
36500 1782.9896290102 -1060.7854650681 507.059914084775 3.04328571240228 -415.178841838528 -414.843122405132
36600 1995.09806108602 106713.224200569 509.666765838213 3.02771986579946 -380.163954540689 -414.110391684457
36700 2480.64326487293 -4075.96073887245 521.941727788426 2.95651431895409 -414.231222975383 -412.903395491679
36800 2340.55468168615 62275.9654357129 516.098302618738 2.98998889172106 -391.813876255083 -411.874412691184
36900 1914.6677506005 74017.6070264525 515.709449324196 2.9922433918717 -388.107620501353 -411.932448390108
37000 1869.65410591558 29636.093233187 514.641740650505 2.9984512914083 -402.85037863546 -412.369910726718
37100 2287.5916139675 54543.3745710624 516.499645681467 2.98766553814403 -395.976108591155 -413.559460762545
37200 1763.13105184321 26083.9214754563 522.132549472635 2.95543381354929 -407.206773460538 -415.707250418116
37300 1770.47690984798 30993.1706246714 527.768555033983 2.92387293094178 -406.944546402747 -417.153921509987
37400 1998.5236496409 43283.1574239594 516.910758037829 2.9852893712713 -403.196669967432 -417.161130009312
37500 1829.6728539044 78232.0705045803 501.673892850763 3.07595873306719 -392.117778162718 -416.613822984127
37600 1928.91228013181 76901.4440385523 504.648984162506 3.05782482536258 -392.469701086246 -416.691898587386
37700 1825.72183613344 40301.6420026698 526.356654761344 2.93171593425715 -403.641412953576 -416.881550644969
37800 1632.12709310807 12971.4221874433 545.692893211594 2.82783267120132 -411.894440350029 -416.312438555929
37900 2089.92753730179 -20132.5574207726 546.585240099812 2.82321599387559 -421.263330565539 -414.39507433306
38000 2177.95841044782 66609.5685981846 511.134258975644 3.01902712402546 -390.915837152545 -412.165950661337
38100 2671.18853018549 163706.225886216 488.62195405636 3.15812291906992 -360.053343436062 -409.979463300955
38200 2257.20390028026 53384.6441643434 515.592980641102 2.99291931776758 -395.166620354712 -412.346218111363
38300 2166.00647433532 -25236.128667268 550.013190291544 2.80562033621077 -422.419868172368 -413.756525751048
38400 1920.7778107124 -5354.77776868692 546.465721309604 2.82383346601872 -416.399584016211 -414.573191920323
38500 2190.16924831074 75113.866415932 506.192331059572 3.0485017199609 -391.424768151907 -415.156275346013
38600 1829.81901518893 140822.240022967 479.35876862564 3.21915085915794 -372.058406747009 -414.191327541012
38700 1783.7705478582 83998.6187600496 497.315070510888 3.10291861913792 -389.826068782636 -415.899213040757
38800 1941.93417677796 24827.0407943505 533.357170808495 2.89323604579451 -408.644901888779 -416.909709316439
38900 1959.22662360934 -16715.7474983126 541.422912755243 2.8501346276856 -422.868449893993 -417.219703517163
39000 2077.2834192373 27875.4146492225 524.619934898631 2.94142118744361 -407.252789248731 -416.380371770724
39100 1953.04459690217 80760.6258200115 502.031196444158 3.0737695242765 -388.526033585751 -413.831830797231
39200 2306.40578886472 97456.2373208381 502.7863595618 3.06915285691327 -381.65654790731 -412.239736949925
39300 2122.55896147495 45040.5008621017 523.589963642752 2.94720735502678 -397.820390535605 -412.539589206188
39400 2332.2897346641 9809.83897740431 541.365691355643 2.85043588189334 -409.752188900804 -413.06687380605
39500 1995.60054801417 40997.2311678442 535.683552673952 2.88067121748156 -400.135108162393 -413.842425952778
39600 2047.26972707378 85602.7663701842 508.725745873938 3.03332041749762 -387.570685079101 -414.751417770253
39700 2166.21342078547 90907.8343252287 494.621077433142 3.11981891243748 -387.566457136548 -415.631361946385
39800 1839.83154544108 42020.8735404411 500.29102153815 3.08446109450806 -403.808057775841 -416.929374777728
39900 1621.47856896503 54148.0386405254 520.758055945737 2.96323441231011 -400.266568776849 -417.866394598608
40000 1470.34605310312 14313.3657547055 537.514226527076 2.87086018510877 -413.084760907461 -417.886752275228
