# step temp[K] press[bars] vol[A^3] density[gcc] enthalpy[eV] etotal[eV]
0 2086.40901300953 685138.217640585 310.397994755112 4.97145026044246 -269.174821482956 -401.91021542097
100 2237.00212392717 618374.345582763 314.022079753925 4.91407544678181 -282.58340203917 -403.783031459756
200 2104.9727256597 626553.056464715 314.208847024768 4.91115449637381 -281.329208014047 -404.204879621777
300 1642.78274879717 698705.03225769 309.476678279842 4.98625033861439 -268.354294072415 -403.316273904549
400 1739.46356444805 647150.780179854 312.069006960985 4.9448300133792 -280.045718153791 -406.096562941961
500 1448.72433849757 615260.509256019 313.434998524039 4.92327978411054 -287.366465733764 -407.730343752546
600 1742.32624507522 696570.917819432 307.224916622697 5.0227963565899 -271.916373550845 -405.487139411454
700 1636.00162667341 665257.278990732 309.477236975811 4.98624133698961 -277.66711509636 -406.168553346202
800 1538.28141759372 583870.435088489 315.524686590573 4.89067340036215 -292.639797583993 -407.624342695469
900 1847.29689218528 700867.601511765 308.52220753835 5.00167622998193 -268.974057240175 -403.936228767793
1000 1702.80124574021 689205.042980243 308.376148004805 5.00404522804428 -270.90481674905 -403.558364182641
1100 1699.97816498182 577761.51414864 317.402836515674 4.86173409414354 -291.906656250373 -406.365421199409
1200 2030.02095890813 649514.917082512 311.359904137799 4.95609155629485 -277.337038131048 -403.560898185718
1300 2342.7277023168 714516.03916123 307.42187803054 5.01957831287734 -264.510139342439 -401.609805104537
1400 1709.29017104604 577703.620023645 318.343520718247 4.84736798909716 -290.230820505214 -405.017302724872
1500 2246.00228720608 605354.827036301 315.937694576699 4.88428009178721 -284.16140644233 -403.533029016201
1600 2428.50008810714 734791.282948233 306.790689372523 5.02990555229127 -258.388862966935 -399.089418892334
1700 2169.65510307639 643779.322301794 316.134770054109 4.88123527697382 -275.113135544467 -402.140980492554
1800 2625.66003406268 548498.31913423 320.171305530005 4.81969547305826 -293.93009272826 -403.539379169685
1900 2510.04326648591 725204.04873936 307.245492268235 5.02245998948268 -260.757500061724 -399.828117406218
2000 1562.65770715856 697152.046488726 311.144739722949 4.95951881828425 -268.322330952964 -403.71015623442
2100 2135.0766751377 544836.754705458 318.988413442593 4.83756815870628 -298.958488182371 -407.433810326158
2200 1634.29035676212 700881.212142058 307.821402780088 5.01306334754296 -269.130649294259 -403.788870722283
2300 1617.6013678972 728909.671622109 307.228243225115 5.02274197081362 -264.115932659729 -403.889320849018
2400 1529.91690490826 569025.311401714 318.219170297484 4.84926219380039 -294.594082486562 -407.612069251766
2500 1845.86373550429 662018.236135395 311.466145487062 4.95440102953411 -275.301271384961 -403.998870089745
2600 2239.18245231012 737347.91044078 307.40303571685 5.01988598865855 -259.301619954043 -400.773540213123
2700 2153.08941611202 582601.085530873 317.729030562515 4.85674283251401 -288.322708301775 -403.85884187407
2800 2035.84252762155 634495.924241612 314.747128020204 4.90275543282183 -277.733261892864 -402.379809820369
2900 2215.69480899598 722372.731496986 308.589697185215 5.00058234588414 -261.07888967176 -400.212613370436
3000 2189.46044466767 600861.533705854 315.755018264925 4.88710583396462 -285.415513694587 -403.832582319662
3100 2000.75186671885 618027.494450985 315.397893224822 4.89263950398726 -282.461600301324 -404.123957541525
3200 1905.06469799637 729801.584728362 308.045988960029 5.00940848824475 -261.306749618885 -401.623656596516
3300 2095.06830634428 637542.953961803 313.476176233767 4.92263307025721 -279.742909451471 -404.48230451358
3400 1891.98078503333 588283.884987059 316.391466695969 4.87727500359218 -289.900166745457 -406.072137314653
3500 1925.78913521838 704858.268479639 308.355452300229 5.00438108149182 -267.372019802912 -403.029289888072
3600 1735.5613762804 683936.239340281 310.023732535846 4.97745182036249 -271.718745155249 -404.061508725183
3700 1711.85638878447 590835.396053213 315.960558416361 4.88392665084686 -290.178653095975 -406.695579707447
3800 1722.50205783325 665749.654405676 308.976853259635 4.99431648547932 -276.034111518282 -404.42273366881
3900 1508.02580785222 719733.431353873 306.961401286734 5.02710824682703 -266.035445274919 -403.929355615817
4000 1671.0323657764 583545.510606727 316.375511163601 4.87752097559837 -292.493324323498 -407.723768163754
4100 1791.96620390975 638457.205938075 311.572876796425 4.95270386733427 -281.021412300768 -405.181233871946
4200 1785.175011545 751785.682670965 305.974698836082 5.04331958732578 -258.083508220485 -401.655329330411
4300 1967.11014396628 580604.476738817 316.512963863929 4.87540280507917 -290.166097903249 -404.865598092691
4400 2053.12137277113 604811.775797264 316.048669029215 4.88256507013948 -284.214179300643 -403.52060824522
4500 2208.59881873196 741070.327669022 306.848682512827 5.02895492080731 -257.301852109029 -399.231566902991
4600 2172.96129429806 626405.186573326 314.573328828696 4.90546416510232 -279.921447890819 -402.910622139681
4700 2173.55876783536 551092.040854982 318.216400547652 4.84930440169139 -295.799218707028 -405.254403957425
4800 1556.44507759821 750215.270631301 306.261308159048 5.03859988433388 -258.543782893516 -401.949899625622
4900 1808.28275293374 656180.119980318 309.705707167973 4.9825629820544 -278.393892606026 -405.235553364419
5000 1625.94517301547 560220.169105571 317.427739127926 4.86135268488375 -297.639808803727 -408.632213007038
5100 1702.64812895039 709425.156661125 306.926289635126 5.0276833362844 -268.112931612934 -404.01632996375
5200 2027.35883599357 697754.049906888 307.616532909343 5.01640200307729 -269.998791450334 -403.966978885245
5300 1397.69802109874 549003.574003805 319.292045421538 4.83296785495811 -298.426032571102 -407.834998491779
5400 2348.17750634457 704606.265443291 308.444303365051 5.00293950976229 -266.613582474095 -402.261426947726
5500 1921.93472388073 734187.744126867 307.070486219086 5.02532239703799 -260.129987201942 -400.843190500787
5600 1898.64737159189 525078.906793474 321.005917368957 4.80716431807232 -300.830963696574 -406.033752631706
5700 2096.53501488279 665919.891671251 311.366796688385 4.95598184610056 -272.378747649428 -401.793542786389
5800 2124.42862969349 774415.870517604 305.375239616546 5.05321974959003 -251.546291681167 -399.150149322426
5900 1988.00022832705 539976.516401194 320.067023737782 4.82126578941273 -298.563332181145 -406.434516468785
6000 1676.06001000316 631664.595897247 313.226026574869 4.92656440060313 -282.148240677302 -405.638874512535
6100 1863.6842132703 770032.061627741 303.56053271502 5.08342826409122 -257.168561607054 -403.064686556685
6200 1635.14612022671 588730.901099047 314.840639958438 4.90129924799361 -292.884973477517 -408.575356943591
6300 1671.01566273028 595180.000233992 314.177677909425 4.91164172494454 -291.106957424902 -407.818362449034
6400 1814.10176564568 751257.349362355 305.741206839096 5.04717112822227 -260.024525106423 -403.385964149367
6500 1722.22424279879 628767.314294732 312.746144817319 4.93412378517883 -282.825510972634 -405.561397769636
6600 2177.77105276873 591644.020989308 315.001117263985 4.898802281304 -288.944391969177 -405.266487340185
6700 2219.17755768767 678395.503776572 309.52922987191 4.9854037775518 -271.319463512916 -402.380702916021
6800 1828.47390002835 667658.915154703 311.517631038659 4.95358219925157 -273.208259309435 -403.023871753404
6900 2118.27974657944 615693.442015206 314.76677155375 4.90244946837602 -283.189572943867 -404.149927193192
7000 1989.34684996842 660618.392683943 312.027250611535 4.94549174420433 -274.364405175581 -403.021229671872
7100 1992.06553926066 679556.186056473 311.084922261582 4.96047246728515 -271.078621237761 -403.023936446013
7200 1884.01066665834 610698.098026165 314.481878934832 4.90689065167374 -285.314540453319 -405.184907625223
7300 1712.57250900796 649437.90657562 311.270941730158 4.95750802593023 -279.325171242608 -405.498004744445
7400 1559.54722062018 697800.39014381 308.284247658716 5.00553694710484 -271.592831246397 -405.860727630748
7500 1435.35058570264 636429.031959575 311.960196430099 4.94655475129465 -283.747422686541 -407.666682408505
7600 1594.62354742308 644000.022350757 311.233476165744 4.95810479925476 -281.795628912487 -406.896930552502
7700 1919.77455021028 672898.602551026 309.424831782302 4.98708582300143 -275.226455871671 -405.18188643809
7800 1954.01756413535 630996.978690283 313.195175487034 4.92704968863737 -282.155681834786 -405.503645977745
7900 2274.0629337121 614350.208844492 313.781680855505 4.91784028837784 -284.398127836325 -404.716857492611
8000 1916.9242173189 684788.550035957 310.142722313621 4.97554216444159 -270.476956764806 -403.035501417875
8100 2153.22054279087 637139.628274537 312.522634069753 4.93765258461794 -279.634612510632 -403.915897936165
8200 2059.32189455851 623870.774119157 314.546334445167 4.90588515230376 -281.536535471845 -404.017588693291
8300 2037.48226637795 676384.016367869 311.695711459744 4.95075208009532 -271.105572405526 -402.692820877703
8400 2192.00027577019 647438.242373195 312.372836892374 4.94002041668494 -277.133174364205 -403.362787944685
8500 2229.38637688001 614881.62097985 314.904309300684 4.90030827235418 -282.51497421915 -403.368620591035
8600 2051.29371454771 654289.289531406 313.052638310036 4.92929304220672 -274.535326485678 -402.378287798496
8700 2480.85861331268 647415.133308786 312.080029973935 4.94465535649622 -277.246155917607 -403.352945156237
8800 1854.28286391696 645957.236156558 313.3145799831 4.92517198513187 -277.367278904973 -403.687831062264
8900 1883.37791291343 633508.436746751 313.984269869743 4.91466719815706 -279.922195630234 -404.073114064158
9000 1966.54651490928 652707.230645748 311.768709986627 4.94959289510584 -277.703082417407 -404.713865122913
9100 1990.7504049921 669399.72603041 309.885382193656 4.97967403606595 -275.542874803903 -405.014995972365
9200 1746.27774648045 652369.722909287 311.96485852047 4.94648082859265 -278.413834289938 -405.438808323969
9300 1593.12771705216 625212.603385399 313.179018961336 4.92730386915425 -283.928276237489 -406.139199797098
9400 1625.5385193199 708238.335520781 309.433209849191 4.98695079503004 -267.056977454671 -403.841196608081
9500 1983.38183900752 677396.103480552 312.530515884091 4.93752806026284 -270.786465613547 -402.923563916168
9600 2177.79559956268 625778.244743342 315.257236786956 4.89482242372419 -279.583275955397 -402.71647649802
9700 2454.28220187695 657309.764232151 311.329696467874 4.95657243550281 -273.259122659248 -400.985405864479
9800 2339.3931307708 653153.379750226 312.348849011763 4.94039980217121 -274.460740207678 -401.794842532314
9900 1892.97402870339 611980.291900642 314.883980763432 4.90062463045858 -283.586633786509 -403.862265380432
10000 2066.26950126113 686206.244057194 310.57143090756 4.96867399347309 -270.051112834249 -403.067703150326
10100 1795.82736615293 657867.719115513 311.071468046834 4.96068701367941 -276.275869244318 -404.004541563432
10200 1982.98582636898 603082.736913161 314.223088666731 4.91093190641628 -287.340001473833 -405.618181383749
10300 1840.59237786217 662559.172045508 311.331140395867 4.95654944733119 -275.73228590116 -404.479213978478
10400 1739.41643281747 701635.230767007 310.013250123657 4.97762012188382 -268.077750089152 -403.840706474633
10500 1542.27702338267 624056.483701852 314.357130325262 4.90883788851699 -282.989594940691 -405.433411447417
10600 1834.94871031493 652717.365596242 312.123803167862 4.94396190295111 -277.049007992235 -404.206425757136
10700 2284.9845383512 664975.248294165 309.580692151125 4.9845750429191 -274.36467723212 -402.854576834489
10800 2058.1930073711 614329.28967992 314.30341269132 4.90967685858899 -284.057287563812 -404.571970098872
10900 2040.58363515797 627111.411531911 313.532426706505 4.92174990662332 -281.270876992532 -403.991290550552
11000 2138.58107085755 705926.226961883 309.066308670637 4.99287094249598 -265.353326605936 -401.529342894341
11100 2020.38488643952 628291.911768682 315.249750732925 4.89493865824952 -279.548112763281 -403.172987159198
11200 2398.00173821986 591064.138362609 317.014162413417 4.8676948061826 -285.65044045085 -402.60116514044
11300 2281.09133918291 727470.499579943 309.682375558344 4.98293837059319 -258.257431200004 -398.86915060703
11400 2308.50788490905 630571.668312753 315.530669679825 4.89058066346438 -277.684336925953 -401.868345856209
11500 1696.84603310659 607878.908380229 317.77660953063 4.85601565875283 -283.602903658662 -404.169956358692
11600 2090.60962208325 727855.412264221 307.20896397836 5.02305717867926 -261.97261430577 -401.535082690329
11700 1950.68054531233 682697.97960188 310.430637822891 4.9709274918493 -271.693969427141 -403.970512771904
11800 2009.09602621735 535206.488846125 319.072916343937 4.83628698276208 -301.114312126115 -407.700506120555
11900 1571.44792202894 728650.082806119 307.544435521103 5.01757799405944 -263.245460233293 -403.112870851919
12000 1638.09111121281 714883.35907851 307.357564218707 5.02062864725227 -265.680843926747 -402.822293665186
12100 1961.82727571467 542224.836316217 320.428433370334 4.81582790776453 -298.951557163366 -407.394200552089
12200 1881.70270467521 667388.376549008 311.770632159881 4.94956237916207 -273.045022133322 -402.913420560611
12300 2203.90477878763 781214.308521053 305.728241775152 5.04738516437423 -249.402238192397 -398.4740021296
12400 2357.42841847822 541144.803379051 321.833487237169 4.79480306761533 -294.729150565813 -403.430357437685
12500 2274.88285703838 630977.870489779 316.760753773015 4.87158896260203 -276.075842187709 -400.824286488592
12600 1928.39037780829 804545.206295158 305.473565745667 5.0515932142911 -243.000884718404 -396.396776476001
12700 2281.4177347632 562503.299806828 318.390612070358 4.84665104235272 -292.673319414551 -404.456116077149
12800 1588.44723049535 613492.843695753 316.961972498966 4.86849630477724 -284.256288922071 -405.624878370116
12900 2226.6368554179 749349.820324793 305.461533748438 5.05179219435518 -257.971475950529 -400.838098591997
13000 1830.64003024672 622719.236802826 313.616772181074 4.92042622954859 -283.175690535605 -405.069375170952
13100 2199.36123080389 555793.613453928 317.87962541802 4.85444196002454 -296.20475731925 -406.476918753688
13200 2074.80138562484 736803.642988894 306.394506207963 5.03640946753377 -260.606693502896 -401.510388174369
13300 2015.14334814502 665714.075533289 311.310339667576 4.95688062758824 -274.531913336083 -403.883251953117
13400 1798.43338211849 573956.667810086 318.370772208584 4.84695307035007 -292.159356217576 -406.211102417175
13500 2364.45265085401 684279.780035708 310.050691571103 4.97701902887785 -269.485785984317 -401.906539270982
13600 2156.5059937004 669077.65128736 311.447500244435 4.95469763171969 -272.12678579473 -402.1889618177
13700 2242.34545101711 586208.762262285 317.580900030859 4.85900818253294 -287.72134193111 -403.918718640376
13800 2504.87440464795 653061.495406187 312.853318617946 4.93243350808299 -273.793811768201 -401.315627310636
13900 2325.71704276988 697998.977182619 311.439707555158 4.95482160569658 -265.403077892934 -401.083882927557
14000 2036.48132146062 602839.483499066 316.929391822654 4.86899679134088 -284.72228358958 -403.971037314305
14100 2098.06200237947 653618.417018837 313.579085790929 4.92101757352199 -276.011560388133 -403.938206213285
14200 1870.63835594642 679631.681207267 310.184033946944 4.97487950050346 -272.729339851741 -404.307163190813
14300 1802.81180811565 621017.765928805 313.205781851746 4.92688283959123 -285.126799234274 -406.528127316139
14400 1746.32205242228 634136.788033501 312.518222076914 4.93772229219435 -282.419103556326 -406.112904800942
14500 1630.56360556343 683647.783106533 310.300755415156 4.97300817009467 -272.458525323144 -404.863677649279
14600 1888.36591536754 662529.798049943 311.768336786443 4.94959881998261 -275.934994496745 -404.85700353226
14700 2004.27046287984 639784.161389362 313.197207538824 4.92701772149368 -278.573683197012 -403.640186653227
14800 2166.36609157933 645909.1243636 312.658052814839 4.93551398396249 -276.319643663731 -402.366111776864
14900 2330.19449294376 657497.171403619 312.701766415918 4.93482403234537 -274.037907778136 -402.363673953948
15000 2343.79502857214 639716.044749814 313.737447245448 4.91853365103361 -277.516045518905 -402.784939952047
15100 1797.21974436996 672647.766468527 312.773676694071 4.93368945934501 -271.645435897667 -402.95838115583
15200 2268.09727529868 643683.217921353 312.444024286085 4.93889488010555 -277.861498699917 -403.387603328692
15300 1672.56304779963 646933.299095724 312.442325559882 4.93892173251786 -277.936911714591 -404.096136027015
15400 2049.10202912177 652764.255299654 311.343118095059 4.95635876362931 -277.350175172788 -404.198658236915
15500 1664.12127635615 661575.192356322 312.030790802578 4.94543563440333 -276.376347340621 -405.220972415518
15600 1836.18123073832 630116.643613251 311.935844371107 4.94694091657602 -282.78328517438 -405.463880775294
15700 1896.0956772169 644438.615915888 310.70597144396 4.96652248006262 -280.206487712356 -405.180812447581
15800 1802.82576034899 658674.272884129 311.095585798408 4.96030243536171 -277.952065510267 -405.847249825621
15900 1572.36587988522 643204.014929749 311.686081760237 4.95090503609064 -280.986635099806 -406.115008400691
16000 1939.10800791154 648428.678713095 310.594145055099 4.96831062798165 -279.267380240646 -404.970229517303
16100 2113.9181459569 644888.285800859 311.923809165825 4.94713178834566 -279.078651966296 -404.630369017085
16200 1756.33844555132 662474.275523575 313.217110183679 4.92670464573658 -274.328792305278 -403.839041738172
16300 2248.66064804771 656842.186589137 313.021633943685 4.92978128196641 -274.070007560437 -402.399073983066
16400 2191.90012535527 650060.537938267 313.389445017496 4.9239954197563 -275.141029556739 -402.29438077132
16500 2074.16514754165 643959.579328658 314.307966158731 4.90960573072721 -276.276337756047 -402.605506650499
16600 2094.20005517955 669426.090042109 313.446696770302 4.92309604078216 -271.558739871822 -402.523959156687
16700 2168.70560786363 636923.44642665 313.360343336833 4.92445270972722 -279.453144514921 -404.02528113753
16800 1570.62145387212 652119.351985457 311.986019731583 4.94614532149149 -279.032105407471 -406.016941981894
16900 1723.27135634309 678734.22725457 309.921879980304 4.9790876073809 -273.802772424229 -405.095790214538
17000 1677.6764382897 616344.273498793 313.32985416744 4.92493189315273 -286.148052021779 -406.683499478606
17100 1662.75102449248 621356.988165355 312.504574645505 4.93793792816183 -285.432146461673 -406.627845743011
17200 1773.74979635323 704704.297665191 308.649009936137 4.99962138931018 -267.68943124741 -403.446186993173
17300 1625.18903648435 625137.181925529 313.782772112694 4.91782318537205 -282.687404459955 -405.119157700194
17400 1984.08143387857 645939.66322481 313.7626178679 4.91813907708983 -278.044590393167 -404.542338748686
17500 1938.37111308896 671497.795799859 310.711615756939 4.96643225940181 -272.198712724307 -402.422920300811
17600 2010.59808132479 649084.538686652 313.022565404817 4.92976661241807 -276.406635569663 -403.220446322909
17700 2142.98147558672 581010.532787729 316.037285532591 4.88274093756253 -290.273920613601 -404.881138762212
17800 1862.92308593358 695472.522363698 310.342856978605 4.97233352457184 -267.836258983023 -402.5498373812
17900 2103.87614393899 649624.118205542 311.966400911893 4.9464563727231 -276.838161130051 -403.329155163571
18000 1704.43761177733 651513.233181934 314.462743147441 4.90718924735258 -277.344324964116 -405.218275495315
18100 1901.2415692996 664068.289139928 311.059183775128 4.96088291989374 -276.197151590217 -405.124607454669
18200 1601.08590642713 684666.71745399 309.410494969 4.98731690410414 -273.06288773517 -405.284941882287
18300 1751.27672574296 604978.200904478 312.986108842615 4.93034083069189 -289.194772430698 -407.377614980005
18400 1550.59138518894 662951.909483234 311.007676156029 4.96170451783945 -277.755636268945 -406.445036451498
18500 1715.18519637171 692042.678344369 309.729665372852 4.98217757091012 -270.918575797383 -404.702929261145
18600 1785.50797098324 623821.732878282 314.380875022712 4.9084671316429 -282.808051530078 -405.215053655287
18700 1967.79003275072 636139.707142689 313.253126567323 4.92613819621199 -279.288036704808 -403.664316219624
18800 2063.84012018416 684158.080861081 311.530546238778 4.95337683734988 -269.153104624259 -402.182231343024
18900 2157.20943203137 626692.934268501 314.928084702983 4.89993832503534 -280.561649521697 -403.746083624975
19000 1868.80723960531 661488.068331397 313.392233494739 4.92395160740964 -274.031136868626 -403.420890846729
19100 2235.10641484363 678824.683208084 310.514010332521 4.96959280585641 -270.774659751744 -402.336054326965
19200 2259.50103786176 610845.811001664 314.289504627512 4.90989412355655 -284.992518733971 -404.818534995914
19300 1957.1490654097 603244.003906982 313.967850610178 4.91492421554354 -287.917258127815 -406.130965107135
19400 1633.27709670114 703382.986816107 308.725813448314 4.99837760448388 -269.245252436351 -404.781184195747
19500 1520.49169940308 634901.578910871 311.210559155466 4.95846990556399 -283.831809649993 -407.156596514324
19600 1409.6249947638 623439.422617644 312.386439557624 4.9398053066944 -286.691133288297 -408.247042709878
19700 1556.71829866263 689595.969764478 308.973956098558 4.99436331576725 -273.026718516453 -406.012812675088
19800 1544.16718528275 670017.894871 310.680126119373 4.96693564258823 -274.925206570258 -404.849246824724
19900 1979.39690469296 615946.450431445 314.149097064391 4.91208857923225 -284.059479825533 -404.832079625278
20000 1911.90583295954 676949.973360529 311.214022372019 4.95841472728209 -271.432092471564 -402.925922367435
20100 2312.78237120524 654712.775844195 310.892093539104 4.96354916684951 -275.550192370878 -402.593015398803
20200 1865.19928060614 610505.098709984 314.780927519259 4.90222900106205 -284.683682769875 -404.630118900455
20300 1897.01118551667 658558.244010334 311.985419270391 4.94615484106559 -275.47164199348 -403.710053848564
20400 1963.48361863598 690369.15059608 309.969199254884 4.97832750988018 -269.027067313031 -402.591111474546
20500 2239.52080732177 605178.081312887 314.365779681536 4.90870282837198 -286.265802957037 -405.008824951245
20600 2350.49309336179 630748.400426397 311.74459452655 4.94997577811953 -281.48406895576 -404.212372821906
20700 1938.2439914057 693393.206415212 309.066620450348 4.99286590579595 -269.385300428017 -403.143781438055
20800 1798.00492823714 615783.413544061 313.450941989804 4.92302936488325 -285.178370800944 -405.650672720915
20900 1848.12935863919 639738.32010354 311.870916219867 4.94797081616365 -280.821794476368 -405.349757551379
21000 1901.67703919123 693028.243916552 308.625740945639 4.99999833823946 -270.202039147194 -403.699413047636
21100 1577.48161031142 644027.430170913 312.696117378773 4.93491318281036 -279.201517770149 -404.896081945739
21200 1699.60946122259 638523.3077097 313.185511041755 4.92720173016045 -279.545543418336 -404.360910787121
21300 2293.55699920124 691357.534548851 311.138452015928 4.95961904376616 -267.718925435586 -401.978735817949
21400 2312.96059828498 620093.488210689 314.490677251686 4.90675337454013 -280.654082339829 -402.372021073009
21500 2026.68945703152 647160.320588408 313.62969764601 4.92022344646657 -275.186942042744 -401.870048226512
21600 2280.7069055796 680277.626136489 311.615931600006 4.95201957083151 -269.089252380612 -401.400109652056
21700 2164.1964508554 632476.937435682 313.48929404883 4.9224270849446 -279.793886800831 -403.547261425211
21800 2080.15916523949 629410.002549244 312.458535129338 4.93866551357722 -282.519033809238 -405.267387309798
21900 1675.89750015839 671672.304963782 309.59143114407 4.98440213982543 -275.513141886778 -405.301582894104
22000 2005.71956510667 649582.801334163 311.094117487321 4.96032584714179 -279.589690685036 -405.718983129403
22100 1711.48277383698 640990.055829603 312.986094858068 4.93034105098469 -280.836991540577 -406.054765248381
22200 1972.89888169963 651709.4257455 310.428113970582 4.97096790663862 -278.131353879839 -404.402665368322
22300 2167.65452719052 671081.249175986 310.569092157713 4.96871141022137 -273.502128986413 -403.585858413632
22400 1971.94974750405 620200.710226866 315.193466879707 4.89581274365388 -282.452190102745 -404.463224478585
22500 1894.7824388886 649459.225396 313.002255540453 4.93008649155463 -276.23546670983 -403.114248436127
22600 2145.30192020827 694640.696467343 310.552842643922 4.96897139542677 -266.962290293727 -401.605784880052
22700 2217.05042933766 604779.209558257 315.952829183189 4.8840461275674 -284.608514385991 -403.8723422421
22800 2271.77707829577 631620.52306173 313.841792600772 4.91689834893686 -279.763231983469 -403.48800088448
22900 1909.56846710433 692586.669401497 309.568670145407 4.98476861738399 -268.219977208039 -402.039899174849
23000 2173.97545154928 645528.172049926 312.521577596033 4.93766927626602 -278.218523035369 -404.135663070644
23100 1550.73088450437 622171.24516294 312.992197402608 4.93024492198815 -285.730954247416 -407.274832330926
23200 1414.69856090945 687135.957285769 307.322839649055 5.02119593072966 -274.505171948794 -406.308736423765
23300 1328.51729747634 682075.45160547 309.065193492199 4.99288895792489 -274.917356027943 -406.491986804717
23400 1792.41508598899 605045.847285507 313.572411596214 4.92112231433549 -289.175460346621 -407.592928996044
23500 1733.47298187148 660168.769632453 309.685286827037 4.98289152732005 -277.389434888737 -404.993699948097
23600 1876.58418738956 675427.704341011 310.193649438099 4.97472528745003 -273.010377317904 -403.778357338292
23700 1853.9551048731 618674.462613678 314.790246284652 4.90208387991391 -283.258364238513 -404.813440384109
23800 2039.69064691933 642911.273626005 312.533651400204 4.93747852416098 -278.099909026164 -403.511440073269
23900 2228.38251168451 685335.700196761 309.555606782249 4.98497897649647 -269.390795875546 -401.804115209556
24000 1974.46851723616 631485.453064956 314.395364974009 4.90824090868417 -279.69813325838 -403.614630281108
24100 2305.54947531047 608510.054065982 314.367406275275 4.90867742985697 -284.448772102008 -403.846183928452
24200 2101.37113783552 701401.771350141 308.338565378842 5.00465515875429 -267.021026104426 -402.005664770816
24300 1866.31240783332 643052.908689063 312.508596376453 4.937874380925 -279.535613055562 -404.964716459722
24400 1907.98608021593 582001.014321227 314.586127572494 4.90526458929922 -293.074436180012 -407.349889189451
24500 1615.07359776121 697303.825475469 307.234482006221 5.02263997774466 -271.568955860874 -405.28442330214
24600 1483.73926891769 659168.560072957 310.232645221104 4.97409997186571 -278.577135713162 -406.213264465531
24700 1612.28339263299 610980.918119933 315.080192306674 4.89757283873993 -287.036105719718 -407.190149407749
24800 2142.18705967882 672577.159046 309.643929343853 4.98355706548508 -273.746397317447 -403.731723100174
24900 1977.47927294303 694359.123642389 309.698575322017 4.98267772223883 -268.214084984842 -402.432775218965
25000 1864.21462569869 598177.277751749 316.165001363535 4.88076853924698 -286.595601940576 -404.63672901741
25100 2650.74419416499 645044.814014025 311.612912871379 4.95206754317996 -277.349735446835 -402.80675808291
25200 1735.18542357238 702186.893786049 308.655172590504 4.99952156613751 -266.773933676714 -402.048428647975
25300 1837.77535697593 601143.865175476 315.637956621461 4.88891833030324 -286.788092777143 -405.216880891009
25400 1880.99249412443 624303.016792495 313.786620099307 4.91776287777265 -282.509450473849 -404.779333696526
25500 1768.15447707747 717377.582237353 308.046401913983 5.009401772844 -265.189044909768 -403.117408621237
25600 1760.25477859768 636262.636870563 313.358774843149 4.92447735870338 -281.448826065046 -405.891095919979
25700 1636.76120354924 606246.976385239 315.101593513249 4.89724020326554 -287.542075559275 -406.773251601101
25800 2026.76474938254 688578.23621256 307.87854606951 5.01213290619388 -272.06330820094 -404.382354336139
25900 1579.26687907112 663673.078870058 310.294355663112 4.97311073728167 -276.774091007569 -405.308001209684
26000 1939.83657527699 587865.257565118 315.546159173658 4.89034059519918 -291.041937248839 -406.821081516843
26100 2245.52709617851 676017.528688249 309.80183016777 4.98101702959745 -272.645978081281 -403.362829572433
26200 2007.03237642088 676582.744322249 310.137080077471 4.97563268307245 -271.177879631685 -402.145595582396
26300 1949.82392315218 604891.974382452 316.71282872826 4.87232613235924 -284.146641932726 -403.719640464217
26400 2012.366422776 649341.467775444 313.145213922321 4.92783578754906 -275.13020875999 -402.043924468075
26500 2186.57560837561 717426.444617616 308.878098960795 4.99591326499969 -262.318472167007 -400.628649827015
26600 2232.77077338844 616290.466678044 315.099290111798 4.89727600248992 -283.132758882936 -404.338311799809
26700 1855.44364400359 596279.566726135 315.29303044615 4.89426673873046 -288.809336495147 -406.151459280122
26800 1894.91537364282 738457.167965971 305.495994809272 5.05122233379698 -262.626456769809 -403.432233881008
26900 1753.37788561285 646915.124199391 311.343546102637 4.95635195006552 -280.404657061198 -406.116679922391
27000 1696.5367888013 543568.619786188 318.022682902341 4.85225826593 -300.494332538176 -408.389530605259
27100 1799.07079983091 754247.854228718 304.799379947948 5.06276683413742 -259.357419116951 -402.846153532905
27200 1963.53508207304 685055.814637757 309.307050415356 4.98898486081684 -271.402034250067 -403.654999760105
27300 1895.883061323 503589.84683105 322.227680043484 4.78893741114319 -306.242660446458 -407.524003692863
27400 1874.46394326948 729063.62420629 307.07399908533 5.02526490833668 -261.263498524665 -400.996220027364
27500 2002.51577277134 758687.343033026 305.063392941456 5.058385330954 -255.334649151786 -399.792975089905
27600 2352.55547910185 489636.460774576 323.928792456041 4.76378830102153 -307.502547670056 -406.497475807598
27700 2035.03317899022 659494.717562681 312.142144841716 4.94367139255939 -274.08334318073 -402.568622831129
27800 2102.63383756055 815451.401794173 302.344712818712 5.10387027270886 -245.038381043456 -398.921189768385
27900 1859.6054113086 521489.482329699 319.590942360263 4.8284478291835 -303.684376463938 -407.707444514627
28000 1579.88277749648 602770.002669588 313.720458012757 4.91880000954025 -289.191023853644 -407.218770056296
28100 1848.51195901433 809093.461765066 300.933970178232 5.12779660917703 -250.245275513457 -402.21586532938
28200 1612.75568190768 571883.997685243 315.460467807387 4.89166900243209 -295.490314442527 -408.091387695908
28300 1346.77310824412 583204.905356755 316.383742576085 4.87739407626175 -292.369428291927 -407.535610448201
28400 1814.19142347784 781224.19523979 304.334614769614 5.07049844801351 -252.76035048567 -401.154465932378
28500 1776.97918127246 630277.824607586 314.022898746865 4.91406263054097 -280.795501382095 -404.328501335061
28600 2316.69824292953 537794.70216839 318.391534614011 4.84663699911767 -298.516085061581 -405.38900482459
28700 2617.58866898538 728243.276708268 306.846300995747 5.02899395188573 -261.135587141915 -400.607583943113
28800 2183.70138666917 615119.56888912 312.795434391 4.93334627748173 -283.332665119433 -403.423424628811
28900 2091.49084617689 585943.925773521 317.363899520161 4.86233057445807 -289.379196996497 -405.444717358103
29000 1974.24736151661 711709.769613765 308.999147945911 4.99395613911608 -265.382355073034 -402.644206308172
29100 2097.15293803763 662947.681408473 310.135451086089 4.97565881766213 -275.849772223726 -404.177442876799
29200 1702.3437221086 585586.872244401 315.183428157072 4.89596867731606 -292.233414065554 -407.431257672527
29300 1722.1822680299 675137.22288059 308.787308552477 4.99738217577641 -276.10924447201 -406.228370521413
29400 1428.87396092192 699721.682656795 307.050184366522 5.02565466635288 -272.246254906469 -406.344883656186
29500 1692.65285420011 595848.398940982 313.308230055103 4.92527180532322 -292.120537748249 -408.639664856508
29600 1739.22702170539 639924.618256118 311.843573423303 4.94840465983066 -281.889139789694 -406.442445669871
29700 1758.98730905741 682925.94562261 309.406015790431 4.98738910400282 -272.309063415564 -404.193032450814
29800 2119.67651657232 637838.084269658 312.442556997389 4.93891807407982 -280.327589391689 -404.713237289738
29900 1963.98967610658 615160.015759387 314.568571073941 4.90553835876821 -284.200982433744 -404.980439091143
30000 1940.38434397161 668191.955499711 310.956542560006 4.96252041896928 -273.609223080994 -403.294473269472
30100 1941.39229180204 678564.102446197 311.121804147706 4.95988442884419 -271.152073136662 -402.920381923446
30200 1893.11452786129 626436.223837205 315.363333696736 4.89317567066959 -280.782267207969 -404.086419963733
30300 2332.35467686421 644983.973634766 312.850914562832 4.93247141061562 -277.018269141285 -402.961837799299
30400 1748.94439016511 713295.989905469 310.246405922758 4.97387935011344 -263.819596466521 -401.942654211587
30500 1889.38224490357 613735.209133196 315.252327091723 4.89489865499754 -283.246173172304 -404.007807672227
30600 2158.68329187994 620946.910589854 312.891447213251 4.93183244735482 -282.871486990835 -404.137138744594
30700 2057.43416562971 708268.487331226 307.131556390575 5.02432315975942 -267.156448187852 -402.9290068644
30800 2035.22824771772 603364.633677503 313.846187356207 4.91682949812199 -288.33245510435 -406.523983856181
30900 1483.98047383838 611209.010278304 314.008858775249 4.91428234822703 -287.284283577479 -407.074483839834
31000 2193.11705864945 728561.707388035 305.409897675613 5.05264630783228 -264.830897211122 -403.710700094106
31100 1566.89503975439 657422.978095697 311.935542512077 4.94694570371498 -277.510138836577 -405.507018913264
31200 1772.52998177993 567711.665552169 319.009164606512 4.83725348069396 -292.929460165037 -405.96645962494
31300 2151.7109426788 722444.948588638 308.423506896111 5.00327684940663 -261.23183802933 -400.304533567611
31400 1878.9055968652 691430.482531701 310.791466384652 4.96515625032079 -266.706156370789 -400.830388981287
31500 1747.83176403 565722.086131016 321.15421816638 4.80494449263834 -291.328527958639 -404.726792301462
31600 1795.33230032161 681922.691624876 311.821672463682 4.94875221364175 -269.224020633633 -401.942403529279
31700 2112.90480991133 737929.407704253 307.039083175311 5.02583637205898 -259.65005374912 -401.065914479579
31800 1647.06020337523 553627.998633384 319.064640018482 4.8364124328435 -296.256453388849 -406.508425058707
31900 1819.79434369396 638464.043661326 313.345669011296 4.92468332731445 -280.189857054195 -405.057462402741
32000 1656.39453718143 766398.319982028 304.706776237681 5.06430546415689 -256.475612220962 -402.231564449508
32100 1794.87920826733 610600.55305408 315.278133010922 4.89449800127008 -286.258190441137 -406.412869018889
32200 1534.68975740441 599088.748328196 317.11507398594 4.86614582041135 -288.080871215943 -406.657115936946
32300 2064.02242785288 743395.667087768 306.833850457499 5.02919801568591 -258.283672646085 -400.651854270245
32400 2459.90151618791 651587.6273243 313.542613819096 4.92158999719399 -273.467542435594 -400.981887954607
32500 2096.77522284743 556311.85176405 321.466523511634 4.80027647983158 -291.638560160077 -403.258994597175
32600 2558.42437788266 684289.198990958 311.117120871558 4.9599590904648 -267.212791436513 -400.090839163197
32700 2499.95312561911 697101.879960058 309.89179693369 4.97957095713739 -265.949650370533 -400.782581840116
32800 1953.89829461826 575669.797269711 317.13816331576 4.86579153934778 -291.115138732416 -405.064420963476
32900 1949.4933705397 658752.026583843 311.879821178398 4.94782953906927 -275.98894229095 -404.221670864785
33000 1718.51823544517 706984.745249139 308.69869061898 4.99881677104608 -267.462814687877 -403.680806367322
33100 1902.49619093635 608276.034009211 314.182424255323 4.91156752489785 -286.73798810384 -406.019252672024
33200 1664.2473784102 626450.16299004 313.00562590041 4.93003340571617 -283.286384186757 -405.671418146568
33300 1746.71199016396 695549.586230333 308.568118298174 5.0009320482519 -269.409704453043 -403.367746532781
33400 2017.70543503043 627640.287557918 313.19954832927 4.92698089795395 -281.487908075569 -404.18141567376
33500 2153.16933633398 630547.038225131 315.374388036063 4.8930041576162 -278.565249498402 -402.682902146661
33600 2078.71690340868 674413.032856033 312.167831632543 4.94326460159597 -268.838427122892 -400.240962418719
33700 1940.28126721745 679923.46630889 313.382335008192 4.92410713522121 -267.793541198651 -400.785133260289
33800 2170.45425051531 621001.199761684 315.878658260669 4.88519294200845 -280.021995638247 -402.456088111197
33900 2233.70351639765 657644.547690374 312.389626565905 4.93975491065344 -274.034841542697 -402.261247725848
34000 2099.70727693128 664434.843448857 310.718884121226 4.96631608416845 -273.86279317086 -402.72028991213
34100 1798.97764211749 646617.979678424 313.221360616311 4.92663779005934 -277.745062511047 -404.157204615145
34200 2254.556843594 604831.6280463 313.485269283795 4.92249028285008 -286.534700194345 -404.877345832607
34300 2027.81942334068 662887.396096026 310.073072116177 4.97665979613974 -275.484492728792 -403.774685085619
34400 1531.16362568448 680386.111570371 311.425372236326 4.9550496826415 -271.975884229511 -404.226917783074
34500 2199.22213282185 593659.656134299 314.939650463559 4.89975838099393 -288.824992009543 -405.520602385336
34600 2025.33608149118 673166.486749046 310.802283981533 4.96498343608636 -272.713657690913 -403.299571029068
34700 2224.18518301728 697583.684634641 311.131411735311 4.95973127001046 -266.482291083969 -401.948138076417
34800 1858.11622182438 609821.943020029 316.773591577781 4.87139153292461 -281.880559575292 -402.45122523753
34900 2254.24163755145 658204.790234798 313.750499385386 4.91832903816566 -271.775025049279 -400.669738979998
35000 2494.71057589969 681362.341172247 311.755141572118 4.94980831457802 -267.986577346432 -400.567608920708
35100 2111.64131095396 603408.848087915 315.504063970559 4.89099307453015 -284.405862021932 -403.230438345159
35200 2033.42044203381 639708.338439795 312.906631767046 4.93159311821475 -278.741360427186 -403.677022318675
35300 2052.36645091737 684893.254571625 308.777547108249 4.99754015898423 -271.473871149333 -403.469103371009
35400 2061.74122859403 629054.696933564 312.487887772158 4.93820161436546 -282.294375372772 -404.984961296311
35500 2022.80539336472 624369.46189166 313.194476601418 4.92706068322514 -283.157905366439 -405.21004308227
35600 1857.78244315972 678418.676833378 309.758586383524 4.9817124034635 -273.045381931872 -404.208215934298
35700 1997.34332033074 665484.248578258 310.320657114342 4.97268923769239 -274.799471306921 -403.695076327997
35800 2166.58423647832 605285.766084515 314.62474368813 4.90466253155136 -285.58791291733 -404.449897856201
35900 2290.6255543989 651317.600987258 312.233131176928 4.94223078136991 -275.489268205353 -402.418438585081
36000 2085.28451705055 705520.234476528 311.286552520354 4.95725941057226 -262.534213444714 -399.60959903647
36100 2704.41122645496 576097.728831313 317.627254837021 4.85829905452516 -287.043724823941 -401.253576314418
36200 2477.44054810109 643876.006134859 314.377392200528 4.90852150997494 -274.210514058167 -400.55118857759
36300 2243.83416729774 714957.623796802 310.003542260102 4.97777599770583 -261.456557066606 -399.792998740088
36400 2259.29960391249 637452.397657415 315.133872271016 4.89673858524172 -277.460258154904 -402.84147705446
36500 1605.7647746105 646722.16882908 313.827032091713 4.9171296098392 -276.73831534962 -403.415306824371
36600 1671.98823442814 713266.70030696 308.95152530892 4.99472592123683 -264.829524140899 -402.370447386182
36700 1997.60003429987 634771.08934589 313.127720624898 4.92811108766274 -280.796460901104 -404.855467087664
36800 2068.9854944271 612329.330989081 314.330761251085 4.90924968884443 -285.873200849347 -406.005998169846
36900 1771.30286537749 697223.058914426 308.841896860908 4.99649888033518 -269.599496226419 -403.998978462175
37000 1799.58515397001 655285.727348092 311.541086106966 4.95320925772306 -277.818030584484 -405.237467337188
37100 1933.34448167017 609030.352041703 314.036449807472 4.91385058267017 -286.225523581725 -405.59921903923
37200 1860.54701893134 685438.412170709 310.065549534933 4.97678053618229 -269.748070426246 -402.399396882515
37300 2389.5358754483 656573.750739888 312.315257335821 4.94093117649661 -273.537161484731 -401.524308919657
37400 2193.4183441072 616326.576222048 316.820013851871 4.87067774887356 -280.53896512623 -402.413549116162
37500 2405.07865367459 663311.673860113 312.443704986255 4.93889992737734 -271.360440054531 -400.714201604203
37600 2136.04424821924 677323.74966926 311.471674467065 4.95431308322481 -269.57935392202 -401.254710829199
37700 1878.02420453375 616669.006646893 315.274913613152 4.89454798093947 -282.807298234303 -404.154894955705
37800 2222.71999851212 647953.93619321 311.627293869243 4.95183901482521 -277.7692138896 -403.79785785474
37900 1925.89705077107 707214.317573138 308.753781368263 4.99792483521221 -266.791787361536 -403.078329317733
38000 1944.65852289071 607137.907670784 315.142117515047 4.89661046906065 -286.333766310087 -405.755519061438
38100 1932.54621536208 638003.217703634 312.855288889616 4.93240244505049 -280.243229726134 -404.825434612534
38200 2012.26395740508 734812.397486602 306.341042516916 5.03728843901454 -261.288308220605 -401.786683961605
38300 1838.03913695286 605580.847051671 315.156173397163 4.89639208152668 -286.048477140514 -405.169274655281
38400 1857.98547025927 566540.761836324 316.848919920217 4.87023339784362 -293.259925965101 -405.299909374305
38500 2540.37383458365 761501.763089447 305.331391931385 5.05394542665596 -254.197921299562 -399.319506394778
38600 2155.13387250632 625015.253954851 314.249732998894 4.91051552260684 -279.216622812934 -401.806659975224
38700 1923.66338862405 578196.917777258 320.954322177126 4.8079370964648 -286.795513821636 -402.622203222025
38800 2571.2673476642 700720.499483186 309.670499640438 4.98312946715255 -262.001536677327 -397.437593306079
38900 2563.99943107668 677280.017534972 311.403465168289 4.95539826774946 -267.875520738701 -399.513542111271
39000 1800.28180754911 559111.274591163 319.857527074972 4.82442356751049 -293.698993174973 -405.31962276882
39100 1964.54436683915 706685.718340377 308.903325837428 4.99550526910886 -265.85011695999 -402.100753963563
39200 2145.86159853816 701596.1960378 308.251072672162 5.00607565932885 -267.453179176221 -402.43692161119
39300 2061.40357043195 553802.94840481 318.733060738948 4.84144377206602 -296.829320757259 -407.001520131872
39400 1957.13461016625 669427.860620276 310.578574409669 4.96855971085325 -274.005618442018 -403.772813642771
39500 1867.57853318009 737932.096717679 307.153741735747 5.02396025894327 -260.573420858482 -402.042606465524
39600 1917.05235033981 555288.122740111 318.843210855183 4.83977120832283 -296.198167729558 -406.704000266862
39700 2235.54361293307 654784.05837938 312.880036507986 4.93201231081656 -275.600774206653 -403.469869834124
39800 2500.85644376442 723424.830419715 307.420570208253 5.01959966706448 -260.968585613643 -399.777058881375
39900 2509.14230589955 559974.110680413 318.842866358382 4.83977643749957 -292.407933920396 -403.846187156434
40000 2044.34505971702 637806.413551451 316.240216816309 4.879607683682 -276.14455115475 -402.035823750711
