# step temp[K] press[bars] vol[A^3] density[gcc] enthalpy[eV] etotal[eV]
0 265.134480271894 729277.673928354 304.540789328184 5.06706571316852 -134.679297281123 -273.299978871174
100 278.673219842772 741876.541068525 303.870069814632 5.07825003234923 -132.290378075629 -272.99527315325
200 275.087353085947 763925.811259068 302.576824415653 5.09995501091752 -128.057832077852 -272.327983375115
300 390.215282632894 770672.263072531 301.99342973563 5.10980716771554 -126.640950503932 -271.904571539064
400 339.36371142419 753747.549377382 303.19269461434 5.08959555845822 -129.624399147625 -272.262086415341
500 372.316971742703 725462.86806082 305.126178937933 5.0573444639767 -134.760133700759 -272.920762628192
600 348.911281567185 729598.761488491 304.964738241365 5.06002169550766 -133.876015021891 -272.750786508404
700 386.262168216103 758556.468283904 302.890551604117 5.09467259276881 -128.544119929468 -271.948786707056
800 306.072795358544 782260.76918069 301.463193420792 5.11879468387431 -124.427900894709 -271.61694627455
900 308.002836023605 769137.637521392 302.032586062135 5.10914471840686 -127.125070398002 -272.118227954805
1000 291.575748657313 731838.380069063 304.359050907832 5.07009135185344 -134.204192258385 -273.228597357165
1100 263.38473704516 708011.981392734 305.854490280901 5.04530173955888 -138.776116887401 -273.935160651709
1200 264.741527160745 732208.2776868 304.268581471689 5.07159886309098 -134.15257668551 -273.205904451578
1300 254.465776710325 780494.151194728 301.333136571756 5.12100398058498 -124.994484891231 -271.787769311155
1400 320.295622210324 796592.335744447 300.491110946904 5.13535387786824 -121.895637439224 -271.29797603278
1500 259.033615968531 768469.091148259 302.464982025685 5.1018408198245 -127.073409028716 -272.147930993963
1600 329.261842995171 712565.910530346 305.707059388191 5.04773489678115 -137.574330948567 -273.53714723535
1700 346.627378759447 700159.404386295 306.383185029638 5.0365955681179 -139.836285163565 -273.727319231489
1800 373.055919666338 745627.021283627 303.654152273279 5.08186099321756 -131.151423663491 -272.467153272513
1900 338.796167125874 795785.600985393 300.668145501278 5.13233016185801 -121.778144914065 -271.117110293284
2000 316.036012424269 795672.65411618 300.714334436184 5.13154184937464 -122.027273503142 -271.367981353756
2100 309.89699707173 747564.705463006 303.440110077821 5.08544566329865 -131.330240865922 -272.913341426933
2200 257.960759648277 704352.683420513 306.031294273437 5.04238690859943 -139.636926559916 -274.175139629543
2300 282.888178181819 709669.044195152 305.638213193347 5.04887191867575 -138.671945624214 -274.051523733391
2400 281.622239149392 762375.532317959 302.540314063786 5.10057046989373 -128.645112238464 -272.605114761295
2500 320.230167455262 797519.185038946 300.433102338256 5.13634542883601 -121.902479934643 -271.449775713559
2600 338.016461932476 778035.168147859 301.634805048253 5.11588240494748 -125.36314470273 -271.840443717517
2700 284.659598935275 728730.910106386 304.831349987092 5.06223586232671 -134.395971031956 -273.044882125741
2800 364.188914432812 704313.679648692 306.242406108761 5.03891087937078 -138.859843149646 -273.483410472554
2900 306.726763330422 733020.972178131 304.636857433723 5.06546779948268 -133.397973971917 -272.774132215006
3000 372.043851680164 777677.551473354 301.685210873134 5.11502763890883 -125.070136407294 -271.504574877426
3100 328.015914894216 787729.985420589 301.078396745709 5.12533681773737 -123.287969204305 -271.316904267921
3200 359.068944352171 754664.971807242 303.119249299837 5.09082875940914 -129.68446415402 -272.461168048438
3300 240.487635484719 719823.292403435 305.245013035187 5.05537560310031 -136.466629127504 -273.606619804385
3400 305.245467014344 724123.770843709 304.86618522432 5.0616574308846 -135.751927848522 -273.540025256873
3500 259.351785739898 755840.194027893 302.89953705353 5.09452146040558 -129.796739215325 -272.692134858376
3600 293.859757894735 784341.914751873 301.150627525505 5.12410750907511 -124.48024723873 -271.907862000326
3700 248.447148268521 775584.570353992 301.672204465601 5.11524817011134 -126.065300564377 -272.099340564462
3800 219.65376070767 738026.306075858 304.094886608678 5.07449569137899 -132.969640059115 -273.047856073617
3900 356.748743772583 713539.309334187 305.685680491007 5.04808792282149 -137.278057570777 -273.417084282818
4000 305.972134086702 741003.980621702 304.450861819536 5.06856240328469 -131.877150347224 -272.685170257629
4100 308.4705573253 774960.523233934 302.021675550396 5.10932928589965 -125.487184037728 -271.572759323924
4200 319.52258546044 780109.093637079 301.501467433586 5.11814488002796 -124.645239505512 -271.448064593674
4300 312.382086465395 753073.351327058 303.119308456283 5.09082776588836 -129.927050910998 -272.402660477805
4400 250.848895560361 730223.781607007 304.58717618516 5.06629402850515 -134.422277420688 -273.243936347109
4500 240.810889597252 729291.752614888 304.40493340282 5.06932714465601 -134.713336144596 -273.274853796341
4600 345.902986199592 750002.565939071 303.260453678486 5.08845836358911 -130.812167932899 -272.772881004593
4700 262.768113390219 766784.437333946 302.214485331625 5.10606958555551 -127.701406784388 -272.338008363039
4800 267.648521177828 764447.479944312 302.283882062208 5.10489736117838 -128.118789457144 -272.34768800249
4900 266.495135839539 745765.214068041 303.440116495953 5.08544555573522 -131.577866578043 -272.820160067828
5000 307.755293470402 735427.219189103 304.106304286823 5.07430516932229 -133.355837600016 -272.945984939921
5100 371.593494684754 737717.958415704 304.081693818046 5.07471585181806 -132.549938848505 -272.563555547438
5200 344.857086071286 752843.629063686 303.307728253568 5.08766525914583 -129.512876071073 -272.03356019138
5300 422.804062536646 758225.830105381 302.892332339046 5.09464264066878 -128.540317828114 -271.883320375167
5400 332.074102672501 753949.237859244 303.210449449959 5.08929753135303 -129.4891330902 -272.173342522654
5500 354.892114810329 733903.117018985 304.349822288567 5.07024508922832 -133.502918653963 -272.915326239366
5600 270.192902902271 728784.121066985 304.618834332384 5.0657675033394 -134.640186855389 -273.20255463408
5700 273.469439203282 751595.17831578 303.4021500274 5.08608192699611 -130.427149060836 -272.755783297598
5800 339.094901367005 766342.406652345 302.26516858177 5.10521340949236 -127.764098998121 -272.341563926692
5900 245.675974260653 764636.347273085 302.300947607446 5.104609178632 -128.114192779816 -272.386869576504
6000 304.664036420603 744418.51009128 303.555107096482 5.08351912318726 -131.945501425324 -272.986167391503
6100 239.206578996803 736728.458128832 304.162183310468 5.07337294554793 -133.367138977509 -273.22996703136
6200 375.877354495767 744183.246372543 303.569519615466 5.08327777380554 -131.779733186663 -272.78251946345
6300 310.616850924645 761243.258507633 302.777598913226 5.09657318574737 -128.223614548678 -272.082550190177
6400 346.938952648045 764518.253834471 302.454975452511 5.10200961170305 -127.450157453687 -271.774050418352
6500 415.925710707104 747949.411972523 303.480814239247 5.08476358129712 -130.566334996223 -272.241298119941
6600 352.122065765405 729437.882478539 304.701671413242 5.06439030908138 -134.208480597698 -272.932860828807
6700 329.763558956706 729738.801846766 304.493589093306 5.06785117040103 -134.373012434282 -273.05984679677
6800 266.146661353798 748119.828753473 303.428895326 5.08563362170305 -131.028594454299 -272.711594554564
6900 339.752014557632 772702.945255352 301.915136729663 5.11113224921826 -126.476906598272 -272.085530472223
7000 267.942728354235 772876.726435853 301.8721207846 5.11186057147428 -126.542301283688 -272.162922054403
7100 251.774586898684 750482.06665025 303.2796388698 5.0881364723881 -130.814818899948 -272.875278625795
7200 287.962239528346 729968.643393903 304.463465823131 5.06835257785102 -134.598928439236 -273.315719697825
7300 322.313209156716 732522.76384707 304.285107733972 5.07132341558837 -134.03986991583 -273.16047748609
7400 310.73782643448 755250.668841695 303.196726756966 5.08952787311272 -129.557669523905 -272.481704843242
7500 331.313600031155 767514.849290516 302.294624214026 5.10471595675344 -126.993975938863 -271.80674341171
7600 413.727466320733 761678.595491129 302.868366141175 5.09504578350989 -127.785109991086 -271.769466109842
7700 396.572221291119 743604.488613224 303.828639914619 5.07894249962665 -131.192553997542 -272.205944475908
7800 339.089882555138 733127.188285614 304.600609532254 5.06607059728394 -133.356331018323 -272.736098738337
7900 316.782614097056 743748.564080395 303.795099580361 5.07950323753634 -131.64741339305 -272.672555808729
8000 313.449763390672 762379.330429764 302.595003680666 5.09964861645439 -128.259768949787 -272.246512169063
8100 340.573153650251 767110.455298007 302.170297366167 5.10681627319634 -127.482129836601 -272.159070479592
8200 265.645319116342 756134.989175823 302.955658909573 5.09357771173609 -129.669404992913 -272.647019425745
8300 318.409022397573 730392.95241556 304.341536946544 5.07038312071468 -134.54634643584 -273.288185248902
8400 258.907231156209 732482.424099571 304.419686040072 5.06908147741468 -134.118648804953 -273.29312151396
8500 262.32793843141 750913.223920659 303.278128940853 5.08816180466172 -130.644968436424 -272.786335225664
8600 310.409329461846 770593.365784003 301.995930635484 5.1097648521917 -126.985044742968 -272.234997317775
8700 237.456760552248 770381.670134116 302.206579052488 5.1062031697136 -126.938346947053 -272.249683804118
8800 308.716670204847 748343.175260411 303.451305824655 5.08525803727401 -130.928127682012 -272.663893833707
8900 285.123426943455 734198.37657028 304.351901337844 5.07021045402696 -133.380003766711 -272.849451651088
9000 354.455961896922 740545.732438048 304.007270085318 5.07595818821389 -132.0007528408 -272.516661351394
9100 349.273268813064 756993.929972585 303.101105770368 5.09113349469339 -128.867077452541 -272.075829569519
9200 359.041471661742 760832.361857119 302.837103483834 5.09557175826209 -128.280146342495 -272.089688363349
9300 311.430212845039 752983.011333772 303.047928992281 5.09202685198164 -129.973677186535 -272.39864856208
9400 332.22462320917 741271.076761376 303.743166168397 5.0803717210566 -132.357831007689 -272.889179360731
9500 298.665478106268 739516.769650975 303.917827680281 5.07745203249307 -132.772035161287 -273.051417717118
9600 299.987211694962 748003.166395639 303.538234063664 5.08380170500191 -131.177146974401 -272.88909956
9700 303.064089058987 758835.281080289 302.735866683032 5.09727574989254 -129.117938395639 -272.502051498973
9800 261.177838003518 763231.446205813 302.62877890505 5.09907946444934 -128.260345493225 -272.424113085123
9900 296.991170954137 753004.199984455 303.018544128103 5.09252064525052 -130.157501281452 -272.572669898416
10000 318.666697664501 736900.522931637 304.136065483809 5.07380862381896 -133.095123468514 -272.978604281888
10100 318.988454986241 734292.407099942 304.415413151032 5.06915262894561 -133.442275302867 -272.958693425961
10200 410.926344062465 744184.281538641 303.74763130903 5.08029703874845 -131.357278564771 -272.442990890957
10300 405.002209793245 764290.062831092 302.710594729926 5.09770129863766 -127.334607534751 -271.737361829157
10400 427.884150630265 764919.883274688 302.636197535304 5.09895446887548 -127.192987535829 -271.679219167238
10500 312.753756027506 744080.380868892 303.767708561529 5.07996126110145 -131.346895963864 -272.422234593617
10600 334.679758614261 722931.516870033 304.993796859832 5.05953959639155 -135.752217630539 -273.371030663827
10700 332.448819705747 731482.920551358 304.287824412103 5.07127813887234 -134.319930040096 -273.244291050998
10800 293.881631152006 768040.167506297 302.107185110485 5.1078831220177 -127.44717625198 -272.269206195069
10900 301.008997281081 783866.104107013 301.174334301099 5.12370416771097 -124.496301637119 -271.84607994533
11000 316.719203028455 754637.424216838 303.016031981493 5.09256286466179 -129.920269683281 -272.643145640406
11100 332.277441386754 717327.518496076 305.222451370391 5.0557492901907 -136.882097965355 -273.536495050078
11200 284.278666142287 712986.988539171 305.730381104725 5.0473498456064 -137.597933020083 -273.651472520126
11300 282.075782619152 752306.121562852 303.476716190081 5.08483224426217 -129.949354144318 -272.447631544835
11400 413.872893429268 786882.543807123 301.214133018592 5.12302718468682 -123.295883577932 -271.232233424735
11500 323.050303619569 788317.88100992 301.205594981258 5.12317240309609 -123.02365596618 -271.225652677503
11600 341.307277846684 743439.915764457 303.967207506997 5.07662719449959 -131.606939958714 -272.65341963443
11700 255.632658594543 712812.579448041 305.622330687304 5.04913429720868 -137.748764477822 -273.720950984202
11800 285.06877222614 729931.514611759 304.549614766376 5.06691887641977 -134.721021512459 -273.470005523178
11900 304.820447370974 767383.84977444 302.159315462067 5.10700187914558 -127.723158593569 -272.446401472547
12000 213.52548237242 787132.989685042 300.98302145614 5.12696093088756 -124.013512558675 -271.883404248641
12100 271.268272635652 763451.793546158 302.432031352294 5.10239667725069 -128.4056247761 -272.517260892169
12200 249.633714762127 729238.334027124 304.789250601807 5.06293508980126 -134.774388825447 -273.50068105245
12300 338.613244702899 716613.84787555 305.414619979589 5.0525681840943 -136.956564185731 -273.560955787418
12400 302.553122072225 742528.604416007 303.879534142569 5.07809187025455 -131.858212027301 -272.691164200465
12500 367.413816998955 775787.70811855 301.958110478269 5.11040484861286 -125.548467178041 -271.759193946124
12600 364.064063372368 773554.607563747 301.817943244637 5.11277817109551 -125.987415234998 -271.709600426394
12700 310.170252822304 744664.571499374 303.618757508032 5.08245341800168 -131.545569716099 -272.662439148956
12800 319.058361520519 714911.415022813 305.502678652219 5.0511118222397 -137.237951220429 -273.557109745422
12900 359.598162694561 725890.272225063 304.783600224086 5.06302895146447 -135.201519670039 -273.288335034262
13000 289.432710248771 766406.220533844 302.391020531012 5.10308867358667 -127.60379419413 -272.253499871716
13100 293.529834828002 787356.992417094 300.926530999878 5.12792337298684 -123.689351549806 -271.573563049957
13200 314.133678514256 762842.074412947 302.45604386229 5.1019915891273 -128.353555164406 -272.361531762891
13300 317.598260102786 720316.263994871 304.940136031575 5.06042993207801 -136.449443550013 -273.546286206457
13400 289.36652631042 717521.875922775 305.375774029822 5.05321090636164 -136.954843234413 -273.714930679989
13500 265.778090609168 754244.949693858 303.059868771729 5.09182623921889 -129.890902036672 -272.560186897585
13600 290.105645040514 790548.329621438 300.924374608839 5.12796011912288 -122.820304690268 -271.302860569345
13700 416.004414612535 780239.140257739 301.591561275638 5.11661594687587 -124.482864873274 -271.354036981149
13800 329.464249956003 734453.96586153 304.556867634922 5.06679821029647 -133.056422564162 -272.668381212184
13900 298.002476747253 707853.558899669 306.240502611036 5.03894219970665 -138.225779246067 -273.525123389765
14000 337.005040402945 729219.988285506 304.635169133999 5.06549587249838 -134.39218878316 -273.044861860845
14100 305.804105327937 775096.153749167 301.655353314945 5.1155339194495 -125.952768871349 -271.886693200073
14200 296.79617670621 788680.21690904 300.841149427817 5.12937872628483 -123.541387589606 -271.632102305429
14300 243.367967063223 763426.928292182 302.582265323297 5.0998633056612 -128.333369235519 -272.511897238804
14400 278.774996763804 718691.802826932 305.129521514241 5.05728906271725 -136.795141504332 -273.667755671865
14500 297.223047315758 710387.848562504 305.689370571417 5.04802698563444 -138.344831591267 -273.884214604721
14600 257.145179490772 749004.089153011 303.409213660294 5.08596351854315 -130.945082370345 -272.786347498289
14700 299.790929071057 794017.056270173 300.667713008599 5.13233754441066 -122.305141384133 -271.312003236477
14800 297.665771447796 797724.384592959 300.760283281673 5.13075787477207 -121.308639665754 -271.05731709978
14900 396.879264395156 738308.710833849 304.274247428351 5.07150442375012 -132.267437891196 -272.481906995421
15000 343.276091314065 689666.272203554 307.34972071324 5.02075677272495 -141.542562034621 -273.843052116146
15100 338.208522742537 696250.388084611 306.868751623344 5.02862602888998 -140.435875094259 -273.790400896374
15200 298.50781404234 775758.871193784 302.040785538766 5.10900602087086 -125.634011649577 -271.879334086922
15300 291.258813711076 838366.020480126 298.167905393487 5.17536650978475 -114.107785116223 -270.129197413578
15400 287.730443675821 809135.518090312 299.693605422078 5.14901941165156 -119.61972374726 -270.97180055749
15500 259.267917240926 712236.213408728 305.762870464157 5.04681353077176 -137.951698738866 -273.876416808551
15600 331.585311539421 668430.927374897 308.341109173595 5.00461387066409 -146.324394962953 -274.964862197812
15700 299.342745547238 715206.335710096 305.290688399226 5.05461925470909 -137.34251389985 -273.623276085803
15800 316.243942623329 793086.906182281 300.817833968474 5.12977628855555 -122.588705432952 -271.495324189694
15900 266.272271272016 815050.719309229 299.683506713761 5.14919292285252 -118.439105694764 -270.892507496727
16000 272.727413164315 769727.604771924 302.174628645912 5.10674307363626 -126.938667654281 -272.111283237186
16100 271.784135628943 716892.085515115 305.437608909823 5.05218789976093 -136.939856076695 -273.607573051768
16200 294.438391512435 712414.732616827 305.764433886033 5.04678772561653 -137.846692932287 -273.80617518075
16300 366.770993887949 747107.935556327 303.285425930023 5.08803938446474 -131.296676736895 -272.721138056169
16400 272.261553755956 782090.824853024 301.258781867674 5.12226791298628 -124.792025336207 -271.84931222383
16500 326.307314569083 768175.775017751 302.090421340652 5.10816657151142 -127.497492916141 -272.337055560328
16600 272.109778857566 740081.86233098 303.787851779876 5.07962442482482 -132.894849936445 -273.221386431505
16700 240.332844504539 726663.206334679 304.664071949822 5.06501531995631 -135.478171821372 -273.657811441625
16800 278.524984085223 740159.68289159 303.843028804234 5.07870197956839 -132.869940287272 -273.236722504189
16900 295.868583970423 761204.670617754 302.487701777308 5.10145762224137 -128.729132390538 -272.443043683905
17000 311.927506175006 773089.792570093 302.038429074862 5.10904588066059 -126.231122011583 -271.972135240576
17100 287.786600053353 763260.60895678 302.635050179332 5.09897380013225 -127.9036372472 -272.075900847086
17200 365.223509260172 734947.259225604 304.21753413513 5.07244987128415 -133.214131903164 -272.764202024018
17300 399.048289388309 721471.032791803 305.042252438923 5.05873589487441 -135.831538533174 -273.194150525203
17400 340.28624672223 727355.514829051 304.622309724627 5.06570970872449 -134.827317028556 -273.119644320943
17500 294.478918725632 748797.07911688 303.285757260321 5.08803382593927 -130.922657899827 -272.667022003457
17600 297.523608822819 768797.72740745 302.01366690447 5.10946477251384 -127.310496425286 -272.230497912105
17700 268.919569833463 770573.494326765 301.994133526898 5.10979525941247 -127.016500616598 -272.26184327267
17800 243.072557610451 749581.740195338 303.248349089884 5.08866147663258 -130.99164718 -272.867043069378
17900 294.795090926861 736177.045943086 304.096892079373 5.07446222588604 -133.479139475901 -273.207285339647
18000 286.903759758886 736050.220556602 304.042916510669 5.07536307563335 -133.480063899569 -273.159341280276
18100 295.956084000328 750732.525837275 303.246869504218 5.08868630495346 -130.689297151368 -272.781812111578
18200 221.809489244628 768122.622913741 302.312919688601 5.10440702784263 -127.327457549621 -272.263669516229
18300 265.89754113584 765230.992959595 302.332311048895 5.10407963512889 -127.837575029608 -272.237430218918
18400 319.061960651133 745787.252539846 303.625061912017 5.0823478870571 -131.341560407219 -272.674116917443
18500 325.358541313547 734824.469288008 304.329760843866 5.07057932023221 -133.190528564698 -272.76875543336
18600 321.482720480405 740894.38094049 304.026736246353 5.07563318581207 -131.974080921087 -272.565145975779
18700 301.958905184038 752256.314813591 303.238799622547 5.08882172659605 -129.904554572938 -272.281690870065
18800 343.52357607274 765282.980044513 302.364088547219 5.10354321268922 -127.797120031654 -272.221963824993
18900 209.910996325022 761720.395791995 302.504458206424 5.10117504057781 -128.791812506817 -272.611058160364
19000 245.423022011775 739158.251539048 303.86435746697 5.07834549839844 -133.152924224365 -273.339630976287
19100 249.149685081326 733249.462742036 304.239357625445 5.07208601776598 -134.194651858851 -273.432336048975
19200 316.212594874867 751804.533643288 302.92208880187 5.09414218675688 -130.566266119426 -272.709282011833
19300 336.313247350576 760119.020223404 302.520071095953 5.10091177182314 -128.866642112421 -272.390941738193
19400 294.710974566306 751088.280747436 303.386215477414 5.08634905985371 -130.376481546011 -272.60165523031
19500 353.589513452476 743862.136389189 303.73489796287 5.08051001783391 -131.624801823728 -272.643528596099
19600 334.716781101016 744466.681270327 303.673896756309 5.0815305772048 -131.506057457296 -272.611046892978
19700 307.335720791101 754796.130608725 303.252230284717 5.08859634904353 -129.599029169985 -272.463195519555
19800 318.029042876202 760921.471266715 302.585807003203 5.09980361322693 -128.626160305263 -272.333197232408
19900 254.83652102988 758623.625164008 302.601088411055 5.09954607225314 -129.411506024351 -272.691809205036
20000 295.653384370664 744575.395783606 303.460630698686 5.08510177518985 -132.231485785758 -273.257970200688
20100 228.611035009517 736373.680587016 303.872358272518 5.0782117881292 -133.798701703194 -273.460971677688
20200 229.803476440771 738897.030292346 303.807649954943 5.07929340191065 -133.229610765 -273.340622461779
20300 225.095805473361 755763.086360805 302.844242902461 5.09545163241926 -129.87651765558 -272.731252887663
20400 295.814793357256 768924.076584005 301.996947325068 5.10974764988305 -127.27506877192 -272.21086320725
20500 251.648473442448 762601.435026423 302.535232254778 5.10065614627848 -128.335465926289 -272.335707013052
20600 308.314877821881 747477.762698728 303.528985957349 5.08395660137367 -131.109761845666 -272.717860165428
20700 310.689306517201 736421.053978735 304.215993576418 5.07247555831904 -133.139333308491 -272.968536037861
20800 324.390054284525 742703.204220563 303.602923523953 5.08271848622161 -132.00690244095 -272.744745064388
20900 271.55092981253 754758.114062822 302.93490277366 5.09392670747841 -129.728688439054 -272.436171604143
21000 301.362973574021 755094.993217135 302.899972204911 5.09451414152721 -129.734530869681 -272.489247629999
21100 301.833238835824 754886.352574743 302.950377372286 5.09366651149545 -129.964038027149 -272.703059218451
21200 232.386470174742 752627.057160254 302.893369320144 5.09462519872829 -130.745209713115 -273.030248336996
21300 207.391534760735 749551.602726168 303.045276417636 5.09207142281765 -131.475500163341 -273.250187682122
21400 258.142930176672 743921.685421234 303.535199988733 5.08385252162979 -132.503072843172 -273.440365058037
21500 228.336811530804 751060.72595831 303.156145352759 5.09020917280269 -131.05722582192 -273.169330579022
21600 270.240746551977 761594.089672563 302.466792458193 5.10181028246071 -128.901679556373 -272.67917314611
21700 275.165967606426 752990.969920019 303.025363750133 5.09240603746473 -130.286661883922 -272.702533394071
21800 369.711845293924 732543.162550496 304.201406288712 5.07271879736665 -134.059212092656 -273.145424014403
21900 274.972481502772 727556.975690251 304.895064980757 5.06117798910098 -134.84599571783 -273.300486456074
22000 346.11471111887 740935.142375764 304.021959943466 5.07571292597769 -132.178012047703 -272.774603107471
22100 265.122319887717 777030.257846043 301.980624431388 5.11002384597271 -125.356182897603 -271.812008748519
22200 348.411018511594 793274.417723144 300.921298307099 5.12801254197472 -122.309576241442 -271.302628938855
22300 267.252559359041 768184.650812475 302.217687832311 5.10601547822821 -127.075080705408 -271.977336478612
22400 258.704933654291 726623.429631709 304.925408605872 5.06067434301835 -135.122862003987 -273.413459939389
22500 255.594818335901 717576.852428455 305.407383884376 5.0526878958838 -137.115456088346 -273.900179392026
22600 233.585235760357 753037.593317461 302.978077793086 5.0932008121062 -130.560346826012 -272.962811553997
22700 245.36982603071 780716.011553469 301.34864900579 5.1207403681988 -125.400947203513 -272.243517506365
22800 271.20729872402 764617.488239639 302.27838943216 5.10499012107659 -128.298842426952 -272.557195284294
22900 315.536953113429 731472.522818477 304.308676270528 5.07093064442992 -134.323029701482 -273.254935859857
23000 296.292258087003 721493.089505376 305.013378863872 5.05921477154228 -136.079189134621 -273.432998191843
23100 317.375459454645 742545.771691915 303.906560359505 5.07764027877741 -131.997026672536 -272.845760494549
23200 266.957716479752 767173.868004591 302.48548922152 5.1014949372862 -127.318221957715 -272.158046272536
23300 326.885368657537 768615.899292044 302.374641161309 5.1033651034344 -127.058228277114 -272.117125807635
23400 285.084485689791 748903.485708602 303.620678954285 5.08242125398338 -130.79467581434 -272.715734325732
23500 284.69088459716 737607.500627893 304.208020285868 5.07260850787571 -132.993343325038 -273.044153903036
23600 298.569488280171 746728.875640686 303.598505149866 5.0827924567823 -131.380387979692 -272.879012130498
23700 307.374675031062 764202.463118293 302.489752690252 5.10142303381192 -128.253372354023 -272.534239083708
23800 268.430240586426 767314.947384919 302.128155434181 5.10752859047026 -127.879642520459 -272.574967717453
23900 233.398970562206 754329.015873526 302.837313992853 5.09556821621572 -130.456178982275 -273.036583222388
24000 264.998605195358 732000.837066217 304.137598780917 5.07378304442293 -134.677986633964 -273.632076205831
24100 263.061502479224 727347.368008429 304.621592358601 5.06572163817445 -135.418539774535 -273.708992443491
24200 275.627296596276 752743.220767283 303.030188929049 5.09232495059239 -130.324541767198 -272.695822586865
24300 302.284943934092 772074.76242066 301.861006285572 5.11204878978725 -126.500024231601 -271.96418795638
24400 332.126051531781 759380.723599011 302.652119926966 5.09868621517833 -128.85356773891 -272.301050478118
24500 343.780015108145 736618.621431001 304.134918888351 5.07382775219116 -133.154341069224 -272.983782257861
24600 318.238781484183 728150.787886693 304.5817315997 5.06638459162152 -134.786694803823 -273.211785822331
24700 272.842036783707 744045.559512602 303.564440780835 5.08336282041749 -131.81358613439 -272.787925845968
24800 339.856568321265 763527.343268374 302.437743918135 5.10230030112849 -128.184938149914 -272.313557635904
24900 275.236562350199 773916.375021003 301.832754730301 5.11252727771367 -126.31648962372 -272.113979103486
25000 259.0235516824 757397.752146822 302.747801494875 5.09707480697343 -129.528816465564 -272.646946284351
25100 270.530393359566 730865.366617078 304.418713306411 5.06909767505946 -134.627514877037 -273.494296723974
25200 287.634642131927 722837.898813074 304.8382866346 5.06212067028123 -136.222519010362 -273.753350718811
25300 286.666040339365 743548.150461128 303.525508541349 5.08401484699564 -132.283218989774 -273.145246671302
25400 254.150682164299 774597.916669006 301.766994688909 5.11364138234179 -126.28720064011 -272.181292461764
25500 374.20585482871 776308.849091236 301.555033584208 5.11723572816837 -125.727532391791 -271.841172842406
25600 348.546215657681 748615.731290142 303.609641522808 5.08260602043561 -130.745130153504 -272.606500492748
25700 336.806610419732 714689.513473993 305.521803389768 5.05079563797115 -137.119915545432 -273.405292980646
25800 326.283496589025 714314.410917944 305.506560708274 5.0510476380232 -137.170262743243 -273.377315426826
25900 367.640428813293 755718.850512928 303.079718429334 5.0914927592752 -129.433809270175 -272.391252738606
26000 357.34893293462 789083.245482486 300.785645754787 5.13032524538802 -123.380322394382 -271.519377952076
26100 287.135759457138 780413.414063892 301.489517688783 5.1183477412274 -125.181756220176 -272.036028395545
26200 257.411489305757 735608.550441401 304.166102462046 5.07330757561545 -133.701967432753 -273.353988121807
26300 281.812154207638 708335.12425304 305.774616184162 5.046619667529 -138.899076252638 -274.084494805609
26400 270.38293102656 730952.570245152 304.431340615438 5.06888741726306 -134.519466333456 -273.408578042455
26500 281.274344184893 774641.836632189 301.78445822168 5.11334546834945 -126.171431211471 -272.082238780982
26600 307.937097146898 790826.635046816 300.887640491061 5.12858617039793 -123.070358292738 -271.587054335104
26700 252.60256952906 760291.938114567 302.76774180527 5.09673911317346 -128.762463693745 -272.436942264427
26800 307.289759645021 715903.186692913 305.404545275014 5.05273485853508 -137.102559083249 -273.566979322145
26900 311.264518257186 709113.194553773 305.911481030958 5.04436180906187 -138.260105547101 -273.654593959918
27000 338.136762481179 743713.804312556 303.593670083448 5.08287340589798 -131.590725668505 -272.515775650809
27100 368.215880473485 784528.350111087 301.253612627541 5.1223558064812 -123.83717652156 -271.350262426695
27200 283.708165060344 786958.010827358 301.318951584598 5.1212450586032 -123.420288320567 -271.422311046279
27300 297.226901270851 747737.712089972 303.38782237 5.08632212002294 -131.027543832584 -272.619007803565
27400 335.62214066356 706680.662224576 305.855396826471 5.0452867854466 -139.053918071399 -273.959213695377
27500 212.582716252335 714923.626694788 305.408483994604 5.05266969562439 -137.643336526502 -273.922792005207
27600 246.202302579711 758324.762066677 302.705293032723 5.0977905817435 -129.478845622187 -272.752023898964
27700 281.096749833473 796775.231771004 300.415929250406 5.13663904479538 -122.231454161743 -271.630706776042
27800 273.371073211045 782361.417642255 301.238569482656 5.12261160486943 -124.813207959429 -271.911504725719
27900 285.434506567927 728479.503682006 304.713890824802 5.0641872206389 -134.745185891372 -273.292857732187
28000 314.651605350874 699712.698106411 306.301207647998 5.03794354490267 -140.050959670186 -273.820768699736
28100 321.30033477516 729721.674371856 304.587973649307 5.06628076406862 -134.247682965648 -272.974250310071
28200 321.892231085345 773407.703439908 302.057615872489 5.10872135241093 -126.006304079018 -271.816511005955
28300 287.62348300941 789914.381079132 301.168172502589 5.12380899695786 -122.967694517606 -271.451379419435
28400 342.897401086322 762810.52819773 302.455748557202 5.10199657049758 -128.154845825108 -272.156726587533
28500 294.668868110807 727051.657049342 304.644234594819 5.06534513583854 -135.02482825413 -273.269332260207
28600 271.007107614619 711677.201617292 305.495780635703 5.05122587505151 -138.056462146989 -273.755857481216
28700 303.918609366366 737515.783229352 303.823722517914 5.0790247024741 -133.226235993389 -273.082731626958
28800 302.724225200876 776500.952934602 301.552644763712 5.11727626555977 -125.963780531502 -272.11242022193
28900 263.007775445442 775183.366971902 301.783964100311 5.11335384060763 -126.318558779736 -272.331129423112
29000 203.721298038046 751300.65645256 303.062948096049 5.09177450282396 -131.027188292223 -273.140989019552
29100 194.237919820225 734166.996291797 304.136291173553 5.07380485870904 -134.40340770297 -273.768095272794
29200 220.354646770384 737494.320994383 303.787320802821 5.07963330328628 -133.793772091945 -273.629441808845
29300 260.193297211974 754384.061321218 302.713957203957 5.0976446745943 -130.466748454604 -272.999474689284
29400 281.761181267144 765083.639755064 302.159127584555 5.10700505459428 -128.189755524784 -272.47910511742
29500 321.576398854944 752281.691643536 303.068544390155 5.09168048096598 -130.439840899136 -272.741838998452
29600 338.738132046964 732577.255321367 304.215170096513 5.07248928900081 -134.059215029968 -273.158193411205
29700 278.911907109053 733100.706605571 304.409369037415 5.06925327806338 -133.855390205761 -273.142618260027
29800 304.459905114098 746404.765336775 303.611121097885 5.08258125158931 -131.265088812098 -272.708174262859
29900 260.392955821625 766844.848976598 302.409672890665 5.10277391961609 -127.358361924416 -272.099780823585
30000 324.88306053809 774016.373910466 301.920360386423 5.11104381927439 -126.010386762701 -271.869037514376
30100 276.43948793472 757211.468080548 302.960120399873 5.09350270203671 -129.275746852872 -272.459021315984
30200 305.673114168888 726874.502467419 304.556094991423 5.06681106450875 -135.196444427134 -273.36727642992
30300 287.338027918792 717903.885748865 305.156415089796 5.05684336150048 -137.047943345482 -273.782551644979
30400 263.103854230849 744122.746671477 303.608256574299 5.08262920540334 -132.288129700731 -273.297444089131
30500 227.669740744578 779866.480524065 301.27577416623 5.12197901121215 -125.657137230395 -272.304449599651
30600 245.995135135015 779194.684746602 301.229042390517 5.12277361976802 -125.653951730847 -272.15221126842
30700 285.587813930864 742416.323638068 303.641696303058 5.08206946099378 -132.399135508601 -273.100582491842
30800 277.543681318832 710718.292806539 305.668350504708 5.04837412613432 -138.118654221028 -273.711760371129
30900 303.612828491489 724315.810296435 305.143840265348 5.05705175147643 -135.37807279555 -273.328234914868
31000 283.550751082861 769056.369553589 302.227196105822 5.10585483950229 -126.887638119907 -271.958889768838
31100 332.406000603982 797882.330936981 300.384819062085 5.13717103508875 -121.47900212521 -271.070348404063
31200 317.450500171291 776678.738434267 301.668103857608 5.11531770224704 -125.563444548788 -271.80151652774
31300 303.633216219079 725874.638640212 304.697627377867 5.06445752513994 -135.302112053941 -273.347002967919
31400 299.586742882078 700915.2958404 306.206931813393 5.03949464085458 -140.191163418558 -274.149639404422
31500 302.443621318801 725163.081289728 304.932322098567 5.06055960629624 -135.732921893066 -273.748716206507
31600 262.932774928717 778545.825345757 301.404242636835 5.11979585411959 -125.797661147234 -272.259062151685
31700 249.620461544567 799454.395757624 300.062000919742 5.14269779957531 -121.820428024333 -271.54543374943
31800 246.58213795258 762334.688427065 302.525908637738 5.10081334459836 -128.710725260084 -272.656160923673
31900 355.908713436957 709653.683194545 305.807405434171 5.04607855939675 -138.349069488723 -273.800657759133
32000 323.439517325836 702683.938346448 306.380716485619 5.03663614853695 -139.43401854293 -273.806734965572
32100 335.996296918607 748381.978220831 303.437967279973 5.08548157535713 -130.69382462262 -272.430709554021
32200 312.694312047562 792308.637420115 300.900010988833 5.12837532572702 -122.476704096551 -271.277836622374
32300 378.496414403467 785202.779206036 301.127363827642 5.12450337375972 -123.944597412561 -271.522622038718
32400 282.133261051299 741846.024860653 303.760615278168 5.08007988610705 -132.282552955341 -272.930980237438
32500 266.107879610822 716284.844925846 305.385829190632 5.0530445238926 -137.294145893597 -273.822949870164
32600 290.073992215111 728875.642644139 304.584672628816 5.06633567128528 -134.999935622635 -273.564163098124
32700 312.215422829657 765102.314181051 302.281561312644 5.1049365537387 -128.191244516039 -272.542582895153
32800 281.403577617926 778542.681163612 301.446324655099 5.11908112872731 -125.596679662092 -272.077938015274
32900 293.562528908376 762999.808022118 302.43140595989 5.10240722840399 -128.290079773602 -272.316099807758
33000 350.787829144943 734658.091728491 304.288256742321 5.07127093364263 -133.314129253456 -272.841721896153
33100 349.1421457105 730760.103559601 304.621847906351 5.06571738853255 -133.964718908537 -272.904151063835
33200 321.811389592431 747386.163201085 303.52243006748 5.0840664115764 -130.897668964076 -272.4853557474
33300 378.119033246318 759462.698611283 302.605736759184 5.09946773776518 -128.722094506153 -272.163075855203
33400 311.693484367975 761134.026432634 302.83417130944 5.0956210958417 -128.587754953602 -272.452923460407
33500 335.852087229103 741188.609450814 303.647509752896 5.0819721627946 -132.533153555715 -273.004615668006
33600 265.750548661283 726888.902270869 304.479303838579 5.06808893876156 -135.33004630501 -273.468776296009
33700 286.026355575276 728146.179652557 304.531599444673 5.06721862256687 -135.135273871181 -273.536705123681
33800 321.842610899295 753414.222106518 303.049361612104 5.09200278019819 -130.28901627406 -272.796223837558
33900 265.217669287493 780056.861454108 301.620927742926 5.11611778205703 -125.114796546634 -271.965954483368
34000 333.864403839934 774764.931205437 302.059273074222 5.10869332419714 -125.764844365694 -271.831730207119
34100 335.773770266199 749912.790522836 303.67563456821 5.08150149767616 -130.224767721834 -272.362817139511
34200 343.991883037265 725621.211772224 305.105662439278 5.05768453960842 -134.824398756621 -273.005891555795
34300 314.976734700543 731901.492218869 304.654572793246 5.06517324758281 -133.731945728968 -272.903339416667
34400 337.113923201513 761175.667838367 302.613932225836 5.09932963269684 -128.367959846793 -272.136366111143
34500 332.342232502134 773593.99001097 301.80107328426 5.11306396320427 -126.196970669915 -271.918429243028
34600 281.347715565873 747738.308692453 303.450196270161 5.0852766313332 -131.232792451838 -272.853479393285
34700 252.897567341129 723608.569774861 304.990073791467 5.05960135909608 -135.929436722755 -273.675453526629
34800 282.445145853579 728077.400853807 304.512405448315 5.06753801899883 -135.087348838401 -273.46698471906
34900 310.013437960012 761529.296048856 302.481320853662 5.10156523884221 -128.717111347983 -272.489278358058
35000 316.550822856768 783883.14726308 301.229232166485 5.12277039239425 -124.400039605254 -271.779881063611
35100 311.996056774483 771777.229477701 302.058934065305 5.10869905782193 -126.433463456954 -271.936912840907
35200 375.474037617014 728569.567051615 304.580652258171 5.06640254535316 -134.277181397413 -272.781393603768
35300 375.449939551999 704955.127633094 306.408317092759 5.03618245910397 -138.64704610021 -273.466221318401
35400 278.336256979144 719967.374256865 305.398378176301 5.05283689154139 -135.834570968802 -273.070929408647
35500 292.561571244757 775546.425004358 301.953016373378 5.11049106380834 -125.436099900985 -271.598886814696
35600 319.097198723196 817137.471883166 299.50203321016 5.15231290861826 -117.794165187581 -270.545334762979
35700 285.577875760643 785704.948013413 301.388250385192 5.12006752052847 -123.827969947201 -271.628315040735
35800 234.863667035188 708504.799465699 306.017014656969 5.04262220058546 -138.577905731774 -273.902898703914
35900 262.968265259625 675921.909335445 308.093744488946 5.00863201369376 -144.919184838112 -274.896944485239
36000 281.890788885204 733195.760205514 304.360426961025 5.07006842930907 -133.993188215413 -273.276079096763
36100 285.296504103015 817175.851597578 299.1444849197 5.15847113905625 -118.233444961231 -270.809424708141
36200 281.045725120754 831678.617815875 298.374422793897 5.1717844224605 -115.511011355514 -270.395087823268
36300 296.757633885955 748169.879560945 303.356942769989 5.0868398717881 -131.150885357703 -272.80976459866
36400 296.494471971732 668600.39476282 308.396584168725 5.0037136306992 -146.209953253003 -274.906184859642
36500 308.58930906683 677036.053838303 308.10079467664 5.00851740251327 -144.358417676832 -274.553403193295
36600 313.881829989838 767268.906464236 302.591861712196 5.0997015687548 -126.986657102373 -271.895365250878
36700 408.118516587482 828717.995085606 298.696614743636 5.16620582791189 -115.395425477019 -269.894795371162
36800 362.253012231406 797061.392738382 300.580571630517 5.13382546149051 -121.387207536389 -270.922024114911
36900 342.96799252218 727979.600871032 304.961718094487 5.06007180674398 -134.657695646847 -273.222897308068
37000 226.778224045741 709599.584977345 306.023480664685 5.04251565440154 -138.413057344155 -273.950019016595
37100 250.33672891342 738152.459246248 304.124378985493 5.07400359357489 -133.114733335251 -273.230481047741
37200 265.579777435043 770764.09774354 302.055062673877 5.10876453520067 -126.984460182185 -272.29504103935
37300 225.034967301779 779244.769427553 301.534005051825 5.11759259656601 -125.381082107682 -272.037081768878
37400 258.974667716946 755681.25996402 302.960159355487 5.09350204709737 -129.761713790527 -272.655655213744
37500 309.245452494996 728831.88145033 304.664425558479 5.06500944124809 -134.752721122189 -273.344908993356
37600 298.027533883392 725726.04891929 304.671308383877 5.06489501768846 -135.238561436155 -273.243272435537
37700 329.10247696393 749414.233134055 303.362294629368 5.08675013073537 -130.622364835822 -272.519353957467
37800 318.83090078376 772314.881640545 302.147706118488 5.10719810416493 -126.130039678871 -271.777644601838
37900 400.499469746401 768848.649397894 302.412815253597 5.10272089683795 -126.524252454311 -271.645395205027
38000 340.932720650714 750441.223867384 303.801595265898 5.07939463094498 -129.718060650187 -272.015267583508
38100 397.292135525427 730476.119823525 305.183118821798 5.05640088424151 -133.465591084343 -272.606928179593
38200 369.859840412345 733923.301892106 304.610374230329 5.06590819753005 -133.082236520061 -272.617831784199
38300 357.581100975891 751432.215011295 303.347440857577 5.0869992095652 -130.119897538171 -272.392012627624
38400 328.336177931821 771682.654752935 302.126138535474 5.10756268671846 -126.45986316434 -271.977851135895
38500 284.782059340101 767983.349909795 302.177839613358 5.10668880894966 -127.277675895052 -272.12285964027
38600 300.73667031699 739474.719944396 304.003728632739 5.07601731993999 -132.767250543957 -273.078303722397
38700 273.571786988794 718573.406706321 305.355833981528 5.05354088620252 -136.82713027536 -273.778697023316
38800 296.398896436785 733409.27211914 304.278439705007 5.07143454975698 -134.049992594472 -273.335913331417
38900 294.651259922821 775771.355076171 301.785914421164 5.11332079506061 -126.066093992708 -272.190361683196
39000 299.240601457646 791529.9771768 300.710139379093 5.13161343695419 -123.060952082204 -271.62204367203
39100 315.734315593305 760109.940664592 302.78047818835 5.09652472015117 -128.845454516197 -272.491582960937
39200 292.444247125488 710825.160215541 305.950517332693 5.04371819769832 -137.984645408465 -273.723326821554
39300 314.673619596653 699237.135519967 306.818009442007 5.02945767320674 -140.000525897031 -273.904965294418
39400 340.478120244956 752954.19831061 303.330748760986 5.08727914386962 -129.6920091047 -272.244443718667
39500 323.907659962776 818997.098452223 299.243417581323 5.15676570044104 -117.307513317869 -270.274112646988
39600 371.979578009101 811394.02753257 299.582187518689 5.15093438848015 -118.889597032248 -270.607711551969
39700 323.463488370308 727367.013186459 304.535673118595 5.06715084004356 -135.034265426209 -273.289447027612
39800 265.896875175304 662706.602000476 308.64443109324 4.99969556035809 -147.612392868179 -275.276668405969
39900 250.639842497857 690490.205317872 306.79844383667 5.02977841924007 -142.340286328519 -274.561249796642
40000 253.070166832648 791231.621661813 300.730877829387 5.13125956005616 -123.202659643546 -271.717994969415
