# step temp[K] press[bars] vol[A^3] density[gcc] enthalpy[eV] etotal[eV]
0 322.115680560267 325052.876538964 336.077875910601 4.59157922158673 -214.681953270208 -282.866126677973
100 262.821741642676 358543.771359565 332.782414983494 4.63704848089001 -207.72788004496 -282.199738863464
200 327.761162538024 369490.018926947 331.557466086398 4.65418019410249 -205.466174522258 -281.929145000001
300 244.570183535545 338854.74518819 334.695389529555 4.61054511098921 -211.909014201028 -282.695922469062
400 270.892629029921 339197.934552789 334.386090678056 4.61480975101871 -211.989879800959 -282.782998599779
500 249.360537949208 363998.83749516 331.991310007343 4.64809814399054 -207.006289395695 -282.431469393759
600 165.110730792322 357814.36654837 332.997107486673 4.63405884667594 -208.373057095322 -282.741361135348
700 230.979114650764 344098.508805799 333.959481818372 4.62070483360424 -211.224026422694 -282.948308794367
800 292.925568784665 350221.331176048 333.274684444409 4.63019924372179 -209.802620550708 -282.653460413482
900 295.320552641769 354283.967254978 333.306064446694 4.62976332107187 -208.663093795798 -282.365956634142
1000 347.688049765761 350428.327602279 333.394207746029 4.62853929676437 -209.269461173411 -282.189501289296
1100 332.139466733972 346197.747465111 334.214882512396 4.61717377833672 -210.075877267215 -282.292914213586
1200 321.898623488969 348001.416245489 333.698232423862 4.62432234254704 -209.729383200046 -282.21044722896
1300 309.220137670909 353516.677870431 333.327866579187 4.62946049996551 -208.655764090268 -282.203815777901
1400 295.648336755402 349016.565468714 333.735270382672 4.62380913499708 -209.710146704725 -282.410712369453
1500 275.690878427517 350402.338354084 333.362103156938 4.62898505034826 -209.567030574573 -282.474641230969
1600 274.176707524554 352184.508458009 333.239488964166 4.63068826765623 -209.264374967782 -282.51584608825
1700 249.081344431798 346149.866680546 333.740976395756 4.62373008112809 -210.620196369631 -282.724858050305
1800 229.525988743153 354640.517344105 332.941941285026 4.63482667852013 -209.03204695425 -282.728485706704
1900 226.509969096553 356082.387558331 332.413810962507 4.64219036928092 -208.922375015468 -282.801066573416
2000 222.278485179659 337293.484986626 334.253431417703 4.61664128718467 -212.859647244979 -283.227365627826
2100 237.958336425631 346546.673534209 333.269803166071 4.63026706052083 -210.864319939201 -282.949724809765
2200 232.403026950229 367416.760412524 331.555070417984 4.65421382312366 -206.343479278109 -282.376856294513
2300 236.246386403301 347735.004336169 333.702793442095 4.62425913774644 -210.167927111609 -282.594493301151
2400 278.098177325346 334970.634282106 335.052111156072 4.60563637859697 -212.669780043097 -282.719876391102
2500 293.316227403795 356689.95168061 333.089347931407 4.63277556442272 -208.049422742422 -282.20456321476
2600 292.303584002115 368326.710390271 332.012654734668 4.64779932288825 -205.489406190335 -281.816283364205
2700 346.401800356382 335656.11649713 334.911279234929 4.60757307246039 -212.303782216836 -282.467724428622
2800 335.683577857735 336609.928323821 334.992447906997 4.60645665747825 -212.136366220534 -282.516741840196
2900 349.595265648674 369563.734350396 331.594105440888 4.65366593237348 -205.307861650998 -281.794538303235
3000 333.657300451651 354659.066980311 333.074698624431 4.63297932337431 -208.575896171918 -282.305576921129
3100 274.131776681876 329444.65909293 335.433174352395 4.60040422312243 -214.081283360514 -283.054126098492
3200 247.272440806184 356647.954661952 332.783349073268 4.63703546515596 -208.484150293994 -282.562443660882
3300 266.755191149858 368503.99171816 331.525151597126 4.65463384733281 -206.07584184354 -282.327329565716
3400 234.486996641792 340089.412872363 334.438057797374 4.61409267243458 -211.929725690876 -282.919933522837
3500 271.165749466775 342134.438184318 334.242007459235 4.61679907799837 -211.248297399899 -282.623518194651
3600 359.542026605419 357567.881779826 332.838305272573 4.6362698265826 -207.667852070645 -281.949485705579
3700 282.521627147792 356612.565227156 332.850505577676 4.63609988871117 -207.768652144939 -281.854542576618
3800 355.616885908539 329857.067892124 335.773536717055 4.59574094776403 -213.355902098411 -282.485161139008
3900 352.878435933576 346620.603286545 334.011684088408 4.6199826694017 -209.921753434564 -282.183037658542
4000 325.338324706298 369354.129932719 331.495059093045 4.65505638632457 -205.377242592863 -281.797705087668
4100 318.728056498782 337182.866966714 334.711352287456 4.61032522894788 -212.206956399315 -282.647967967386
4200 263.426660693241 335151.108196376 334.934485738135 4.60725382895507 -212.765831696364 -282.829063848577
4300 223.840093585768 378140.215944028 330.898770892327 4.66344491913585 -203.939859125241 -282.037454914992
4400 278.773047178553 356643.086445095 332.588602988366 4.63975066493814 -208.380896507724 -282.414828403638
4500 279.200230579579 316904.606274348 336.519893376031 4.58554820157931 -216.593465803215 -283.15586034203
4600 345.196024650009 342490.623222449 334.09541587962 4.61882479830892 -211.038273722682 -282.45646466505
4700 276.217918961553 390094.226187146 330.252975613514 4.67256408212351 -200.785561048067 -281.194791222119
4800 366.143889653555 350150.316130938 334.040420716262 4.61958522431891 -208.893346622692 -281.896763483638
4900 324.308080299532 315702.529681756 337.179345902125 4.57657982501114 -216.163099645507 -282.602953467942
5000 324.312817448872 356548.49913697 333.398717987747 4.6284766815535 -207.69617589265 -281.890755898487
5100 357.115297743901 382097.813739713 330.708692782678 4.66612528047508 -202.574001658816 -281.443632125235
5200 341.825048991662 335095.792408421 334.840460993883 4.60854756705854 -212.550686996695 -282.582690091951
5300 285.909799544738 317104.49520417 336.75770318447 4.58231000293057 -216.446498333857 -283.097944959386
5400 273.810206327638 371423.826509962 331.24200320528 4.65861266667259 -205.233058836525 -282.023083113707
5500 265.519135957048 373795.710464627 331.261105789112 4.65834402197676 -204.756013915978 -282.040870102384
5600 246.639733725092 324040.050966989 336.100416030168 4.59127129353988 -215.097186624214 -283.073465105668
5700 314.604735397812 347269.471856618 333.63095806663 4.62525480491513 -210.183331445029 -282.497365886812
5800 284.339207153627 375819.840230556 331.220588528218 4.65891386378795 -204.111473211882 -281.805328203355
5900 277.82550634233 339943.382979978 335.179199165142 4.60389008539228 -211.214894146101 -282.331872124943
6000 381.460777153428 333839.776768282 335.385509484118 4.60105803092007 -212.244424938153 -282.12750187599
6100 339.456112338072 369964.966825298 332.555621779573 4.64021081228014 -204.719321926301 -281.511067142415
6200 383.202426184108 360814.921377397 332.685288606837 4.6384022519546 -206.798996815536 -281.720715023294
6300 316.497072252244 331428.55426254 335.523477394355 4.59916606685741 -213.171358886731 -282.578231995874
6400 274.094359056309 347209.609660163 334.208094229557 4.61726756027098 -210.036692351854 -282.463333201168
6500 320.570599892041 367882.035059222 331.676107624625 4.65251537989151 -205.857040798728 -282.014493771898
6600 280.239267972598 344540.694474914 334.20561264053 4.61730184503485 -210.771234519778 -282.640615874817
6700 309.831518608698 337612.333621231 334.785835251949 4.60929952638172 -212.235573279039 -282.782000032111
6800 281.501425662037 361646.267802368 332.517317133455 4.64074534574327 -207.191908493389 -282.248337495419
6900 278.697454047263 362286.507840032 332.50334045454 4.64094041809212 -206.98240169416 -282.1685463283
7000 345.002675937928 333333.345899778 335.080819628012 4.60524178489003 -212.817304329305 -282.530978667585
7100 324.612384563742 342321.412133302 334.739419876498 4.60993865746513 -210.6143155132 -282.134819595493
7200 354.706781487198 368733.822302408 332.07196602688 4.64696918059386 -204.950885640508 -281.375777225528
7300 394.359639436064 342300.395421729 334.497811473959 4.6132684248855 -210.499752353976 -281.964246518782
7400 310.412346125666 330881.359791112 335.777661337969 4.59568449466601 -213.086804032847 -282.431579200243
7500 320.408209887058 359665.478571931 332.524049899369 4.64065138245824 -207.331313908188 -281.9781593361
7600 341.67612426696 355330.021806238 333.016952086253 4.6337827014477 -208.299073990282 -282.155431792719
7700 327.368548614366 335456.243688188 334.803979024684 4.60904973818232 -212.518968113576 -282.618663855886
7800 299.710314058442 347351.117414091 333.736953491177 4.62378581611555 -210.100902499093 -282.4549182505
7900 333.939149794209 357971.300560305 332.670146749881 4.63861337406487 -207.949239642212 -282.277108693869
8000 294.478180988602 349002.33425381 333.587357370607 4.62585933720427 -209.8285378441 -282.493919217439
8100 233.170204118863 342598.213449761 334.362174568565 4.6151398370861 -211.18999661447 -282.687664725547
8200 298.303462627018 356878.08405262 332.834669752765 4.63632046809421 -208.185693004265 -282.323217332985
8300 278.129565294424 358739.133428309 332.532655069354 4.64053129321774 -207.728928503242 -282.185442199576
8400 276.778150609361 336927.829466243 334.942850547657 4.6071387681301 -212.15203713285 -282.588451367023
8500 298.381330056637 347742.03433807 333.87365169539 4.62189269512647 -209.730357913434 -282.195471995706
8600 289.776012722702 365964.666522419 332.288137201055 4.64394607903932 -205.776159048217 -281.676484212229
8700 364.3100774017 343878.040752686 334.489434405977 4.61338396116032 -210.305185325038 -282.097257768993
8800 372.394573476271 337235.097774841 334.961367537194 4.60688408102696 -211.791162486633 -282.295710226661
8900 360.144233490176 353657.116720305 333.126024184426 4.63226550865869 -208.566553925783 -282.099269714314
9000 314.830626249775 357484.807610965 332.600401778505 4.63958607270043 -208.051856797095 -282.263150397468
9100 280.640165569137 335543.524943555 334.587409050455 4.61203305959855 -212.77648548281 -282.849064024887
9200 247.207078484512 345974.495955863 333.616918545186 4.62544944841314 -210.633008675557 -282.674350709983
9300 237.438905092732 363544.446283074 332.173637569572 4.64554683856547 -206.942027930998 -282.314423631512
9400 304.244234113229 345170.990170212 333.911197430531 4.62137299899073 -210.694991329636 -282.632420599144
9500 312.151348113604 336923.200651744 334.949877548198 4.6070421137684 -212.260020658425 -282.696944930781
9600 308.842342547743 361021.404543038 332.85720659205 4.63600655568013 -207.057420451327 -282.060752628609
9700 336.015132726161 364786.904594348 332.267382127446 4.64423616301353 -206.163770900152 -281.815105084581
9800 321.153216703936 333940.186482134 335.213316003198 4.603421517573 -212.560954934547 -282.429160626867
9900 347.150423591266 338506.986793006 334.901333568115 4.60770990496001 -211.629908641312 -282.387681769991
10000 323.311981023441 377081.237405471 330.952762402445 4.66268412647254 -203.910803675494 -281.802395001089
10100 283.769098407359 355468.3610922 332.698266384384 4.63822131878277 -208.692828699843 -282.507235221143
10200 285.796329769599 313352.426154599 336.628297999638 4.58407151459316 -217.607775436482 -283.445274545026
10300 289.578537319575 351101.01659613 333.033147090327 4.63355736613084 -209.682432333499 -282.663328323187
10400 307.540145181592 385551.823510206 329.779423797015 4.67927372211052 -202.432153185259 -281.791111577848
10500 285.519145893095 328281.013210121 335.725188667824 4.59640278404292 -214.14839270823 -282.937446283808
10600 282.033047872857 319804.762369782 336.845752929328 4.58111221069744 -215.760980978303 -282.997565693429
10700 245.998610992871 395388.550534017 329.757581364668 4.67958366712917 -199.935584119691 -281.313866801642
10800 297.826488565236 376440.221728648 331.400724698655 4.6563814646733 -203.76770742139 -281.632138891079
10900 296.712402890695 303700.728909033 338.210432772573 4.56262741280894 -219.001267083461 -283.110779960269
11000 303.632432313344 340404.456698994 334.633919023541 4.61139204408493 -211.348158210342 -282.445741652781
11100 363.417320780384 392806.023403414 329.339996627948 4.68551711807229 -200.613429852331 -281.35780128901
11200 208.716523316079 345294.949177699 334.09820617477 4.61878622317084 -210.734739956679 -282.738307055233
11300 260.218123876727 307263.183282086 337.489585677972 4.57237277045506 -218.941961993518 -283.665245863906
11400 256.686711859881 373243.523116929 331.037771804233 4.66148676465442 -205.253706980699 -282.372366649587
11500 268.695708142463 384053.46682433 330.013270834822 4.67595799393924 -202.977917490577 -282.084520765653
11600 266.67740679353 312259.821543793 336.901743220635 4.58035086762829 -217.830791804939 -283.492020899154
11700 256.093379170641 331627.369062696 334.993458908311 4.60644275531506 -213.619026084819 -282.957828289804
11800 289.521806422046 393973.810019428 329.298782712915 4.68610354144987 -200.560121929936 -281.534406635876
11900 310.46428904057 351424.008672849 333.336582156757 4.62933945587898 -209.235045931 -282.349635952034
12000 334.160984394223 302615.376137131 338.190367088507 4.56289812495537 -219.369495599619 -283.246106661161
12100 275.195881370044 363731.102407982 332.534595374406 4.64050421619647 -206.51183177647 -282.00487200289
12200 313.639197678475 388852.392074961 330.076747662401 4.67505876374065 -201.296150369525 -281.406633138963
12300 302.141035148866 326012.021634833 336.166763108604 4.59036514376523 -214.399546919977 -282.803000626528
12400 306.410119408705 328316.593257821 335.650010069149 4.59743228235927 -214.005824461854 -282.786928062398
12500 286.705817818358 380299.994867301 330.609266959613 4.66752854829876 -203.469956040382 -281.944894680303
12600 199.178754976013 359648.585347363 332.696779152793 4.63824205270538 -207.968490835622 -282.650603556615
12700 271.411627164629 320501.932745783 335.869418630715 4.59442898420822 -216.20039554488 -283.388247708076
12800 254.376556276981 351225.175275332 333.037210411469 4.63350083301376 -209.726307685079 -282.733902416356
12900 286.152292421055 372962.91356757 331.092975516576 4.66070954679273 -205.078917540549 -282.152448958853
13000 275.638494691521 340801.135048994 334.645467523993 4.61123290652512 -211.562534476114 -282.74542548168
13100 334.81714476559 333476.086252013 335.159032019142 4.60416711007206 -212.982591392671 -282.742397674785
13200 305.656214951861 369146.895255154 331.74378011515 4.65156631220182 -205.490611655145 -281.925502848291
13300 298.154650764833 358294.947123008 332.93657770327 4.63490134520885 -207.716218829139 -282.170870675242
13400 344.681299940274 324396.384009053 336.051467266093 4.59194005138575 -214.791744841944 -282.832863171952
13500 277.881381675786 352833.623584776 333.883030046432 4.62176287201994 -208.903623981007 -282.431827237482
13600 348.261624090795 381566.96970911 330.549036029629 4.66837904112902 -202.935806636067 -281.657841329556
13700 277.105241018492 333236.124046421 335.456761871673 4.60008074738536 -213.044940033776 -282.816473389358
13800 276.377282060007 321054.330726983 336.308402677581 4.58843186664449 -215.693973817067 -283.085593366793
13900 286.109889797785 384894.494401943 329.934844842031 4.67706947595957 -202.625961541298 -281.886957624474
14000 244.063195568833 369745.603606344 331.641199679567 4.65300509513624 -205.880593145388 -282.415778598585
14100 244.568222691849 307633.39051038 337.618237663496 4.57063043319406 -218.821470456047 -283.647438850016
14200 243.56933889414 348204.172996744 333.736284622844 4.62379508302495 -210.234864444216 -282.766428217685
14300 279.422338932316 401837.104093039 328.809432740668 4.69307762555336 -198.993746287994 -281.461458335315
14400 282.665623597863 334777.45209186 335.145912172825 4.60434734788104 -212.629949597458 -282.659246966518
14500 329.290294495747 295708.635532057 338.998935911908 4.5520148543095 -220.730279256038 -283.298237770801
14600 319.879097610675 378702.968119116 330.947845320556 4.66275340264398 -203.371629173526 -281.597050227649
14700 356.803379353985 394178.261484535 329.471526209474 4.68364659495648 -200.166021804134 -281.224827378868
14800 325.984534034463 302351.955407703 338.197719479419 4.5627989279213 -219.378442157453 -283.200837379845
14900 315.612851343404 322704.028138162 336.106994409896 4.59118143189907 -215.162499429231 -282.859835510171
15000 307.417361005467 400923.793078673 328.854621223655 4.69243274162972 -199.131228703668 -281.422812753514
15100 292.703880623334 346344.26319338 333.292750796553 4.62994826073511 -210.677990193934 -282.72625216902
15200 246.068443786935 304650.71992388 337.580946712204 4.57113532885988 -219.54778283417 -283.738137922051
15300 228.01916864394 364473.717454615 331.976226318562 4.6483093352153 -207.150569280807 -282.67071909756
15400 246.797792987701 380848.778094666 330.183198211319 4.67355153207556 -203.755193149439 -282.242093678919
15500 239.373485784311 330042.645410521 335.400893615169 4.60084699009975 -214.041448021966 -283.132836019358
15600 312.775632392763 331228.528931 335.066029737113 4.60544506131174 -213.463902192858 -282.734315361803
15700 322.470527589945 375364.974991786 331.191964732507 4.65931651787644 -204.193981997979 -281.787095839867
15800 282.586098573623 354728.323060728 333.304394248106 4.62978652095851 -208.435698258189 -282.230632112482
15900 297.763814184721 327893.645421575 335.907559490508 4.59390730654196 -213.969442532773 -282.714648947926
16000 328.429212219262 357627.162525348 333.098425710093 4.63264930951417 -207.768836238408 -282.120847286106
16100 336.019023086633 358467.92661165 332.707458769507 4.63809316921617 -207.603465249845 -282.042800063042
16200 278.704826832501 329532.589651632 335.954168448597 4.59326996593652 -213.734707161868 -282.83311619054
16300 308.741210670427 348002.468452818 333.679995012626 4.62457508670165 -209.950610634988 -282.427932539109
16400 250.595784439116 377016.735061486 331.044181375692 4.66139651044001 -204.076403234475 -281.976182954977
16500 273.905156399404 342233.09283094 334.230449546414 4.61695873000293 -211.434687813615 -282.828020861843
16600 263.94500355016 331757.488631408 335.116846214852 4.60474670042932 -213.710738343315 -283.102296201215
16700 224.07399908538 366060.236772423 331.95128756206 4.64865855228118 -206.614269310756 -282.457453205838
16800 257.54817507039 366894.448140412 331.815410034418 4.65056216559097 -206.389556500352 -282.374463125222
16900 287.948403906995 331385.324842165 335.38025538945 4.60113011147365 -213.574576395578 -282.942773268945
17000 282.626336312973 338378.75019015 335.021395515585 4.60605863542329 -211.822256521295 -282.57858149643
17100 388.187258015668 369832.366953831 331.806040791525 4.65069348401548 -205.085024033893 -281.676219470544
17200 301.096772765221 359038.5998683 333.315290188911 4.62963517512662 -207.294919901078 -281.988972088288
17300 373.576129049739 323463.061673372 336.297293008911 4.58858344668635 -214.805413312479 -282.7003999317
17400 296.520410773433 352674.00431067 333.67480302318 4.62464704522181 -208.781386002065 -282.230490342167
17500 290.666105401881 378278.787859122 331.054190951362 4.66125557097337 -203.611511654605 -281.774421963653
17600 298.416525332165 337226.48145459 334.74867444468 4.60981120963672 -212.336312080176 -282.794290745178
17700 230.7482979584 325829.406121762 336.003567883511 4.59259466078379 -214.872942108039 -283.204891165011
17800 278.87659117622 373360.620218355 331.169846776532 4.65962770127256 -204.970475787397 -282.144107650118
17900 297.064298025919 365293.333946799 331.983179691572 4.64821197658195 -206.573500370748 -282.265062769644
18000 271.81092082941 321332.090875455 336.681956869334 4.58334092570635 -215.508994395124 -283.033837732212
18100 387.026550258722 343904.92990072 334.25181954228 4.61666355019177 -210.40898529201 -282.155667738592
18200 315.55551133374 383954.244977206 331.026988407364 4.66163861529965 -201.967521696013 -281.296620207337
18300 295.968368083401 343495.323296323 335.01594357692 4.60613359289814 -210.424713093307 -282.249764732984
18400 301.634667717072 325392.394451977 336.528192333761 4.58543511961007 -214.30568585013 -282.652534218008
18500 300.479927411494 377714.07555848 331.361207755918 4.65693676793571 -203.633141888802 -281.751746339353
18600 332.707769797272 363749.690556419 332.084173799587 4.64679835299047 -206.735591076138 -282.130227970564
18700 228.91106840801 309854.432137263 337.745696810649 4.56890555953181 -218.122102904692 -283.440749815359
18800 301.407532183553 348429.279123774 333.622210459418 4.62537607955159 -209.993731066486 -282.547376866468
18900 293.419694648336 396041.874091294 329.238711071143 4.68695855006149 -200.1372728752 -281.521762134665
19000 285.824816023849 336895.034678984 335.002022903598 4.60632499616332 -212.316983333051 -282.758984026257
19100 250.078192990962 321382.328294894 336.986714948525 4.57919592498427 -215.418228028698 -283.014760030388
19200 395.970783995266 373332.686007211 331.501648482453 4.65496385592725 -204.162591139839 -281.407764092864
19300 306.972215013309 364962.660310162 333.077955339158 4.63293402379278 -205.723738423208 -281.596163634319
19400 377.22749440854 325972.270150379 336.260330495743 4.58908783439043 -213.940526057246 -282.354675992171
19500 294.797510087288 349021.737008483 334.322321394163 4.61568998872434 -209.292008485556 -282.121535902603
19600 274.0361479685 368884.757205805 332.259600614341 4.64434493093023 -205.360822896272 -281.860198652888
19700 354.216594455181 343188.918799291 334.254584314892 4.61662536365509 -210.852897641358 -282.450795497639
19800 308.347205914069 335575.097857427 334.946497058613 4.60708861091951 -212.562973078788 -282.717355899561
19900 286.280273479456 359350.61346012 332.55694523986 4.64019234586462 -207.671052982752 -282.259927730551
20000 293.272101867574 355080.633232067 333.056969940886 4.63322593771272 -208.601387345869 -282.414777936084
20100 241.758886841156 346108.272163103 334.127170591487 4.61838583535247 -210.477607333459 -282.65703182019
20200 294.59429071662 351116.442558145 333.427645104177 4.62807512971512 -209.4164000186 -282.486956601797
20300 333.248838080399 351562.469939622 333.303573296277 4.62979792447174 -209.17595492052 -282.312109063176
20400 311.786407538326 347134.377058103 334.457244184949 4.61382798159036 -209.77378428373 -282.23871377977
20500 313.424447883649 358132.88686694 333.244835286042 4.6306139764824 -207.309232489968 -281.799112284415
20600 347.883869210895 351209.339115164 333.991960945248 4.62025549207482 -208.738190396598 -281.951781953681
20700 353.990664191587 334197.174262863 335.423603134265 4.60053549436243 -212.435602442164 -282.401439756929
20800 302.227425192939 350563.416039158 333.567832006822 4.62613011147477 -209.225487717787 -282.211627927113
20900 311.862286246878 359180.944267658 332.703361737023 4.63815028441416 -207.566389313523 -282.152870659198
21000 295.283057303477 344582.172108777 334.149079896467 4.61808301954399 -210.722821054785 -282.588695856265
21100 289.060551548344 341190.19021848 334.174562850631 4.61773086108851 -211.479087460421 -282.642959022127
21200 293.583581555892 351045.360375893 333.460686817526 4.62761654632632 -209.438170028225 -282.501173370897
21300 279.014085774797 355902.853109301 333.087871632258 4.63279609763095 -208.380350264533 -282.37152654881
21400 290.075996571577 353308.86743007 333.596881515582 4.62572726955795 -208.85310296042 -282.417242982742
21500 286.109743285766 345540.672345214 334.021706376899 4.6198440472755 -210.399439478891 -282.437747991948
21600 299.834610350338 347544.836893964 333.758025532579 4.62349389023303 -209.848257804423 -282.247196713945
21700 396.55226437195 346802.670346474 333.995816458427 4.62020215770636 -209.708464605744 -282.004270362683
21800 384.404157576828 347952.320671013 334.201905546116 4.61735306189984 -209.199211938889 -281.779435533135
21900 423.654255182658 342279.750486645 334.505572019979 4.61316139682706 -210.351612175671 -281.81345406849
22000 351.401762514239 344572.409322644 334.76743277549 4.60955290385433 -210.035401502995 -282.032226368549
22100 283.243182907337 356738.277315321 333.707874191821 4.62418873274505 -207.722175478156 -282.025082907985
22200 327.470986280681 362856.18195372 332.711765643832 4.63803313020808 -206.644812662689 -281.996386582667
22300 341.878157417271 343418.467482817 334.337148106059 4.6154852986202 -210.772304494393 -282.435789151145
22400 304.857147831988 341322.022139326 334.460876216056 4.6137778783707 -211.311026830166 -282.563390472096
22500 325.314651166107 360298.387903761 332.35688110973 4.64298553625145 -207.507403970679 -282.248013680382
22600 252.075298455096 354348.944319419 333.201349462521 4.63121831395732 -208.724251376979 -282.417472085091
22700 284.712180738762 327312.839057814 335.821800016973 4.59508046168571 -214.392709031321 -282.998625284032
22800 328.366303917842 357550.938037139 332.778336893804 4.63710530640268 -208.046895248876 -282.311626078981
22900 276.934990269869 371653.5746365 331.802913536039 4.65073731698415 -204.959200284206 -281.926837052362
23000 294.401547565126 330711.684726992 335.758548555047 4.59594610027666 -213.191214202072 -282.496484410523
23100 346.215057271697 336328.903324707 335.542231917559 4.59890900482911 -211.74563588252 -282.182663812936
23200 359.298719177202 376655.670109143 331.568747010856 4.65402184547748 -203.352375628805 -281.300871685652
23300 315.533278575037 355604.462022315 333.523871663214 4.62673986174022 -207.89332357489 -281.919235797668
23400 361.390736338817 306216.654696871 338.02285408419 4.56515934713036 -218.493431124981 -283.098190705932
23500 288.406356221822 354523.515987143 333.4256769632 4.62810244825996 -208.471428372831 -282.250592726688
23600 300.423122385862 396045.090283096 329.26004939233 4.6866548028346 -199.93378623646 -281.324211066809
23700 345.812649586698 323966.533480843 336.089615645832 4.59141883601739 -214.949883386424 -282.908555679825
23800 315.116002815835 315358.615756779 336.899136829955 4.58038630311182 -216.795487338182 -283.10781025663
23900 301.198515362314 387417.349758209 329.979483484631 4.6764367759185 -201.798494880479 -281.589814355081
24000 260.594127788341 370211.410086619 331.985003021082 4.64818644765145 -205.347965541297 -282.059012105795
24100 287.796930175977 314360.646182414 337.30709747745 4.57484649272547 -216.951283499899 -283.133802794699
24200 291.709237144884 346744.128757998 333.842019758218 4.62233062507744 -210.07999521061 -282.330312378459
24300 348.227910204474 378648.548922824 330.987869913283 4.66218956081505 -203.332410534696 -281.556049848917
24400 327.803299601962 342502.606400934 334.833953500325 4.60863713412094 -210.684914836359 -282.26348422955
24500 317.026388179731 330385.010516323 335.790824597488 4.59550434028645 -213.129553709873 -282.373020404039
24600 345.194106199214 362288.904178822 332.936159599857 4.63490716574837 -206.534825184162 -281.819337485358
24700 301.724389795896 371393.604505275 331.756948569014 4.65138167722539 -204.854610430894 -281.757753716741
24800 296.854569659584 339911.01951459 334.619300208908 4.61159350612089 -211.650303999378 -282.641725658146
24900 300.489340545766 334781.320692183 335.059631625849 4.60553300431394 -212.865167773799 -282.877245710492
25000 300.778811226301 370337.222118381 331.183239291048 4.65943927346516 -205.539035015095 -282.090826188673
25100 274.352979346889 357231.512314872 332.777051380093 4.63712321948421 -208.269707944503 -282.467806174127
25200 278.317489934393 328225.035887655 335.571090975096 4.59851349942609 -214.262676250989 -283.008431402285
25300 295.811711840887 345567.317993681 333.781070804075 4.62317466999773 -210.496753071277 -282.488714902463
25400 302.829856202009 366477.524325864 331.888403076252 4.6495393558888 -205.996727381536 -281.911984103781
25500 336.683132539906 343374.229275675 334.065787525315 4.61923444270445 -210.667505244879 -282.263601129993
25600 373.787676483881 326740.238106594 335.872122241696 4.59439200123812 -214.02582547315 -282.521985037729
25700 336.681028069787 353561.049520989 333.346159358076 4.62920645264885 -208.287341594363 -281.848661434238
25800 439.646882727774 364096.13560617 332.534080058608 4.64051140741469 -205.856725654016 -281.425412066962
25900 470.43010557886 339320.528383518 334.944688478619 4.60711348752923 -210.874744378061 -281.811753299249
26000 358.021101704046 335224.864429936 335.189815147778 4.60374427303463 -211.848915414975 -281.980989091758
26100 269.453291993524 359201.869033734 333.162116866185 4.63176367823933 -207.203893051007 -281.897570726076
26200 356.58282289826 362075.512292352 332.319638612846 4.64350586774642 -206.852764597725 -281.953606106482
26300 300.900621700973 339022.253934396 334.716245727144 4.61025782753329 -211.810221965602 -282.636536079481
26400 277.299501373635 339067.454806373 334.488682459685 4.61339433226447 -211.90979729218 -282.697395427056
26500 297.670974595294 367178.369391606 331.636544236903 4.65307041302359 -206.16856621859 -282.171282238687
26600 288.508790312044 352282.23139049 333.058520813514 4.6332043632961 -209.228064899284 -282.460070796138
26700 276.414786134115 327407.441404741 335.605186206921 4.59804632135419 -214.366956310026 -282.948436152084
26800 249.990344981577 360249.336621422 332.48487851632 4.6411981162938 -207.407639905401 -282.166854587528
26900 316.343393871353 367321.36490442 331.992212601183 4.64808550711355 -205.756202191421 -281.870058979549
27000 366.138858428451 332036.106524968 335.451280571857 4.60015591305983 -212.833186906879 -282.352329853923
27100 299.936483398684 342144.447508126 334.364321489707 4.61511020371718 -210.637193020997 -282.040622070496
27200 343.605844872446 360703.97209368 332.817025203148 4.63656626617647 -206.806461806572 -281.734800208226
27300 368.259458403989 353927.914847439 333.297965108991 4.62987582705915 -208.375950535268 -282.002953436584
27400 328.869012344635 339853.221996611 334.482881474694 4.61347434302963 -211.514280610353 -282.46469398359
27500 273.1052153613 348095.312978253 333.508010223009 4.62695990670289 -209.889632105868 -282.348924324505
27600 318.325593887708 353530.878541522 333.216814843417 4.63100336815612 -208.800570728507 -282.32707251929
27700 291.529944093052 352764.435974517 333.111678607232 4.63246499887986 -208.984734141961 -282.328684337464
27800 255.068392008455 343209.813256705 334.249344055485 4.61669774170137 -210.950922209114 -282.552056637474
27900 285.192223512614 350141.875840254 333.656185752572 4.624905090207 -209.484204439671 -282.40189032828
28000 322.590798367381 363188.683247291 332.140825943711 4.64600576421653 -206.754939069403 -282.046137777638
28100 375.382793454957 337805.692424705 334.251639753131 4.61666603342868 -212.022855506672 -282.497055203709
28200 275.419924449272 337501.21637144 334.889879496064 4.60786750017108 -212.047156448974 -282.592281583693
28300 279.918414770912 369526.234745609 331.787999090994 4.65094637567922 -205.383367646344 -281.907002862486
28400 346.939239395552 357553.30854814 332.768851778726 4.63723748066487 -207.8759247261 -282.139031153668
28500 303.818862083949 324903.715461233 335.875559982721 4.59434497688818 -214.682398823656 -282.794256269455
28600 295.509153772376 350930.099830926 333.501808756056 4.62704594503372 -209.238731635321 -282.286752899244
28700 315.059892480076 380962.440745553 330.723168042456 4.66592105113127 -203.071723708235 -281.710441295565
28800 260.903361943963 341610.301975174 334.568974464356 4.61228718035395 -211.278176749769 -282.613768301819
28900 297.416222833145 324125.142051606 335.829362595504 4.59497698456096 -215.014426862536 -282.953720602251
29000 254.078120604922 369264.132635183 331.835361603116 4.65028255099509 -205.687036386576 -282.167309927011
29100 306.637600719334 375950.503602069 330.888387140908 4.66359126471544 -204.408131223974 -282.051047458047
29200 243.870255937723 326161.138636595 335.625508564232 4.59776790646053 -214.812383876048 -283.136939896434
29300 282.861338789997 325549.904864534 335.616378390152 4.59789298504449 -214.836205405869 -283.030864393748
29400 306.278078713992 385726.406215959 330.279864044806 4.67218368376456 -202.138568487455 -281.653943356265
29500 318.049005917473 362384.658822171 332.512930695367 4.64080656544411 -206.723921792483 -281.932605070512
29600 367.784706545259 312861.036662228 337.20446642345 4.57623888625577 -216.929403734737 -282.776168390425
29700 323.527316946382 350417.143418641 333.944940167509 4.62090604245142 -209.064462667553 -282.102627933744
29800 325.929284222672 389664.231528262 330.32251564984 4.67158040628972 -200.972213932812 -281.309723075642
29900 293.730489732047 343112.22319125 334.284515219369 4.61621200387779 -210.852476805915 -282.44078383409
30000 295.612908091564 315173.862022331 336.89436606899 4.58045116596018 -216.970624539615 -283.243159711319
30100 287.045571170483 371353.754188538 331.365069553516 4.65688249502383 -205.355797855623 -282.159859446618
30200 270.388325877347 376546.927518488 330.775786310876 4.6651788181854 -204.341363987426 -282.080992569466
30300 270.754420225162 317798.153800293 336.523752738173 4.58549561304437 -216.49957683046 -283.250416909651
30400 307.03270961815 333678.112309954 334.96205734672 4.60687459376578 -213.060855266555 -282.821900314284
30500 253.781563930051 387906.520369059 330.214160827847 4.6731133153027 -201.692902515893 -281.64178836169
30600 255.081963823928 359667.900382991 333.033348609808 4.63355456235134 -207.403960141812 -282.165639177802
30700 354.96705993432 319712.38562063 336.489354694538 4.58596437104811 -215.655831512767 -282.801875862647
30800 416.654876285999 344192.954179626 334.097448179335 4.6187967022059 -210.419698072722 -282.193305832367
30900 322.25149973807 373749.694001422 331.527022219624 4.65460758382422 -204.221510557141 -281.558884503012
31000 337.723199459683 343775.754082202 334.482357919277 4.6134815643656 -210.396086017335 -282.165285491233
31100 371.177707823837 328349.128183883 335.915234035805 4.5938023510468 -213.701050640772 -282.543325033975
31200 328.197274265738 358844.167290741 332.787252189126 4.63698107939888 -207.57722011214 -282.112556510334
31300 274.328587329258 370497.676446631 331.528109888024 4.65459231311433 -205.427040754748 -282.091749287333
31400 218.517157905273 339367.895508966 334.612317868506 4.61168973603814 -212.047882300792 -282.924391927798
31500 274.836499148536 334631.04107725 334.753528519175 4.60974436533155 -213.077765364071 -282.994482874691
31600 226.679717189814 366719.185689297 332.046721200152 4.64732248006735 -206.297346962224 -282.29890060461
31700 293.264813498574 358337.631204412 332.684112299009 4.6384186524639 -207.871178152768 -282.278234267103
31800 315.111574617459 336470.122834767 335.039669764414 4.60580740469086 -212.218176831521 -282.579238075493
31900 296.096669227539 344217.07302141 334.393550587915 4.6147068002749 -210.486930796223 -282.329183644526
32000 331.982105442822 358058.679337478 332.86664139947 4.63587515221817 -207.544822777993 -281.934747992222
32100 301.531164657725 353499.791964787 333.416637605014 4.62822792212968 -208.544265185711 -282.108390006522
32200 331.844134308364 344742.318832678 334.082124561507 4.61900855632884 -210.454945993784 -282.339814047885
32300 373.97442737697 345576.095726417 333.854371529743 4.62215961047748 -210.362098268283 -282.371699117157
32400 326.158055371583 347943.294718433 333.737802906411 4.62377404785293 -209.929652888273 -282.407204965306
32500 284.78863120896 350929.80079231 333.552582371043 4.62634161275822 -209.335139855999 -282.394219979338
32600 278.489509319478 357947.254437892 333.073418082378 4.63299713543776 -207.87663694627 -282.289609255396
32700 318.721058430699 348707.124220331 333.626664045808 4.62531433535013 -209.808172164767 -282.420643127009
32800 226.678855182466 350765.039805406 333.903029544378 4.62148604632839 -209.402953018804 -282.504455536959
32900 326.481173481299 357645.016592883 332.789705621422 4.63694689408923 -207.966953675822 -282.253762768899
33000 337.573273920411 346473.344418617 333.655563000627 4.6249137223683 -210.297166057019 -282.450738897904
33100 295.167812730825 340190.414539802 334.601903454912 4.61183327390742 -211.577235586086 -282.623315866338
33200 302.001000257978 356197.418491172 333.021123223485 4.63372466265616 -208.203746077168 -282.241322084079
33300 286.974241636726 365654.382939462 332.253877674436 4.64442492791063 -206.163807081193 -281.99196123293
33400 424.912004771722 334676.656852155 335.077713306043 4.60528447756447 -212.32100420921 -282.314971087972
33500 354.001097324464 338770.448151981 335.285941236603 4.60242438491381 -211.114945591316 -282.009112726949
33600 350.312374318484 369889.213633911 332.031099730905 4.64754112827609 -204.607252687291 -281.26217952055
33700 350.09418817799 358437.126750575 333.126664292522 4.63225660768807 -207.171285921607 -281.698009034208
33800 351.028601966667 319261.889528393 336.624503176116 4.58412319158711 -215.637369041191 -282.715730848123
33900 244.651494443243 351961.853174977 333.587250519039 4.62586081891654 -209.016238858065 -282.297794846576
34000 268.557937979991 382315.674803253 330.690115101089 4.66638741649233 -202.825156391134 -281.735322971182
34100 307.955690767849 338852.447306031 334.46526589977 4.61371732492112 -211.923789554972 -282.661547778863
34200 320.763449114352 316468.586430908 336.66653433221 4.58355088641932 -216.639213149619 -283.138991556497
34300 313.588451988824 372846.21504304 331.153245300565 4.65986129915631 -204.917004389679 -281.980445346112
34400 286.993216937926 376209.42467191 331.314077015074 4.65759923565189 -204.186909214952 -281.983255809442
34500 295.60609730975 321716.155206285 336.315502871578 4.58833499702023 -215.500387489113 -283.032354485329
34600 292.482853131911 334729.214437981 335.019320269464 4.60608716722648 -212.60740302491 -282.600162184306
34700 335.689819889641 380473.163054772 331.026653902655 4.66164332591752 -202.852352771348 -281.462142682622
34800 349.13588163507 358558.304272254 333.192545000615 4.63134069180111 -207.234472664711 -281.801134909212
34900 345.358149071151 316852.585885368 337.173109613568 4.57666447254554 -215.95851209205 -282.63916286434
35000 326.402476313045 350621.250477509 333.866852107451 4.62198682536319 -208.983267009931 -282.046885892685
35100 192.878192242942 395179.445477537 329.97562085325 4.6764915173912 -200.033440536266 -281.42246532217
35200 260.842612130118 334836.897598259 334.868888245701 4.60815634426418 -212.771628534624 -282.755465922308
35300 279.533758168426 310099.971974017 337.361744741668 4.57410543998626 -218.027095143215 -283.323189293577
35400 277.474524477874 378811.612750917 330.755669037852 4.665462564421 -203.714687553093 -281.917113075336
35500 284.301893375759 376917.962005074 331.08955988165 4.66075762829164 -204.080798179475 -281.970844720383
35600 271.628497569748 309766.011995698 337.454752007782 4.57284475232559 -217.996924691641 -283.240680768732
35700 261.477289910147 340121.675485477 334.793764299034 4.60919036260131 -211.48589811648 -282.558352403182
35800 341.435561971379 393352.015916646 329.716338657422 4.68016901482533 -200.297561920763 -281.246562540577
35900 346.865012771559 345494.563305605 334.26909413776 4.61642496697634 -210.143963964246 -282.226006551742
36000 363.469591645272 312795.266593145 337.768826618492 4.56859268901412 -216.886040271163 -282.829143399304
36100 448.932941211271 361712.200508067 332.520196519222 4.64070516022601 -206.485189955115 -281.555952755807
36200 329.81765477539 389629.341594162 330.529769995048 4.66865115323573 -200.721837001082 -281.102554519058
36300 311.648423920318 314838.387749825 337.414513227282 4.57339009252003 -216.499596688158 -282.803803089806
36400 275.250153416094 327531.254607726 336.061896461156 4.59179754716549 -214.09157375976 -282.792353339147
36500 269.268262859788 407002.488218959 328.426424165008 4.69855065952556 -197.82931878127 -281.259809636686
36600 265.956167452644 354906.476941256 333.023627037346 4.6336898243351 -208.711312620533 -282.481114018833
36700 268.750807531783 287419.548529622 339.956510895218 4.53919293324476 -222.871655974189 -283.857537917413
36800 283.618928457515 370301.536460854 331.635415250763 4.65308625346692 -205.47296593585 -282.121889329865
36900 294.396246833269 413256.881392085 327.790708104196 4.7076630109222 -196.546329744027 -281.094920851463
37000 267.491414503973 308749.990012047 337.983167094355 4.56569540173379 -218.061595858141 -283.19318371043
37100 343.562225712304 306990.818833761 337.937090043701 4.56631792522853 -218.170114045167 -282.92177154783
37200 372.088030006072 407244.933221726 328.532134852397 4.69703882257794 -197.108853276543 -280.615912154984
37300 355.30164299736 364312.58668671 332.594516485391 4.63966817063835 -205.972649758635 -281.600003310886
37400 323.453227710922 292809.867245125 339.337113716428 4.54747839093032 -221.081381341387 -283.097804137908
37500 336.246764584518 346135.253750048 333.865932400283 4.62199955764283 -210.099588162325 -282.228201476693
37600 308.365719486841 393128.38954413 329.557475691976 4.68242508723553 -200.567949204291 -281.431948695617
37700 280.156875266536 341391.160619464 334.594553763895 4.61193457725861 -211.337500256643 -282.632780799335
37800 329.510784203218 315922.88980217 336.695453676002 4.58315719745671 -216.684425511175 -283.075238700967
37900 287.94511930542 366900.408919024 332.024746025928 4.64763006473504 -206.052524821091 -282.086604142656
38000 303.799058255598 375186.063652242 331.477835293799 4.65529826601649 -204.309844134421 -281.932917629661
38100 340.645637926314 331035.702579154 335.333305188884 4.60177431823217 -213.461328575504 -282.746639077432
38200 310.593749685404 335865.549647628 335.083593040923 4.60520366832064 -212.42934075229 -282.673184145694
38300 341.477576200485 374147.362104343 331.317163184347 4.65755585081933 -204.423127160073 -281.793780533979
38400 282.197767773957 353526.740781288 333.414904223576 4.62825198369462 -208.702839391575 -282.272189845826
38500 285.181112851823 324130.682915114 336.198958134447 4.58992556202098 -214.833229663367 -282.848456384935
38600 298.615023842678 362996.287559161 332.422668370223 4.64206667803869 -206.741377378306 -282.056546786234
38700 339.567981180479 365971.650866869 331.735221436878 4.65168632134452 -206.18958191582 -281.965057738828
38800 292.063110410367 327023.538851159 335.871419403423 4.5944016153772 -214.414065340019 -282.969471172191
38900 247.267200589119 348646.091786451 333.649724940364 4.62499464713162 -210.009074664877 -282.613854866111
39000 282.536527454444 374927.277143871 330.838839892988 4.6642896957481 -204.701072822175 -282.12107331183
39100 255.880444705392 336590.911510554 334.505355606965 4.61316438137766 -212.703083603295 -282.977153001336
39200 263.099374611199 330299.192377911 335.06271956823 4.60549055966188 -214.00235003992 -283.077726984553
39300 297.642049151586 368734.577101971 331.522145979583 4.65467604677353 -205.86970760549 -282.168216725877
39400 280.388185846199 361713.804992273 332.547666772545 4.64032181263682 -207.089377111284 -282.1666747059
39500 322.777471111395 326346.581478921 336.169097319992 4.59033327027454 -214.209580805917 -282.683706914516
39600 361.571841317481 346550.071478111 333.915620072692 4.6213117898773 -209.873022631782 -282.09882422346
39700 307.162906297452 371793.798415473 331.923870696322 4.64904253083361 -204.648440628239 -281.673185823885
39800 353.208650506821 341750.264963964 334.336441782609 4.61549504935356 -210.980867369729 -282.296086115177
39900 273.04416764067 328229.462185911 335.477996899797 4.59978957227121 -213.99121671566 -282.718827248973
40000 289.019723190965 357503.526010772 332.776422599208 4.63713198132623 -208.043002084206 -282.297458102296
