# step temp[K] press[bars] vol[A^3] density[gcc] enthalpy[eV] etotal[eV]
0 329.822086353939 576435.173081452 314.753078697365 4.90266274202146 -164.046710985953 -277.289381438824
100 294.34079725089 556573.990318208 316.25493243816 4.87938063121865 -167.964464572241 -277.827060675056
200 256.925588570857 531477.917825675 318.293265257296 4.84813334211993 -172.87930958935 -278.464332136419
300 282.032971368937 532381.418315637 318.072702783513 4.85149520333533 -172.646419272078 -278.337644074947
400 354.499144974003 560474.784220212 316.115526218138 4.88153242685484 -166.805951252708 -277.389761055043
500 350.563780763096 573631.862748901 315.260292028528 4.89477498716039 -163.939093024256 -276.812642578307
600 344.823730449819 545766.274829788 317.178023760662 4.86518004485249 -169.434945231312 -277.478639846562
700 303.743324827741 525495.236250932 318.833931637915 4.83991206311937 -173.537511130067 -278.111328203829
800 320.139918505441 542127.596211085 317.432750147519 4.86127594316904 -170.543055369859 -277.95260344159
900 262.995439408069 571317.620230669 315.269210576557 4.8946365204648 -165.040529854955 -277.461886127875
1000 317.570863398173 567677.813067496 315.254499413808 4.89486492575189 -165.846946741347 -277.54686543752
1100 290.525474039458 540487.015410936 317.119044017272 4.86608490085531 -171.208785771701 -278.187464856599
1200 308.982587114554 524569.559970143 318.498095584383 4.84501544360815 -174.358687158147 -278.638337903261
1300 315.287638345507 540240.16018775 317.28510094593 4.86353814681355 -171.213394146231 -278.19920610903
1400 311.68185928279 572261.134452758 315.07700178904 4.89762243230727 -164.79048865055 -277.328852859343
1500 279.339473896589 571029.452314741 315.331911617714 4.89366326404953 -164.875307878523 -277.262306931638
1600 310.469572586906 535248.385285924 318.004136426819 4.85254125686895 -171.887868886638 -278.125353044407
1700 353.212219423742 521491.446697805 319.087890951776 4.83606001864651 -174.47007772749 -278.329799722035
1800 393.063417337376 548231.567921684 317.127910880389 4.86594884563202 -169.107464438941 -277.622058064352
1900 359.199829021921 581417.557335157 314.489045551737 4.90677883281712 -162.693555515785 -276.819216872918
2000 339.048662681304 561144.679580916 315.701582195004 4.88793303200157 -166.961103857249 -277.532107229227
2100 239.674442386195 525044.24115042 318.6032349071 4.84341658463096 -174.353658578937 -278.762126497338
2200 300.833483094657 526824.481992778 318.287568917105 4.84822010836375 -174.098678994283 -278.757362740733
2300 281.938637053002 563065.946259354 315.529719885827 4.89059538488005 -166.927296009983 -277.816477258405
2400 315.716667814958 574914.104877706 314.560531317063 4.90566373793003 -164.568373800162 -277.443132787081
2500 324.569009033854 548425.241609612 316.491042179165 4.87574049881816 -169.614380997347 -277.949309311666
2600 368.172226737026 521556.710960199 318.76405393494 4.84097304202648 -174.748064984336 -278.515366241499
2700 338.652962985051 531424.668301256 318.353273303361 4.84721949252792 -172.633295304731 -278.227643160824
2800 397.390307238389 569486.601323257 315.477146392516 4.89141039061564 -164.979599538454 -277.114565875954
2900 316.497168644687 582337.843450294 314.581412477439 4.90533811172582 -162.453336931828 -276.7932123024
3000 323.945276860487 543718.946770643 317.515943731236 4.86000222140755 -170.131631036477 -277.884699757953
3100 288.803082133089 515649.832102118 319.554190807266 4.82900314330984 -175.78318284039 -278.629570137479
3200 307.13354526729 541122.701909429 317.672831772698 4.85760202802065 -170.754161200578 -278.045699337645
3300 371.412166057716 581613.569181773 314.369583914675 4.90864342742824 -162.82790508705 -276.948675016457
3400 327.446189415112 578496.941882818 314.65165993082 4.90424297207076 -163.53721317839 -277.148305981418
3500 380.459165765564 525239.293489838 318.281260913315 4.84831619504736 -174.169371001761 -278.511074062045
3600 288.145275871159 510501.466412195 319.630242978214 4.82785414010808 -177.21228623761 -279.056064217167
3700 317.717691603782 549123.010565833 316.456652392027 4.87627035235933 -169.584059092882 -278.045036816058
3800 285.110516914295 589348.619501973 313.809273866822 4.91740786641319 -161.673558957022 -277.105948796923
3900 278.780508348087 568017.011440377 315.246753607153 4.89498519559412 -165.868361975533 -277.63227740571
4000 271.979036079434 521735.864857374 318.66998713665 4.84240202766383 -174.939036943225 -278.711350007877
4100 326.817591382468 519445.126851962 318.910107084727 4.83875599294239 -175.191872945699 -278.586412204638
4200 360.805784779837 563934.219299118 315.841764383974 4.88576358758594 -166.147320236502 -277.317331043633
4300 373.128825444624 583919.805318528 314.366502090224 4.90869154825929 -162.066114693526 -276.63827743539
4400 384.226469911457 541535.206429913 317.493379039625 4.86034762845726 -170.438326930591 -277.750999759305
4500 283.908842247899 517632.694385136 319.554936013486 4.82899188201241 -175.357321914867 -278.599431964996
4600 298.500334366012 551876.289145971 316.663814893828 4.87308028037086 -168.829536210306 -277.905690473219
4700 268.875906253571 594207.746866099 313.482256069268 4.92253759818911 -160.687107395084 -276.949944268188
4800 294.747784990724 563217.325983496 315.490747638997 4.89119951508644 -166.779882674848 -277.685176353646
4900 240.159330433768 511467.54124383 319.623531971269 4.82795550862267 -177.022538140739 -279.056903281542
5000 322.631785197795 520714.664914136 318.788187840369 4.84060655546883 -175.14348165871 -278.751095682435
5100 285.080138056462 584592.385059767 314.031196531587 4.9139327840981 -162.488260438095 -277.070047253451
5200 306.941570914601 593404.604610648 313.437110695918 4.9232466073974 -160.651604047876 -276.740577230802
5300 296.469561669565 530415.370278884 318.160239392339 4.85016039343374 -172.924621436324 -278.254515605478
5400 291.29553584074 502601.502978653 320.385996987956 4.81646578306645 -178.346171002371 -278.851005282153
5500 341.969443538262 548166.216567808 317.004081817131 4.86784959682727 -169.045101131256 -277.504392705092
5600 376.731347149184 594605.057263251 313.669868883206 4.91959332071102 -159.711360500565 -276.121562715524
5700 376.049251063959 568969.17650292 315.649639809467 4.88873737602738 -164.745581728096 -276.83992066381
5800 337.709897625705 516240.222445042 319.379676185998 4.83164179478799 -175.484642429241 -278.392552437087
5900 377.521188661839 518215.75457218 318.839071175811 4.83983404598249 -175.439258581309 -278.566117486345
6000 288.008659074849 570524.74188083 314.958635705995 4.89946303077902 -165.284148018256 -277.438891480853
6100 310.609650788951 582470.705271946 314.288999883314 4.90990200878503 -162.979839716728 -277.239495516977
6200 261.391212607237 545440.785794074 316.908327195422 4.86932042942043 -170.292981321469 -278.180425064501
6300 299.368586076061 518863.682647023 318.801900836969 4.84039834083441 -175.568780853516 -278.812542263785
6400 277.156062471794 542524.355336923 317.173207039271 4.86525392945646 -170.831017878708 -278.231288497535
6500 323.112367491517 571828.621679491 315.087732987262 4.89745563001179 -164.891635226743 -277.34877341484
6600 334.646521356492 563677.563482244 315.769948488099 4.88687476200504 -166.215639011505 -277.309788242058
6700 314.350269842102 533474.166703238 318.125683346086 4.85068723667736 -172.077353988893 -278.003157937428
6800 310.743613572173 530199.369523482 318.28882395774 4.84820099140838 -172.765345593463 -278.09489810454
6900 303.307383382009 557210.736207977 316.337192085715 4.87811180750442 -167.479163225764 -277.496055679277
7000 343.58033338085 566104.678137543 315.340074428845 4.89353658795537 -165.891997933358 -277.312613164208
7100 332.830303912492 552539.03346945 316.181293330797 4.88051704643911 -168.694504888132 -277.73524179703
7200 326.583416261421 529385.827959049 318.022602709658 4.85225948947704 -173.318651076684 -278.398621257961
7300 292.167035439606 537697.007357774 317.483445518007 4.86049970053824 -171.722072228307 -278.270819223827
7400 318.978421382463 559918.325524488 315.831387596204 4.88592411163084 -167.2973251477 -277.672044593992
7500 252.816704178025 568646.290448306 315.344352727219 4.89347019701022 -165.543623945765 -277.465997287376
7600 285.954619665426 550699.57102935 316.639055409208 4.87346132924715 -169.039995278898 -277.875065562971
7700 291.133728172684 535657.299899381 317.572290246152 4.85913991636372 -171.952284523196 -278.126551538169
7800 311.038350662476 542373.20105238 317.453636154498 4.86095610861144 -170.537080219627 -278.002359373848
7900 288.842042148264 565539.620813043 315.736885677926 4.88738649763026 -165.874349622065 -277.323817644461
8000 352.066337090145 566839.023165973 315.392467784291 4.89272366809192 -165.541373907768 -277.125059196345
8100 338.321845273282 537759.868982951 317.759049586482 4.85628401102748 -171.22010376885 -277.873811942559
8200 326.037694151345 527136.434489738 318.559718833557 4.84407820774222 -173.385836537457 -278.196033390285
8300 320.608535692384 559771.480456698 316.039542875449 4.88270606211535 -167.113789481231 -277.532287566959
8400 322.261699981773 577981.243696678 314.503048780782 4.90656035878916 -163.761711426392 -277.217915084799
8500 258.134198014322 554650.621381094 316.210227999357 4.88007045701652 -168.532845587898 -278.000310281645
8600 320.623244056204 517181.015614699 318.905633595126 4.83882386921152 -176.010012171596 -278.95244046709
8700 297.144527874505 531199.078863515 317.618269063673 4.85843650119751 -173.237707908434 -278.543541539652
8800 303.729204766547 574287.07913841 314.684878690402 4.90372527046113 -164.642503662911 -277.438727944153
8900 306.69829245772 578084.443423667 314.530553611012 4.90613129360573 -163.737508451349 -277.223894017458
9000 376.596227335983 531608.725811421 317.99048568633 4.85274956744549 -172.657780288493 -278.168326046632
9100 293.225577491514 511946.625240763 319.80869842404 4.82516016440572 -176.382732729126 -278.571838536649
9200 360.326896855891 547908.76398789 316.995272095157 4.86798488086881 -169.206986228262 -277.612325916906
9300 305.492071937029 598034.86123859 313.364214227551 4.92439187949384 -159.38634317612 -276.353933433943
9400 323.934324309387 572592.1690775 315.206968400619 4.89560303725534 -164.422429445019 -277.072341452125
9500 325.506935766891 513067.009045787 319.483105377099 4.83007760314807 -176.325830127463 -278.634309446994
9600 336.099140157216 506922.339813051 319.707720505327 4.82668416460843 -177.703949749188 -278.85821442281
9700 301.488060367042 569247.065080658 315.170596893838 4.8961680025815 -165.517432933221 -277.496317457826
9800 258.19031193821 600952.786434429 312.889393014993 4.93186482608625 -159.397602997396 -276.75780181328
9900 253.902408386377 552642.506052449 316.375192348286 4.87752589073845 -168.898108165253 -278.026146900176
10000 247.091349887248 507102.8183098 319.86657963406 4.8242870312726 -177.912393660971 -279.152952373166
10100 293.976413469883 532641.090612012 317.664287983514 4.85773267641028 -172.77929483281 -278.386294311349
10200 293.955026461451 584291.513231749 314.090945679715 4.91299801249184 -162.405248039558 -276.949852796645
10300 331.484401663343 574295.046286157 315.121634625705 4.89692874847839 -164.021480501769 -276.975823386676
10400 358.206961514163 530189.269759684 318.334554086766 4.84750452646596 -172.573281138262 -277.915960156795
10500 370.545184357828 523117.078068328 318.918001246565 4.83863621944966 -174.052464017628 -278.18047547922
10600 326.576550283128 563532.961970319 315.979405745495 4.88363533764296 -166.209178037071 -277.348500353545
10700 331.059668177393 587461.704682883 314.017409844701 4.91414852644408 -161.789973504246 -276.929100115747
10800 306.035993020549 545878.050564959 316.659320518655 4.87314944445228 -170.183505164945 -278.072600141652
10900 268.869707924467 508461.303454782 319.568040728736 4.82879385669232 -177.660501426274 -279.077531654482
11000 274.969095241116 530136.35088003 318.041876076013 4.85196544211463 -173.305261525924 -278.540583358429
11100 308.061454042772 578662.288653359 314.537983572368 4.90601540182852 -163.634947894943 -277.237456384114
11200 275.019124807231 577240.135249566 314.735903535642 4.90293028069285 -163.838719857333 -277.233339941205
11300 345.431179769521 536131.147020019 317.670181112291 4.85764256016416 -171.860213470905 -278.161160073099
11400 345.678293545962 525805.06659321 318.427982902924 4.84608223749155 -173.816886272861 -278.319134780072
11500 331.550358104551 548072.516506823 316.877445478128 4.86979497558665 -169.264359371803 -277.6617918441
11600 378.095535841794 565030.322611316 315.815615584045 4.88616811747063 -165.659533164608 -277.036400294506
11700 333.91222371113 558255.543755955 316.523091768639 4.87524680503899 -166.829382351996 -277.11733795902
11800 340.706577581859 536843.343430563 318.060521621649 4.85168100711901 -171.133487536709 -277.706436172914
11900 307.155308353624 541597.602656218 317.61112847903 4.85854572935092 -170.483307839374 -277.848149204341
12000 303.115406483563 565173.159065199 315.679166045338 4.88828012059717 -166.109042180234 -277.465931714509
12100 288.921304906713 565657.825957154 315.45819059908 4.89170431408231 -166.160324514583 -277.534691991982
12200 289.25567308594 539518.358415029 317.420617282731 4.86146175719782 -171.362219584017 -278.250724292122
12300 280.582527254989 531654.822043159 318.004041566488 4.85254270437782 -172.921780529133 -278.445973480432
12400 327.794672581781 553919.457693912 316.189428407421 4.8803914781039 -168.505769054114 -277.821738119936
12500 279.967108981163 573017.478028046 315.14544593883 4.8965587532737 -164.702752234949 -277.41433466291
12600 260.250284890514 559022.509308925 316.033101563828 4.88280558027072 -167.409696355833 -277.678207634642
12700 278.71133679002 535535.517910999 317.958215351965 4.85324208452344 -171.879847057947 -278.158972692714
12800 318.866529374369 535656.969624747 318.015828165332 4.85236285492014 -171.641730059374 -277.964220002115
12900 338.284301892704 560737.82339102 316.219574454202 4.87992621750116 -166.513985931225 -277.18610969105
13000 374.953564005813 573919.455380592 315.271631657589 4.8945989328405 -163.890427918131 -276.824629073793
13100 340.368845856784 546172.639580882 317.246194204818 4.86413460603993 -169.558358566259 -277.705738886614
13200 337.121698530645 526061.901919582 318.441036255543 4.84588358966333 -173.891376269307 -278.448956025241
13300 328.212220188568 546706.84167263 316.8424926689 4.87033219208601 -169.978106108151 -278.093509420269
13400 335.197448967622 575356.609501047 314.58892743821 4.90522093206607 -164.37398483091 -277.345819505441
13500 255.131566331952 566519.65729267 315.369900273322 4.89307378582654 -166.115218381776 -277.628055964443
13600 337.635703472441 521086.41445634 318.597306152378 4.8435067154274 -175.048060248166 -278.667560296002
13700 265.805271695724 517812.657476078 319.056819028294 4.83653098706935 -175.56656049506 -278.683576221421
13800 324.876520940406 559706.427380821 315.9651821756 4.8838551806272 -167.121608361812 -277.501297049192
13900 310.996048337618 591902.72761464 314.014510270169 4.91419390313671 -160.658095890139 -276.666566329874
14000 414.543244639819 553956.742283205 316.346682464463 4.87796546448521 -168.0373696827 -277.415067863963
14100 328.819196070892 509608.816377388 319.916490570442 4.82353438272149 -176.791896456476 -278.548640547536
14200 319.529783331608 521276.057337914 319.056590703722 4.83653444820728 -174.551815317661 -278.358456889119
14300 304.850449740846 584020.189308389 314.443338584649 4.90749207412676 -162.353132542722 -276.973000033582
14400 283.887050810072 594485.624100263 313.457556768192 4.9229254760232 -160.554495110227 -276.862536867351
14500 256.166463010816 536914.682528237 317.602890188859 4.8586717549973 -172.039283825252 -278.47303501047
14600 291.8520550106 509231.607943857 319.424884678917 4.83095796815348 -177.621079211228 -279.146253024679
14700 332.150611843601 540042.398421958 317.121013605925 4.86605467836865 -171.484164345668 -278.375504206006
14800 314.168728492049 580139.958509675 314.302116587417 4.90969710487753 -163.492691765981 -277.299888960876
14900 331.03874644487 570384.347704965 315.136692066637 4.89669476996293 -165.194905243279 -277.385438896924
15000 371.514898362975 528725.947541355 318.204490589432 4.84948590451278 -173.184683575577 -278.193695253636
15100 308.006577526394 519861.467551287 319.154500914725 4.83505069627212 -174.83852176474 -278.395231790837
15200 313.003132109007 555891.925914038 316.374517346807 4.87753629719349 -167.710251605659 -277.47970569392
15300 298.99807713856 587545.635495076 314.039322030818 4.91380564028439 -161.58101812281 -276.744630267315
15400 340.28735640431 559333.60141737 316.094291056476 4.8818603673877 -167.209355757774 -277.560592468642
15500 320.240991676798 519053.495837858 319.113230299897 4.83567600884463 -175.248226330142 -278.630617568107
15600 265.685689039866 535066.501184279 318.049259222636 4.85185280933455 -172.151091117181 -278.367543759264
15700 324.698934664972 585294.706514559 314.037622784483 4.91383222871081 -162.313670206175 -277.035461633133
15800 302.363753286256 583087.906513704 314.013243862026 4.91421372196695 -162.799842066157 -277.080213162029
15900 322.808584546329 523170.150294391 318.460491280348 4.84558755047474 -174.654998628612 -278.644180273684
16000 286.037797247127 510124.436307505 319.514833138306 4.82959797737515 -177.207863396865 -278.939678928153
16100 355.791418673889 552229.913026863 316.192672413697 4.88034140730225 -168.744400959293 -277.728056621917
16200 372.411330497302 575899.732205141 314.66791462488 4.90398963524992 -163.955423256541 -277.06229242234
16300 326.043735910508 554250.270013511 316.492116240544 4.87572395229363 -168.064791374359 -277.550756799185
16400 396.844342647134 528289.777503289 318.231180039344 4.84907918726046 -173.126907143208 -278.058092501122
16500 339.546072202731 533787.443310082 317.983171221699 4.85286119368325 -172.057032235748 -277.997560000363
16600 326.391470810688 563359.906127503 315.688531930335 4.88813509451985 -166.348549499958 -277.351464418385
16700 303.166927037453 572860.133180463 315.087797557756 4.89745462638319 -164.694859084326 -277.354879795199
16800 260.361442669949 544834.884143067 317.059941173799 4.86699198313497 -170.407429210183 -278.226584163357
16900 257.863279674766 535661.459690422 317.591223681132 4.85885023515465 -172.334758531634 -278.51618015522
17000 297.820600395632 556059.68662811 316.095040372942 4.88184879473425 -168.296870858519 -278.002455164916
17100 309.448051710499 563307.585439912 315.392616364956 4.89272136314216 -166.82659924172 -277.715164384275
17200 268.899376497168 544160.215209141 316.781814676833 4.87126508016362 -170.532872841064 -278.124052994367
17300 325.960355154311 532304.054870513 317.785546883809 4.85587908889491 -172.757722134641 -278.338184203267
17400 306.54426305496 551024.685626723 316.470433014517 4.87605801643825 -168.890171395509 -277.731501212778
17500 385.345816011336 566752.698845891 315.383697570131 4.89285972532864 -165.622563696643 -277.186153457114
17600 390.044147923664 546670.647423242 317.034119641316 4.8673883858683 -169.372701485774 -277.546331194845
17700 336.549018139148 519998.157967582 319.318857149413 4.83256205299543 -174.156230705579 -277.793512566852
17800 474.407136863329 543990.235983136 317.690040952202 4.85733889309515 -169.105389166112 -276.971332991328
17900 346.12893120406 595837.44030867 314.081827943558 4.91314063589641 -159.108751927898 -275.913431318314
18000 364.565285116394 574960.509328952 315.160735222518 4.89632120821334 -163.517667564607 -276.616927754745
18100 344.531327622428 515222.273432794 319.303843394503 4.83278928139794 -175.659758641432 -278.340363499601
18200 317.06123687976 510957.781843369 319.713998048801 4.82658939328198 -176.740403939722 -278.701926448192
18300 262.174657623621 570631.933275417 315.315427398974 4.89391909744262 -165.069216414758 -277.372106844271
18400 318.791644561867 598779.592278831 313.167318252414 4.92748796546629 -159.688975760986 -276.728639704525
18500 238.681231562673 555733.109700539 316.189993539479 4.8803827552925 -168.205244487392 -277.879333681615
18600 286.94327901887 508407.611085959 319.591110204282 4.82844529336174 -177.649810703741 -279.063451999359
18700 269.508696592461 530804.95813341 317.901218740767 4.85411222384921 -173.213049340774 -278.534493703647
18800 287.340720308239 578461.970879001 314.352869291097 4.90890442751821 -163.81111072801 -277.307457929206
18900 276.647771723164 582265.680720095 314.407171224825 4.90805660015518 -162.963034059019 -277.225417495863
19000 281.566841058432 538970.566540829 317.454758193713 4.86093892763293 -171.260205180112 -278.051667216129
19100 308.637501397035 519114.928378488 318.916791796724 4.8386545693389 -174.98217436677 -278.313154150991
19200 335.229038822466 547179.449423882 316.944798597763 4.86876010804808 -169.308871683901 -277.552676529677
19300 324.450509777071 582247.022924172 314.470591826268 4.90706677182277 -162.392771263316 -276.674541023419
19400 296.164668560319 569187.726248526 315.503629999538 4.89099980202566 -165.124247873239 -277.209772646941
19500 290.51629048346 527153.530338595 318.226898512945 4.84914442832163 -173.734975538446 -278.439065880428
19600 261.461570753674 522109.583244415 318.616588606286 4.84321358977628 -174.931616913497 -278.760860627897
19700 273.880995367177 562756.199378308 315.531050126698 4.89057476671945 -166.914370285282 -277.743017787694
19800 271.972057144922 586584.643392216 313.90315923558 4.91593711775302 -162.186667554386 -277.112066048181
19900 302.552235157068 553887.393567253 316.201839918611 4.88019991364792 -168.542330691552 -277.8562626795
20000 286.35876520868 514691.763644865 319.395020039923 4.83140968094379 -176.233805576741 -278.837973197309
20100 333.26178782252 530235.615152429 318.096844592384 4.85112700141216 -172.995044028053 -278.268262097654
20200 344.446827404806 577258.459739998 314.72868217653 4.9030427770183 -163.602239405485 -276.997857372183
20300 305.562641007439 581759.191639039 314.654781791254 4.90419431442123 -162.619352226817 -276.872252266381
20400 314.652536230343 535917.956055329 317.965953890327 4.85312396810376 -171.617254900797 -277.974865378848
20500 293.170680406993 509714.879026629 319.845192829389 4.82460961259234 -176.970387895966 -278.725627577911
20600 274.091170225051 545039.475509943 316.903786034464 4.86939020570207 -170.232899713249 -278.039419985728
20700 285.086509105942 600413.850215277 312.96918506075 4.93060743844985 -159.565577329672 -276.850429155337
20800 238.595817000054 579553.752108524 314.432843006806 4.90765588323964 -163.759005635755 -277.498493108418
20900 284.57592451084 507985.134094644 319.441190148076 4.83071137804993 -177.955903759868 -279.237738696732
21000 242.288690830906 501899.479678213 320.194709718674 4.81934318409548 -179.011579908224 -279.31610828167
21100 293.970649041613 562644.17209988 315.751133852266 4.88716595579392 -166.740531148396 -277.624403990063
21200 314.618715750109 596807.838419594 313.467605948254 4.92276765631997 -159.809016366384 -276.57513066187
21300 312.657902534687 556734.868896072 316.22359124406 4.87986423086045 -167.634741440148 -277.518202852237
21400 301.712380180415 521671.379031965 318.89955597651 4.83891608798536 -174.613709842643 -278.447944796749
21500 338.86876612519 534975.390381183 317.848118319647 4.85492316274863 -172.022999201239 -278.154203335101
21600 280.679281647186 568025.837434214 315.421394603504 4.89227496380164 -165.564012144951 -277.391580340042
21700 293.842787504847 568091.899111989 315.434815621283 4.89206680888019 -165.650338870447 -277.495671424217
21800 291.096270573669 541058.900495932 317.269215518285 4.86378166045924 -171.080225677212 -278.222811347099
21900 274.559520838043 531274.420320662 317.872100595785 4.85455687672448 -173.08926760454 -278.494206436271
22000 301.185897202466 547675.986568203 316.562947281713 4.87463300780074 -169.924175264366 -278.135676596117
22100 297.848179796917 559849.448742431 315.632653225898 4.88900047601129 -167.624514209824 -277.916212355209
22200 233.994081578664 554218.955900161 316.24728009964 4.87949869918226 -168.814864685413 -278.209951545748
22300 231.593639733392 544537.017685799 317.079692251057 4.86668881539189 -170.718401888314 -278.485323939113
22400 244.990209096828 553748.095171012 316.259263366707 4.87931381183559 -168.78892740399 -278.095214613608
22500 308.254201355161 559759.381412519 315.786870479325 4.88661289028212 -167.399250897555 -277.727085114136
22600 285.256270220107 545161.047444419 317.270701458077 4.86375888090009 -170.06107806274 -278.016492419592
22700 316.685297631815 541049.966891946 317.633174230981 4.85820851553739 -170.768088425824 -278.03181274175
22800 275.442257087188 555895.287597721 316.451058580478 4.87635654874474 -167.81555281147 -277.612227659839
22900 354.46615668669 565948.071102091 315.563882262961 4.89006593783829 -165.846709844379 -277.315558923248
23000 334.980921836647 549159.55878382 316.703155419397 4.87247495157609 -169.240309993438 -277.792997600303
23100 341.679027717404 526656.345828406 318.152344253621 4.85028075303443 -173.875247866111 -278.456079654214
23200 272.566029883952 532863.905338267 317.741548238461 4.8565514973447 -172.93876426285 -278.615637118353
23300 254.17012399583 573070.591736314 314.825835226205 4.90152973232762 -165.208076044405 -277.815786672392
23400 270.078264764645 575808.750233335 314.40452755912 4.90809786947472 -164.698581467643 -277.692922653848
23500 287.016838070356 527713.504213163 317.999493129855 4.8526121116677 -174.098007120765 -278.838419214917
23600 262.459980023874 510483.526311777 319.322959269079 4.83249997243637 -177.376978181483 -279.119270794058
23700 262.35243823078 553526.442197227 316.351825651395 4.87788615946405 -168.71587169528 -278.010384837505
23800 268.425929171416 597734.403517418 313.390316386447 4.92398172878853 -159.912008109787 -276.830570973109
23900 339.869030964087 564411.898260437 315.480309428057 4.89136134887056 -166.361616831353 -277.498461185318
24000 329.359136731708 506107.623586883 319.882395105166 4.82404851119986 -177.853088390248 -278.899957330066
24100 327.610404350758 514167.562006123 319.424355376511 4.83096597329659 -176.180249404395 -278.689331299753
24200 337.392456664429 576948.115211155 314.709106807058 4.90334775349282 -163.752397720549 -277.080003020039
24300 342.694212220783 590977.671800978 313.760621297915 4.91817037295105 -161.010877261833 -276.744394435172
24400 265.220362457439 532660.466722352 317.891400667406 4.85426214306633 -172.679720120773 -278.366067315681
24500 280.814084504134 503188.205743944 319.972054191263 4.82269676883631 -178.779409375637 -279.271561043512
24600 283.528286411664 546086.909675946 316.696017784055 4.87258476650102 -170.417125185417 -278.360007669571
24700 275.611349684754 593257.299671923 313.242923087716 4.92629865873779 -161.234401620808 -277.22265303528
24800 245.035050876211 570473.715168803 314.753002294138 4.90266393209512 -165.643362096619 -277.714856453995
24900 278.660986072547 510689.988123549 319.349698897768 4.83209533997437 -177.300667644728 -279.092632473422
25000 277.114275584518 515833.66031341 319.366114033799 4.83184697454411 -176.079291932481 -278.901790940626
25100 288.138250728033 576388.00821063 314.863984198185 4.90093586218114 -163.977018150386 -277.250321503203
25200 307.334170679027 597575.116283773 313.13690418849 4.92796655783903 -159.782288709878 -276.575177591457
25300 279.834041474218 542909.688540384 317.113077084731 4.86617646314789 -170.545710044315 -278.001887258345
25400 295.014190095591 504637.553789372 320.198578451386 4.81928495538404 -178.180195190545 -279.033145759064
25500 364.758640584635 536124.042284382 317.51377091083 4.86003547953039 -171.92614947846 -278.17334904834
25600 297.084642839775 584794.874116509 313.906780196875 4.91588041168881 -162.383472314474 -276.959535569396
25700 343.104708204105 569527.539506136 315.106755767377 4.89715997395281 -165.46482851141 -277.476192611405
25800 234.964634620354 530185.173510596 318.111147768135 4.85090888103952 -173.393403861873 -278.661340368932
25900 257.21132385777 520705.884427373 318.70590230846 4.84185633428464 -175.427239974392 -279.006364205556
26000 233.873701260634 557630.538261444 315.813361910009 4.8862029856287 -168.199244860473 -278.116707132597
26100 261.070718758372 582023.793778464 314.038798417504 4.91381383332956 -163.410615346206 -277.49171243419
26200 280.56106347971 551772.691594402 316.211457715463 4.8800514788894 -169.173329070733 -278.073220647379
26300 266.352959250203 520270.90143313 318.831366201674 4.8399510068593 -175.145418541318 -278.678757283274
26400 314.551390586462 530421.04359957 318.081816316512 4.85135620053995 -172.977061546958 -278.282119360908
26500 317.929713268398 571763.522682495 315.235134439014 4.89516561855404 -164.759305011862 -277.256243358006
26600 339.301455162389 568938.372969263 315.2641168444 4.89471560325953 -165.291254080782 -277.242623791325
26700 323.715889972028 539013.941979642 317.551815558881 4.85945321758046 -171.229721653699 -278.062430713646
26800 332.250210177636 527209.673561579 318.377924739657 4.84684418094616 -173.617552418011 -278.382490470222
26900 332.42843552119 549864.987254294 316.601357609096 4.87404161346461 -169.280538438257 -277.937731616673
27000 305.661562367159 568987.102256713 315.012986110801 4.89861770753588 -165.751974132668 -277.623747398859
27100 283.613101425359 553134.542250978 315.930710673921 4.88438806273195 -169.033852072195 -278.105598556834
27200 236.645050730908 527208.897115317 318.004661558126 4.85253324371178 -174.204737359444 -278.846695906202
27300 245.710970114819 531646.556056821 317.975359052237 4.85298042107915 -173.265029286824 -278.778063931292
27400 293.791150481635 569436.423641312 315.279572918834 4.89447564769249 -165.589676522985 -277.644542169847
27500 336.505893925871 577236.80753952 314.578956894791 4.9053764024725 -163.805741289671 -277.143162477076
27600 369.16273450902 539898.93512574 317.317000063448 4.86304922697987 -171.073949242045 -278.002936423888
27700 327.620767164229 514074.985609236 319.477162373747 4.83016745359989 -176.19305387975 -278.7006225838
27800 280.615488719301 543753.13148571 317.158650734292 4.8654772250211 -170.318135180244 -277.956719015767
27900 257.443901131509 584740.799910934 314.313356651309 4.90952153069978 -162.301870740067 -277.015726292797
28000 301.997158903569 572161.31529265 315.073734762044 4.89767321618081 -164.821235183137 -277.338802689351
28100 281.521974451054 528483.970119525 318.249726588815 4.84879659884161 -173.517143290004 -278.493017669081
28200 337.790461199216 510110.217344034 319.358153360753 4.8319674184832 -177.253800865763 -278.932896159848
28300 270.26380203251 551247.320517123 316.464403426271 4.87615091984788 -169.156863654156 -278.040094950946
28400 300.74324015607 596802.022078419 313.12942133563 4.92808432144136 -160.272824514005 -276.911828909181
28500 266.993643643221 570986.792370519 314.94420424261 4.89968753537503 -165.382594049623 -277.623025085887
28600 267.965823584248 504797.469424271 319.953705566952 4.82297333963277 -178.486238793667 -279.293996804795
28700 275.25031687771 510117.708014776 319.559049269191 4.82892972486664 -177.284926968792 -279.029478701126
28800 338.16751015266 578487.953785029 314.508185576212 4.90648022098041 -163.535124636777 -277.092648868736
28900 313.566845587553 605885.895530409 312.919968565161 4.93138293136696 -157.944771744525 -276.279921076355
29000 374.290471894117 537904.145751913 317.755537505408 4.85633768645135 -171.225088398629 -277.906231805605
29100 284.956842170834 490172.767863004 321.286842092857 4.8029610606342 -180.746473794829 -279.041549691037
29200 351.892112491453 527525.358222863 318.301792448394 4.84800346236286 -173.405282702027 -278.207885339326
29300 275.704854528167 603719.857144523 313.1150770881 4.92831008400128 -158.56140379871 -276.547024989275
29400 306.627227700448 594747.300072896 313.565328716158 4.92123347368859 -160.437824658534 -276.837068219031
29500 257.47412816063 531202.750682745 318.196432062808 4.84960872082163 -173.046970898064 -278.545222788039
29600 292.728057643951 505840.920231833 319.800899847189 4.82527782943537 -178.141180164208 -279.109070699159
29700 267.712695804825 552640.268027108 316.511503557625 4.87542529898972 -168.830496642346 -278.005111399053
29800 265.192566355757 586991.851364222 314.015853069132 4.91417288899231 -162.015467753895 -277.061935450035
29900 228.211278129731 565906.508177999 315.709791765441 4.88780592846673 -166.072005556205 -277.584205276762
30000 295.76762607641 534677.164627777 317.90703372445 4.8540234350513 -172.173761237945 -278.265462999278
30100 316.163087761675 538892.737993579 317.532002951816 4.85975642619016 -171.253548072319 -278.055570490754
30200 336.694187766777 555627.970825684 316.400468875061 4.87713623608903 -167.873166453572 -277.599498408476
30300 320.817744832429 558251.963367473 316.337107233451 4.87811311597827 -167.207699903423 -277.430144933082
30400 362.913083170704 553250.504247433 316.662600340155 4.87309897098209 -168.025937909746 -277.373280923761
30500 342.319601534124 549452.151020964 317.199755916135 4.8648467190943 -168.668394131737 -277.449223329672
30600 333.299273329047 546755.433829201 317.263524345536 4.86386890850231 -169.228919982112 -277.497613157754
30700 386.733240838334 542638.896679555 317.165011869813 4.86537964187402 -170.257873159802 -277.678043226205
30800 325.070178711329 547860.584955276 316.669840863202 4.87298754961871 -169.540049736387 -277.824576599069
30900 294.799096085505 560723.252909332 316.007211459398 4.88320562287038 -167.17631635599 -277.771242415835
31000 284.19474320312 560601.392063874 315.858419042327 4.88550596987359 -167.280400341949 -277.799228579801
31100 240.365219373463 543248.641660271 317.015669947421 4.86767165838225 -170.733159917793 -278.223397156922
31200 260.748643043197 536560.744907557 317.630859879351 4.8582439138699 -172.033925393823 -278.406881670795
31300 256.143032387787 554862.142010621 316.342225146738 4.87803419587862 -168.323236840919 -277.878160816726
31400 333.672435619656 566141.230074273 315.5719989696 4.88994016232338 -165.914678150752 -277.424439824105
31500 312.79991996174 549471.466453968 316.769321198332 4.87145720434195 -168.999361070503 -277.636395408777
31600 321.64584884037 527360.460264084 318.808500287905 4.84029814284304 -173.195122284406 -278.13174908422
31700 362.972708872561 544898.954807051 317.355633362533 4.86245722351277 -169.682068038585 -277.614466823222
31800 370.657787971713 577713.5134773 314.854676507784 4.90108074296928 -163.355046919376 -276.885485919119
31900 264.298221106314 565499.944554993 315.612046695419 4.88931968225952 -166.148065218156 -277.545651506026
32000 249.237233385805 527320.009858559 318.277501513333 4.84837346192841 -173.927216953522 -278.681028556531
32100 272.342929991316 523169.752029497 318.602932052704 4.84342118863756 -174.766578029093 -278.802192680715
32200 314.251457714221 558508.788893355 315.798060088177 4.88643974391498 -167.730589197688 -277.815833909939
32300 316.625839727725 582210.58938159 314.17757893553 4.9116432722361 -162.989834213299 -277.157975739864
32400 297.971161706405 551205.950266086 316.567734532114 4.87455929185853 -168.997298583361 -277.907907955272
32500 266.943106244785 520879.457877032 319.110183089786 4.83572218512356 -174.842862695514 -278.587948939662
32600 386.778727072644 534943.59930502 317.779743118731 4.85596777416226 -171.925829239511 -278.027897001808
32700 315.553946725322 577194.117535964 314.872070623143 4.90080999820726 -163.523346035727 -276.957981320945
32800 329.782395640906 573634.924151613 315.255479295175 4.89484971146619 -164.263784382034 -277.136213202372
32900 293.526610115183 534941.236498668 317.949051422749 4.85338196469207 -171.992284364456 -278.150412830118
33000 293.454975374164 519428.933842947 318.862024033798 4.83948565697668 -175.27294909248 -278.648676540037
33100 294.010839858412 550686.578411172 316.426481642438 4.87673529679433 -169.26950166452 -278.02894014983
33200 281.903030824776 578309.0425666 314.362225252361 4.90875833006763 -163.948568035761 -277.418287198911
33300 252.221865264157 562221.576925902 315.674018988979 4.88835982387259 -167.143048482078 -277.916577335186
33400 298.35546342605 525343.699835226 318.191363963807 4.84968596458088 -174.396328845399 -278.729296156031
33500 238.663262214072 531148.075553674 318.179351998664 4.84986905081321 -173.114235744657 -278.595966686913
33600 318.615923075163 555973.741533803 316.188682555981 4.88040299036609 -167.981016852725 -277.702139882112
33700 345.69760665806 568889.434225219 315.415583178305 4.89236510230945 -165.235507778406 -277.231029283136
33800 328.613655026208 553114.555551989 316.511984473196 4.87541789115667 -168.253725335932 -277.522202072901
33900 332.477939990379 531161.040592344 318.162175174034 4.85013088379231 -172.632879685858 -278.111490839225
34000 286.5630033259 537340.56998406 317.985091939516 4.85283188106077 -171.49705655629 -278.143415774025
34100 299.469387424242 565414.607050758 315.57266017146 4.88992991670347 -166.097721151136 -277.464597176848
34200 251.816850050328 568641.410431221 315.371004843527 4.89305664809533 -165.549682031546 -277.480554194091
34300 269.190722388591 542071.594416523 317.306827017847 4.86320513923051 -170.914957295568 -278.270805818382
34400 283.524892954142 526014.860376524 318.205940251139 4.84946381154365 -174.172271760002 -278.643316761713
34500 259.66766441526 547097.397159486 316.915725052914 4.86920676343363 -170.027775491521 -278.245420860405
34600 275.425126095634 576019.713236368 314.606422881455 4.90494814992248 -164.366575024649 -277.47490078682
34700 293.902642882555 568904.001338706 315.112066229176 4.89707744400948 -165.718335005082 -277.608950894084
34800 264.099413412682 529978.413424958 318.161241993346 4.85014510943604 -173.292882103609 -278.536337019436
34900 318.624471167442 520055.131365223 318.923771642661 4.83854867236151 -175.003807560254 -278.524202446284
35000 286.616420467098 554815.965245024 316.361922653282 4.87773047693011 -167.903727173533 -277.456354792059
35100 390.719958360813 574336.933731744 314.897221281391 4.9004185733579 -163.987556134307 -276.869691474203
35200 306.199900641533 555275.589529096 316.659004898269 4.87315430161815 -167.822011256628 -277.568356696461
35300 351.060989709902 519669.451032811 319.033318141408 4.83688725947472 -175.026162501389 -278.505316826597
35400 273.085546065242 542441.676617711 317.212558009944 4.86465038315963 -170.718669505332 -278.115895598154
35500 282.489811959515 579852.586261141 314.420876684219 4.9078426602567 -163.53171753659 -277.325521477566
35600 255.980804251969 571936.729623216 314.926324572022 4.89996571091096 -165.161182267378 -277.581962467301
35700 249.820664741032 527278.930227566 318.298893344182 4.84804761855552 -173.960432017044 -278.713123106409
35800 259.842893991699 521220.175292745 318.652445838563 4.84266859400761 -175.112462963727 -278.776499777048
35900 293.676619569832 564388.669662682 315.518535207101 4.89076874945948 -166.518874830159 -277.664610858277
36000 301.722834977938 581989.562503526 314.294214009515 4.90982055374205 -162.943894807923 -277.111061851496
36100 297.518325837147 546803.547929485 317.01072717303 4.86774755424555 -169.725117400352 -277.917061515073
36200 324.568123649409 516904.830842652 319.241285558691 4.83373630439296 -175.625528328733 -278.621273622529
36300 353.560232046244 537696.002779535 317.518444302969 4.85996394714539 -171.471753006168 -278.032046650772
36400 290.422378175052 574886.101239853 314.932108229507 4.8998757241404 -164.096842223756 -277.099430799552
36500 304.163456150819 565444.328339632 315.648065157474 4.88876176413839 -166.041614225821 -277.4409564298
36600 316.343339782453 530971.066518174 318.061753987612 4.85166220873643 -172.896221709845 -278.303827384652
36700 335.713558384506 522907.738094976 318.570716545444 4.84391098026737 -174.577695953932 -278.55069319367
36800 309.316852032502 555163.793583999 316.223483560417 4.87986589260153 -168.143900734763 -277.717239723163
36900 335.146926395885 574590.916581497 314.803468980151 4.90187797760074 -164.301901554969 -277.200333022626
37000 300.505796705937 557760.907445742 316.1039080791 4.88171184356246 -167.703415409964 -277.747722399452
37100 269.972624777787 529141.345208174 318.224252676963 4.84918474593006 -173.374126415806 -278.472165950997
37200 302.849933509609 533680.453096485 317.915083807621 4.85390052395221 -172.511447190291 -278.408060935817
37300 269.267070521838 566505.90181624 315.506598988729 4.89095377659992 -166.147010117737 -277.705474737013
37400 261.252853903287 573354.909528093 314.631139898116 4.90456282352032 -164.980002646857 -277.573907719741
37500 269.190053544952 540352.140320215 317.136193349141 4.86582176436502 -171.590265839472 -278.548032882749
37600 262.762032752609 525594.656436091 318.309138073863 4.84789158490335 -174.555017838935 -278.976460836258
37700 267.559018707503 554197.117985439 316.066189259762 4.88229441902717 -168.90276552495 -278.23090208194
37800 298.481305673821 576489.626969272 314.526921284927 4.90618795224913 -164.315441923749 -277.487434849211
37900 301.803020734407 548048.690055306 316.821172774441 4.87065993207701 -169.59406010733 -277.96753127035
38000 325.501003822874 525118.289318162 318.614627484163 4.84324340050214 -173.984249196235 -278.411176027472
38100 336.701649801306 548730.630350351 316.798379266326 4.87101037397936 -169.280699002575 -277.78121336462
38200 341.509807141144 572629.49128421 314.987687273803 4.89901114936203 -164.652853337979 -277.231735330312
38300 313.625016497389 555041.389658634 316.220843802574 4.87990662889238 -168.119961706899 -277.668227196505
38400 267.436021566075 522686.166703147 318.735229290024 4.84141083275735 -174.575828585881 -278.558439235114
38500 271.674266929781 535506.586375872 317.779457106537 4.85597214469651 -172.185680161771 -278.399316609129
38600 246.103018072435 577044.557456738 314.710106902989 4.90333217147615 -164.208508560067 -277.555417820687
38700 284.504772739974 582726.77124468 314.049793359922 4.91364179978171 -163.227843323993 -277.450728314933
38800 284.38097467504 538332.565934047 317.113542662346 4.86616931875787 -172.021858139306 -278.572258244324
38900 280.228339012749 507413.170382337 319.465109918 4.83034968126006 -178.115547005785 -279.290919538108
39000 250.745999508178 537789.844746631 317.364283390961 4.86232469318275 -171.848226695472 -278.375371921326
39100 346.939582771152 581715.607117936 314.384734888897 4.90840686781901 -162.8639982203 -277.010290420009
39200 278.101850906805 575737.954743061 314.974338197663 4.89921877666659 -163.974947961067 -277.160156501119
39300 354.20866512165 527588.995911815 318.162410592116 4.85012729503238 -173.460254588828 -278.229602248825
39400 296.360921349651 513202.643040606 319.363732869214 4.83188300062256 -176.382458848249 -278.67974744273
39500 335.852541486947 550166.433055084 316.587815347786 4.87425010394328 -169.159392620433 -277.871503376391
39600 263.817967509007 592204.209536512 313.647519803755 4.91994386830044 -161.038003823666 -276.969913659112
39700 327.276873812351 567340.30214219 315.183770261613 4.89596336316834 -166.032892164292 -277.641354434547
39800 244.020845629251 519131.899121243 318.852160423213 4.83963536523611 -175.638510632607 -278.951926838258
39900 275.386640178165 522015.341270869 318.485720962791 4.84520369453677 -175.05126969097 -278.819133168115
40000 252.615207812492 571631.119974041 315.024044939143 4.8984457429725 -165.164516403875 -277.560090566469
