# step temp[K] press[bars] vol[A^3] density[gcc] enthalpy[eV] etotal[eV]
0 317.709516939351 214596.309920311 348.828968030879 4.4237386607454 -237.796035311511 -284.51835918328
100 307.200774753844 194977.637215355 350.788429585081 4.39902819397823 -242.168536007535 -284.857902106079
200 313.202906010752 188498.241681571 351.157793557326 4.39440109312057 -243.649115571775 -284.963307009695
300 292.962141161221 208413.253344803 349.083804920246 4.42050925914101 -239.482119805841 -284.891406156883
400 271.923825179107 207009.853850205 348.883450082459 4.4230478444919 -240.041151688879 -285.118777039347
500 220.560543249921 192311.734818904 350.599793501617 4.40139503921015 -243.391103038058 -285.474141027596
600 281.222279816947 199082.538884504 349.652739431045 4.41331646472183 -241.923848596996 -285.370844039667
700 280.591636651329 205380.975612051 348.950563390248 4.42219716418789 -240.495688405332 -285.227219013517
800 262.34644001797 196782.438571432 350.105239735933 4.40761238829223 -242.2579180727 -285.258525578722
900 279.88129531369 199266.758067601 349.963431956853 4.40939838553295 -241.577720197433 -285.103560532911
1000 310.793269235875 200761.262818742 349.793571559786 4.41153959744047 -241.199200495575 -285.030201107693
1100 290.346845813264 199039.34444817 350.433602243765 4.40348237721994 -241.45606329416 -284.990639205871
1200 237.132933193599 207419.140723387 349.220386880554 4.41878037433687 -239.61143260328 -284.821802727828
1300 246.626274448713 196234.141843695 350.954264208024 4.39694954369167 -242.008285786301 -284.993068588474
1400 379.213312168144 194219.560501692 350.728528938118 4.39977950051045 -242.289506358484 -284.805634104563
1500 323.216434055951 212363.617603656 349.063871775433 4.42076169045326 -238.338253493585 -284.605607049806
1600 292.454408560924 194009.826874698 350.948648881248 4.39701989674356 -242.387490259715 -284.884360368195
1700 312.348785920047 189029.69150144 351.485502966928 4.39030394949551 -243.571100798725 -285.040437162769
1800 336.705428857175 215358.156101069 347.721981892026 4.43782180082388 -237.954610662018 -284.69400850993
1900 304.056694838175 186021.433640619 351.543693490608 4.38957722877582 -244.552357023023 -285.368497972813
2000 263.617105177883 187740.337599277 351.440136424967 4.39087068302337 -244.258759263027 -285.439921175188
2100 278.230573868626 224677.38157158 346.751319249571 4.45024461682139 -236.186401521684 -284.812241724361
2200 261.313957871739 190829.991228297 350.924904136047 4.39731741372187 -243.488963480501 -285.2864785346
2300 270.016725809149 186716.545740625 351.777052608083 4.38666530527029 -244.261022935304 -285.256878344368
2400 324.20929668879 229657.794861456 346.412414518064 4.4545984127415 -234.698980091636 -284.354128092403
2500 296.983773790556 185142.118402932 352.33368128617 4.3797351029088 -244.15596754839 -284.870460700689
2600 312.359512921763 187450.329848086 352.294929230628 4.380216868963 -243.618614321548 -284.836170994043
2700 401.00407348267 234781.279310271 345.746407219485 4.46317925405518 -233.367310405598 -284.03262961601
2800 302.493147522361 177843.986036888 353.30435017102 4.3677022123253 -245.842184198905 -285.059495099787
2900 268.766374382768 194678.392128715 351.132229672747 4.39472102377018 -242.256475253317 -284.922097859354
3000 291.299298727175 235809.507708724 345.92135281543 4.46092205441123 -233.411145916594 -284.324103330052
3100 328.424758265335 173951.415370245 353.154615012053 4.36955408840815 -246.935304901294 -285.277987574445
3200 308.037549682865 187690.610622883 351.46285587121 4.39058684605802 -243.961173229358 -285.134088966001
3300 322.97318844502 238703.838710715 345.318574113916 4.46870891849873 -232.929108242471 -284.377166068248
3400 276.663711648706 172554.089106225 353.581603216949 4.36427737706505 -247.416700875775 -285.497368934393
3500 249.790133158551 193975.32478924 350.921372977132 4.39736166188624 -242.736330350202 -285.222340661004
3600 295.65423512159 242848.259661605 344.6471011746 4.47741526508405 -232.156445098344 -284.395975960062
3700 247.219971256321 168378.533308282 354.191838486623 4.35675818635329 -248.38741613142 -285.610719727585
3800 273.948194274901 201693.210110073 349.958208142277 4.40946420447654 -241.009107014775 -285.064299688356
3900 289.595663214147 230511.982009232 346.373647483929 4.45509698291271 -234.590576714209 -284.424834049332
4000 336.756782451338 170937.564868577 353.694892161594 4.36287949321334 -247.434384285077 -285.170391255942
4100 326.568938878606 203165.305389801 349.942428027076 4.40966304247831 -240.244890533561 -284.619627186464
4200 338.760303826287 223064.029932443 347.565046878633 4.43982559732184 -235.949904797496 -284.339866840009
4300 342.594556771516 180481.306795137 352.406848213956 4.37882577959791 -245.259138241311 -284.956917162179
4400 320.889928280501 194337.941943095 350.593794468715 4.40147035176294 -242.358535282471 -284.884234838713
4500 245.181162508987 223392.464310099 347.066024529625 4.44620931696644 -236.336338707078 -284.727970027336
4600 262.862429784145 190333.481465525 350.998267401998 4.39639831640188 -243.696005254605 -285.393485041002
4700 213.309907403646 195174.647849497 350.28560787872 4.40534283212801 -242.676866115722 -285.34811373699
4800 273.344353346042 217926.251261117 347.489079000911 4.44079622963366 -237.677086340386 -284.94216128116
4900 282.404345088728 191014.523549848 350.653188847954 4.40072482139962 -243.460770346912 -285.266309124335
5000 234.028887086493 186373.976450816 352.358906950068 4.37942155407127 -244.402129235669 -285.390453946553
5100 313.485817597727 236686.760691247 345.384714934554 4.46785316529865 -233.310835161753 -284.33392117639
5200 309.619680660227 180454.536027072 352.332991980899 4.37974367143506 -245.507779818258 -285.191351880976
5300 282.429284271347 182880.982992919 352.325312150389 4.37983913914037 -244.934121604359 -285.150414515503
5400 296.621286016111 241303.080148709 344.980981886383 4.47308191723548 -232.235309338639 -284.192739448187
5500 233.555794127446 178114.288210568 353.065031942273 4.37066277387228 -245.978678691666 -285.228990287449
5600 303.89641644011 185214.156885034 351.906725530982 4.38504887776083 -244.434648190005 -285.115626516296
5700 353.448887057267 231543.981761682 345.883695258774 4.46140773045582 -234.374833163664 -284.361390841087
5800 238.033249010866 177064.823321354 353.018348039624 4.37124075968118 -246.33261998564 -285.346506049275
5900 265.920100180696 193937.097724235 350.431737565142 4.40350580854357 -242.808653288458 -285.2270223844
6000 272.026015339694 226701.019889955 346.317039072315 4.45582520571244 -235.910483186582 -284.912840893716
6100 222.093070393387 174987.48950259 352.739342260704 4.37469827430143 -247.347327678669 -285.87302815611
6200 240.002319838735 195649.03018779 349.551108381524 4.4145996246759 -242.838552224781 -285.523821516842
6300 249.70057600869 232350.376164585 345.736519287472 4.46330689927217 -234.750446776917 -284.889748102507
6400 240.570414785736 176762.08272123 352.663420491976 4.37564006415355 -246.666250905341 -285.574274275897
6500 277.174811749207 190251.132323555 351.057853370332 4.39565210420822 -243.564271023215 -285.250785658014
6600 309.742525662266 235961.768304202 345.514795197125 4.46617109691563 -233.531120751151 -284.417076231073
6700 243.58363578793 175921.491946627 353.199727280526 4.36899598917443 -246.587509327325 -285.369393207367
6800 287.592400879024 186667.695234261 351.544271983318 4.38957000539421 -244.118310578115 -285.076319276865
6900 338.781444067341 244450.337621274 344.522237827372 4.47903799068938 -231.573495104568 -284.138600980817
7000 280.759482186174 164324.84025948 354.593809275551 4.35181932538188 -248.884626742404 -285.253011290677
7100 316.706695033754 186245.981873716 351.711131941486 4.3874874910779 -244.036346539722 -284.921221024123
7200 363.987942907767 243190.959279899 344.848207059011 4.4748041610147 -231.578891629233 -283.922666663154
7300 286.493351936688 167664.201298088 353.986164169902 4.35928956569463 -248.075230165417 -285.119093613745
7400 231.409284255655 191996.353695619 351.137436056478 4.39465586237839 -242.887308992482 -284.965761253436
7500 325.559569298917 245026.078441421 344.247936860899 4.48260694294198 -231.647080995828 -284.294040916022
7600 273.062396645276 159688.514062703 354.756300362413 4.34982603632321 -250.417821830927 -285.776289801999
7700 267.975377813644 192099.504694096 350.329152701788 4.40479526172828 -243.432929168601 -285.437075849017
7800 291.601132158821 239637.750180066 344.937376831175 4.47364737924989 -233.001133585726 -284.593462481348
7900 245.652446680513 170593.24064799 353.448220637161 4.36592434695052 -247.889957670813 -285.523687387707
8000 273.130990325437 196146.605056676 350.396914973862 4.403943430784 -242.101864163792 -284.999238638113
8100 313.412472862637 226628.725351251 347.129246993115 4.44539953124931 -235.295158724812 -284.396776916185
8200 289.488113686461 188506.882459401 351.922608434919 4.38485097257254 -243.568693148134 -284.974764066692
8300 327.967977224226 195245.885350581 350.187055898493 4.40658261313182 -242.152945533135 -284.827758056733
8400 326.742295678859 206022.480465071 349.084130567563 4.42050513541594 -239.829669419143 -284.718093678594
8500 292.195566333148 194872.342330689 350.281506255153 4.40539441651844 -242.393381200338 -284.998036554516
8600 329.46581367694 182739.421968541 351.476530695958 4.3904160224029 -245.164791549665 -285.253145145468
8700 269.500359411716 206199.589769023 349.075207673051 4.42061813026675 -240.012582670179 -284.938447342841
8800 273.307343526296 208724.038451983 348.891140523012 4.4229503493636 -239.449494408906 -284.901395513486
8900 246.592718901078 188832.514355144 351.288596865927 4.3927648253697 -243.81748375243 -285.220356039275
9000 300.302625506858 206741.38565685 349.126544464106 4.41996810707921 -239.854185204575 -284.904718383721
9100 314.87590727763 207413.225340875 348.958414662203 4.42209766845683 -239.6320318311 -284.807198421626
9200 258.347588142804 183947.114790978 352.161438668431 4.38187723704472 -244.769928827078 -285.201854138489
9300 328.249306134418 208789.875001208 348.962945664531 4.42204025108607 -239.135495403124 -284.611090510998
9400 303.215265665239 209800.779939023 349.065246239088 4.42074428346033 -238.869896742012 -284.579068553337
9500 293.879503359855 181637.923121946 352.494412921422 4.37773801597846 -244.984316163529 -284.946425878119
9600 394.181448647892 206300.518324459 349.242985011972 4.41849445254633 -239.591471717208 -284.560929719588
9700 285.545332617768 210925.909632259 348.745918436614 4.42479212024554 -238.755078514223 -284.667342285899
9800 252.349484793863 179626.442840541 352.275156448712 4.38046272528101 -245.895885254883 -285.390868019876
9900 259.7640356066 209752.354240526 348.302933262171 4.43041974241598 -239.418736280041 -285.017557783553
10000 258.690006271833 207480.318252152 348.306338486425 4.43037642832406 -239.996135645691 -285.101472016812
10100 237.980773109116 175750.272728421 352.680095634906 4.3754331785811 -246.906984585622 -285.594122359594
10200 315.910641286902 215623.37646575 347.733852405561 4.43767030788356 -238.102010309573 -284.900566752717
10300 283.213688164964 208088.958869929 348.937400203927 4.42236398552944 -239.591749210211 -284.911363072488
10400 257.54396048697 176147.168055672 353.020040504881 4.37121980287344 -246.481697422857 -285.293576389895
10500 329.671822795785 216812.791649904 347.753038988863 4.43742546823736 -237.397252732828 -284.456554369016
10600 331.400780554031 207463.674447543 349.287659568483 4.41792931869546 -239.373946405043 -284.602734427624
10700 252.159133987687 177725.932401116 353.153239649588 4.36957110572529 -245.933141796959 -285.107657711527
10800 301.979004367153 222450.922554242 347.104377429568 4.44571803816919 -236.296527363836 -284.489525439781
10900 310.996969140953 202958.152241655 349.417059147039 4.41629322744873 -240.586266210841 -284.849205210505
11000 310.923050529162 164992.456475766 353.921208476608 4.36008963268476 -249.040856248636 -285.487733097365
11100 314.330656645067 226925.218027961 346.358960011842 4.45528590284877 -235.583127919014 -284.639884472755
11200 262.988073566241 200410.102272073 349.822520990546 4.41117452214525 -241.44724895523 -285.205203967546
11300 248.484492333671 170296.259937881 353.275210826027 4.36806247530921 -248.103308333971 -285.653133295477
11400 243.053115671763 232897.019889968 346.036807792172 4.45943367039992 -234.468288297495 -284.769201653193
11500 275.435311527521 200739.767529207 349.467927924266 4.41565038895511 -241.332327032164 -285.117834190976
11600 325.276711081857 166132.241114119 353.621601479629 4.36378373212875 -248.657575511842 -285.325164357499
11700 281.590575919687 227783.662099756 347.147004352338 4.44517213894756 -234.973841272812 -284.328213864306
11800 317.785463737723 210349.549057857 349.402392093991 4.41647861257632 -238.669450418916 -284.542446069961
11900 327.859901635743 172601.7909775 354.286714280184 4.35559147342385 -246.928868236593 -285.09602485404
12000 324.053248058179 222373.263138145 347.839601868881 4.43632117670088 -236.127733244207 -284.405951852616
12100 341.334216471297 210150.703472605 348.383034909195 4.42940108225514 -238.958090260514 -284.654016935314
12200 240.784890916054 171242.716077062 353.544744842055 4.36473236946432 -247.733339925096 -285.520663831998
12300 277.409319961176 212588.972165619 348.221266147092 4.43145879325557 -238.813235442115 -285.017883342281
12400 284.037836324486 212247.941192945 348.045116129461 4.43370161037435 -238.954879526723 -285.062071425205
12500 241.695488833284 174678.230040692 352.950456141848 4.37208159109432 -247.12585498756 -285.606484912486
12600 278.687192280682 210224.41012065 348.125943538506 4.4326721995525 -239.274882381816 -284.953102682812
12700 292.705371949946 209739.302424745 348.679456232913 4.42563553510686 -239.328856738975 -284.974131101775
12800 326.151271647583 182046.850484982 351.808878608631 4.38626847045202 -245.302593637606 -285.276777707435
12900 307.676514381285 204282.316032353 349.577516049068 4.41426613847076 -240.372386458154 -284.944569742168
13000 320.528996407631 213445.749833231 348.317840228533 4.43023013364365 -238.296716858897 -284.700444905008
13100 355.599415334658 184723.412211724 351.579686213904 4.38912784889189 -244.508625689728 -285.044109328241
13200 268.244842607011 199422.968621418 349.958281138075 4.40946328473159 -241.27709153 -284.836411816
13300 288.913932223666 219960.855091091 348.077984187542 4.43328294798068 -236.747930064057 -284.535131436861
13400 387.984178807316 186972.091784749 351.264971160733 4.39306027802018 -243.900435148361 -284.89263945833
13500 353.50020082164 191821.082888818 351.165673198983 4.39430248921776 -242.809059203881 -284.852479330446
13600 306.839988953841 223694.551947579 347.185060125495 4.444684893147 -235.968478299781 -284.442167976084
13700 314.452278008802 186300.390476917 351.133595665247 4.39470392726892 -244.274119480173 -285.103782118465
13800 279.893385174012 187770.383640262 351.342041840157 4.39209661270246 -244.13608640283 -285.312342567666
13900 266.246231592328 225342.932366215 346.75625150191 4.45018131665211 -236.039298930283 -284.80987478741
14000 308.013548616419 185964.509985525 351.046468986635 4.39579465453866 -244.629634532496 -285.375572690525
14100 230.591723807887 188099.735813222 351.355501969653 4.39192835522867 -244.142644407216 -285.392704620316
14200 267.645703942725 229172.223752415 346.447869415032 4.45414253657167 -235.067562767221 -284.62279507036
14300 344.75287775484 182203.229984119 351.742036283476 4.38710200285098 -244.968374768046 -284.969295473124
14400 373.517408232802 177904.131057369 353.040289596726 4.37096908579136 -245.697655510142 -284.898908274084
14500 335.948673723872 234944.183839334 346.094627780523 4.45868865911637 -233.257328491253 -284.008865450554
14600 315.282219704122 183336.266094044 352.333024018347 4.37974327318737 -244.564757066996 -284.882051101172
14700 325.161770884653 183282.057776069 352.379602214314 4.37916435051654 -244.630286640828 -284.940988122314
14800 351.470832259368 238410.77908794 345.388152995024 4.46780869142419 -232.780790394368 -284.176038448055
14900 334.334539366472 170830.473860184 353.202629958232 4.36896008404184 -247.657521040955 -285.31739973998
15000 248.140075457388 183036.779438236 352.052292710346 4.38323574031015 -245.047378940926 -285.266741696246
15100 266.35774663887 245949.546630978 344.855657847978 4.47470748050297 -231.36496065532 -284.303630459076
15200 310.612086735493 181306.250626713 352.12572911414 4.38232160923953 -245.440502563926 -285.287919933287
15300 293.293646179703 176667.216790267 352.446321215447 4.37833536336678 -246.480716350926 -285.343919398219
15400 278.624684575708 231131.145249299 346.304349496937 4.45598847980906 -234.515510248835 -284.473627162946
15500 325.796102927099 192163.110293588 350.879691873969 4.3978840257885 -242.923850247122 -285.007935820314
15600 300.221643503166 180339.67646943 352.309573424088 4.38003479970327 -245.508217493417 -285.163894934937
15700 314.923596663961 219446.459224452 347.635560456975 4.43892503355422 -236.956790068492 -284.571639520341
15800 299.39824181739 195794.844658042 350.620280045615 4.40113786819564 -242.105161217433 -284.952901941061
15900 303.764028567012 184915.999472481 351.869541212722 4.38551227408804 -244.494823759403 -285.10602227422
16000 299.355665246197 212511.493042486 348.263469032464 4.43092178503015 -238.49974243531 -284.69314857767
16100 315.360209299357 194679.648025127 350.654187594349 4.4007122870903 -242.403338891599 -285.011150090555
16200 303.862393312955 194109.103604333 350.711974413604 4.39998718163602 -242.498505596805 -284.988447857679
16300 299.360400736864 210685.963117676 348.608370195739 4.42653798300848 -238.908636520382 -284.750583537812
16400 324.97946034628 191593.812824589 350.769757433668 4.39926236274213 -243.077626041562 -285.023888048446
16500 305.505551860517 195149.822708001 350.734094112187 4.39970968825326 -242.304146418783 -285.024593437975
16600 303.97152349703 209807.410512673 348.72274493455 4.42508615879282 -239.126614040121 -284.792379392184
16700 273.037499989528 194081.10694408 350.524431557618 4.40234132898798 -242.597926339009 -285.05902203455
16800 299.163879984214 193714.557342153 350.686243161703 4.40031002628916 -242.694331995902 -285.094798086905
16900 301.129296849434 207003.053398148 349.486094529076 4.4154208594349 -239.805155446679 -284.959162316529
17000 341.913360587606 198965.740376973 349.91663900933 4.40998803667914 -241.55725292504 -285.011530996597
17100 249.203544559762 196792.341012129 350.49114280186 4.40275945215107 -241.989740832409 -285.039911956498
17200 246.084115702216 207347.855401419 349.845730997851 4.41088186917336 -239.572924677229 -284.84868676945
17300 369.821657293499 208206.356165755 348.985761332104 4.42175115103805 -239.231832658768 -284.58329906755
17400 339.605427341781 188010.838412224 351.898620193559 4.38514987929573 -243.557365854312 -284.851664340587
17500 311.011450687685 203548.266527014 350.134901207817 4.40723900000537 -240.076170573901 -284.55900513767
17600 370.992282764224 211779.369265532 348.851574095074 4.42345199636555 -238.287502899608 -284.399505122299
17700 361.668864244177 186521.515818453 351.749584723277 4.38700785696764 -244.033419363992 -284.983255871454
17800 281.179912104894 193988.79287643 350.551927339871 4.40199602830884 -242.744540659094 -285.188769010444
17900 248.840737845087 217669.739983013 347.630445585765 4.43899034581368 -237.644531304368 -284.873178523218
18000 330.814560373452 188280.026249029 350.86744081889 4.39803758440684 -244.041197297554 -285.273440416405
18100 287.18671172851 185727.912115446 351.571496675756 4.38923008963182 -244.651204145119 -285.406164685915
18200 271.312722708361 221984.313474591 347.277930234557 4.44349628213883 -236.714626016693 -284.830581361186
18300 270.786944414385 190067.041014566 351.635860629041 4.38842667839856 -243.396515706403 -285.11126282969
18400 324.923747435702 188943.086747741 351.515148687867 4.38993368458315 -243.531627631719 -284.985460734175
18500 376.885850327286 213521.271834283 348.196325562902 4.43177620950326 -238.025339842012 -284.429292391694
18600 302.4482891928 188934.582654535 351.905830663909 4.3850600285731 -243.275413357323 -284.773451338895
18700 327.488689649018 198317.851837549 350.491808401962 4.4027510911079 -241.268674305604 -284.652647624982
18800 328.54098697109 209452.439466537 349.089820851889 4.42043307965956 -238.952759449002 -284.589251165342
18900 315.893048442103 187297.132509452 351.746655070525 4.38704439579311 -243.890548930426 -285.010325599539
19000 335.975699772168 198432.439545935 349.848214977424 4.41085055119032 -241.500728284822 -284.830058585673
19100 268.438869067548 209009.776097422 349.223357081449 4.41874279189813 -239.406641035241 -284.964103444398
19200 292.953366516006 192743.889877207 350.526034989597 4.4023211910976 -243.044022106664 -285.212754132835
19300 275.286002274248 196439.797715386 350.621474432964 4.40112287577855 -242.23728988852 -285.226318570617
19400 325.911439222914 211434.621089132 348.076904550466 4.43329669878281 -238.98215841694 -284.916865625232
19500 288.941068610849 182597.806605365 351.88795730792 4.38528275781772 -245.270359208041 -285.374535729959
19600 287.596836168121 196188.717014242 350.350760894753 4.40452359208571 -242.057023987097 -284.957956740077
19700 336.817745590373 216310.674536925 348.343661899494 4.42990173397027 -237.401338367158 -284.431395590031
19800 338.569748763206 187585.871174815 351.932222201036 4.38473119117985 -243.604726721496 -284.809620499472
19900 368.268400788948 194222.274145404 350.859997667015 4.39813088447498 -242.138561631083 -284.671220581916
20000 332.341924002307 213682.831340127 348.898199648938 4.42286086147427 -237.939797471237 -284.472470463543
20100 333.582627377544 195083.877198978 350.753507205016 4.39946617829301 -242.205992327088 -284.914366920458
20200 287.529908220201 191775.36639452 350.996029417568 4.39642634826023 -243.140645447495 -285.153739600714
20300 267.107326279115 207152.834399698 348.984366925671 4.42176881864392 -239.916462410378 -285.03827063178
20400 285.058160046825 204510.605690672 349.117025165616 4.42008862539454 -240.542177073631 -285.10539109752
20500 301.610216515688 180389.15782674 351.966297306099 4.38430668980812 -245.797093660297 -285.425002292363
20600 261.023838309099 210462.877266664 348.788803016943 4.42424807940627 -239.149133932554 -284.966242747557
20700 297.059347275905 213438.115321928 348.244452089966 4.43116374892733 -238.447944416118 -284.840236105205
20800 294.613082489864 169210.362778033 353.769868500143 4.36195484484993 -248.088129680145 -285.450759695531
20900 289.179540950276 212351.5209685 348.596031501895 4.42669466206397 -238.544879600303 -284.747590408389
21000 340.251201250872 223987.051170623 347.040476275273 4.4465366358076 -235.969563873945 -284.486423856442
21100 278.225284512158 169566.237367777 354.238519366482 4.35618406102713 -247.884369354687 -285.375178176129
21200 298.300312611864 210528.707649658 348.88743423756 4.42299733505275 -238.920538411239 -284.764938603876
21300 349.525480276022 221110.68183789 347.487693665796 4.44081393383174 -236.622281484578 -284.577822510626
21400 318.538386381554 164643.454262329 354.413001232469 4.35403945820244 -249.128958117197 -285.5492780747
21500 281.976992990569 207289.944790608 348.705576043053 4.4253040326364 -239.885105741311 -285.000709175853
21600 261.516766993107 230889.406303514 346.259402816428 4.45656689555437 -234.807315314376 -284.706704016741
21700 274.495030025211 168036.854890814 353.442525040593 4.36599470221896 -248.628646892139 -285.697827654988
21800 271.671051546411 196335.761320033 350.302693073597 4.40512797183069 -242.32340797284 -285.250604781096
21900 275.989235730054 230138.211419354 346.286993045645 4.45621182099299 -234.866132296046 -284.607137246069
22000 307.981484413504 177846.345019633 352.802925544171 4.37390985203981 -246.079821335838 -285.241992807124
22100 314.617503111304 187591.676934157 351.49061376751 4.39024011288906 -243.755350151821 -284.909813260762
22200 325.809635299748 237563.632938118 345.68122561519 4.46402083052066 -232.815457795345 -284.071538380503
22300 276.333910267244 183985.635838079 352.563337813179 4.37688218360303 -244.503721202006 -284.990265525152
22400 314.743116023916 189194.325281442 351.428781452361 4.39101255591185 -243.438022853535 -284.936778571996
22500 318.449883351499 221565.928165893 347.029482819161 4.4466774964773 -236.59711704977 -284.588027827551
22600 239.651631526408 185222.460472262 351.818252896321 4.3861515972023 -244.747252650752 -285.419826765095
22700 255.414426243093 196599.111184246 349.836353223592 4.41100010804153 -242.435059395616 -285.362612073923
22800 219.614362208552 220843.507375405 347.242049088208 4.44395543661282 -237.237841825204 -285.101577205708
22900 274.907679194711 189150.550372528 350.746903305047 4.39954901190974 -244.097379573822 -285.506031992334
23000 214.79726677309 191866.168236406 351.015921947524 4.39617719704696 -243.402235473049 -285.437604194311
23100 243.660832032344 219922.492035315 347.516510991879 4.4404456854776 -237.178885172726 -284.880681523347
23200 303.887258408735 196017.506500992 350.390149254456 4.40402846698035 -242.242362164881 -285.110674962734
23300 292.741575843651 186042.552824487 351.973189582186 4.38422083709816 -244.292430152012 -285.163077496825
23400 314.87699345148 215754.141180578 348.044143978642 4.43371399451218 -237.623516428424 -284.492238680337
23500 316.36040420601 197868.360659007 350.65621843918 4.40068680012235 -241.445136523666 -284.751083838114
23600 339.076150103118 183384.207844433 351.937792295839 4.38466179434621 -244.639328728032 -284.921927586953
23700 273.114138981631 211325.107633461 349.145582526789 4.41972709692731 -238.613481840671 -284.665354282454
23800 278.440860780535 208242.796997331 349.178965744107 4.41930454939543 -239.446672058384 -284.831187733896
23900 313.144713478461 184320.839971669 351.650472362738 4.38824433107639 -244.945756143705 -285.401043337304
24000 272.329385361772 204027.421681322 349.127174773841 4.41996012732533 -240.791773706134 -285.250993591079
24100 287.229776807911 207051.229983918 348.671990958339 4.42573029059423 -240.155387305865 -285.214695433819
24200 247.600953274115 190620.697410137 350.918934304118 4.39739222087342 -243.673423192907 -285.424386330535
24300 253.286845458759 203175.761437914 349.610867649418 4.41384503359757 -240.82258689675 -285.157561377801
24400 281.203980240046 217186.192184452 347.665040581973 4.43854863659287 -237.706054296682 -284.834473868216
24500 234.136973885631 181157.893643082 352.269942257821 4.38052756353742 -245.503947884772 -285.335065575737
24600 291.044582349366 197534.102973709 350.168564564765 4.40681531131762 -241.818885339725 -284.991552827292
24700 305.761611891431 221113.03740097 347.59818477255 4.4394023313898 -236.633655261993 -284.604955821027
24800 252.557625943706 184915.234721038 352.170386085007 4.3817659088849 -244.536284896801 -285.18203747444
24900 285.677579580989 199031.164410443 350.464882807554 4.40308934665353 -241.388229792979 -284.924902381896
25000 317.611726148689 222288.828015477 347.589769080441 4.43950981626562 -236.244131831123 -284.469356953987
25100 301.479010492851 186420.418534591 351.68715157078 4.38778665917669 -244.061523949731 -284.981900692907
25200 293.969994186472 189787.877021107 351.5396266302 4.38962801052697 -243.29158628978 -284.93366469184
25300 333.736078898815 222033.482301904 347.492563583273 4.44075169826282 -236.252471226536 -284.408828510773
25400 318.35823946764 187329.127596032 351.440279074391 4.39086890077127 -243.916901949462 -285.007880927816
25500 247.38877047276 194587.856384726 351.085251186571 4.39530907849524 -242.47564004735 -285.11571524299
25600 325.503769932633 223470.362806351 346.680473609614 4.45115404337364 -236.338335881307 -284.693065348015
25700 289.230802165955 172886.692588903 353.03426047749 4.37104373320309 -247.499330284002 -285.59433770954
25800 239.795197896901 196184.13973813 350.392447886801 4.40399957582604 -242.435652644624 -285.340688987005
25900 304.241536313676 231528.489269196 345.799695094077 4.4624914763048 -234.716123803473 -284.687198148204
26000 259.177822823355 167867.944368486 354.034736840048 4.35869148219572 -248.459863125886 -285.553830930542
26100 298.527577890438 202571.419342361 349.536693058423 4.41478168819373 -240.563716868965 -284.757439611172
26200 383.706947080659 229509.196328799 346.456603619995 4.45403024720139 -234.490238845228 -284.119587833701
26300 317.173657234582 163755.389148417 355.124221246834 4.34531946722256 -248.846121789712 -285.14268777124
26400 333.525221826939 207604.053602297 349.513671013681 4.41507248454873 -239.247664148816 -284.536341702044
26500 305.605329907078 229493.599948355 346.772279527453 4.44997562656665 -234.589396107804 -284.260589506941
26600 290.957655422065 164752.143972417 354.702841004449 4.35048162426972 -248.869826675769 -285.343993865582
26700 372.608546674471 212498.102752404 347.976379514292 4.43457741016798 -238.504389241994 -284.656807811008
26800 309.951090541179 212064.999592946 348.333272432472 4.430033861222 -238.658463899833 -284.764055435224
26900 259.812487860417 168903.881053867 354.352636983256 4.35478117223391 -248.157416669391 -285.513810080569
27000 347.055892581094 222198.093195616 346.947503827823 4.44772818608291 -236.500446866256 -284.616914552258
27100 289.426232331884 202881.189371045 349.258606346247 4.41829682598086 -240.694451554359 -284.920541160342
27200 259.810261226008 171657.727743905 353.4571926065 4.36581352464955 -247.519243376297 -285.38876557786
27300 293.521811212221 232025.696804626 346.221461740289 4.45705527355108 -234.3635584142 -284.503025513491
27400 258.420560739884 199569.102065005 350.401347546384 4.40388772095647 -241.340993734834 -284.987422384986
27500 298.599845197656 170110.177330657 353.636082183989 4.36360504373891 -247.788503955451 -285.33561355969
27600 343.769322291451 237578.209481528 345.280023974332 4.46920784499492 -233.034663622446 -284.234397150906
27700 320.82093228504 190630.566642679 351.079288214689 4.39538373144495 -243.15941311548 -284.931617144733
27800 299.377200997066 161881.827184916 354.652799173482 4.35109548116462 -249.432597688582 -285.266254683581
27900 317.82446600279 248613.273630143 344.331245067452 4.48152241183873 -230.415304290919 -283.845945702375
28000 294.362457104462 194073.681826893 351.013112543766 4.39621238273175 -242.250055628722 -284.768721406735
28100 277.628638864597 159746.968962009 355.356354185244 4.34248093130115 -249.954838427612 -285.386078670172
28200 286.900333014195 255051.932948009 343.666925006261 4.49018534977728 -229.292052916785 -284.000703001932
28300 306.776016123535 187586.464068638 351.413197815066 4.39120727810059 -244.089602108266 -285.233857566502
28400 266.393849588084 160109.454033654 354.877150935421 4.3483447378863 -250.256643268408 -285.720393289263
28500 269.43357649862 247128.612033448 344.061311492895 4.48503839379797 -231.345122557375 -284.415052345789
28600 255.806363731695 193204.390786 350.519592518024 4.4024021047747 -243.035731942869 -285.304436003253
28700 253.816470053136 166238.826579862 354.089084371665 4.35802248635937 -248.865217431719 -285.604836250671
28800 247.199128671582 238351.026910649 346.079546093875 4.45888296284214 -232.846024034925 -284.331247544474
28900 356.815768730597 199565.320238131 349.957629194377 4.40947149921689 -240.982043967078 -284.572376455386
29000 342.165559799036 165197.674887841 354.683858092401 4.35071446489147 -248.485489963569 -285.056335108978
29100 293.401869412103 226881.890703431 347.281382253894 4.4434521132433 -235.01399813566 -284.19201105238
29200 373.264855007588 203373.639048283 349.52993515622 4.41486704472517 -240.253921163315 -284.621801274545
29300 277.74568258126 172778.369853528 353.696560881172 4.36285890940441 -247.220720858063 -285.363282062679
29400 292.555414749813 218251.243982347 347.850918452665 4.43617685050358 -237.394759972101 -284.779611561608
29500 289.337677256789 212646.763081317 347.941044685215 4.43502775955105 -238.702197780541 -284.882214086762
29600 264.937403227096 167892.730021778 353.942905150307 4.35982235951532 -248.516228617597 -285.606050255553
29700 254.681697013163 219150.405381107 347.761156560248 4.4373218881873 -237.274505164994 -284.842297125481
29800 328.164865148063 213186.705801745 348.229023946191 4.43136006981592 -238.516578924636 -284.85217208784
29900 303.575767760753 164134.538577826 353.919513410347 4.36011051494909 -249.222652783267 -285.479841693038
30000 249.252319911956 212954.277117776 348.55874079941 4.42716825384151 -238.493013902868 -284.821913796245
30100 349.373670392404 220311.364294806 347.119070275892 4.44552985994009 -236.825568258035 -284.557060977611
30200 320.366112645547 163377.937503102 354.604299836662 4.3516905818032 -249.325184954979 -285.485070671094
30300 231.848180551033 210858.713316883 348.792265002606 4.42420416592263 -238.876299672628 -284.780036379122
30400 278.830502220026 227301.850823663 346.996680811737 4.4470978461703 -235.274969882604 -284.503620894634
30500 326.309853037967 164529.995285462 354.713168466936 4.35035496013721 -249.00621316703 -285.432259820165
30600 320.766145919811 205618.888530661 349.332822825877 4.41735814969578 -239.995515445364 -284.827921086524
30700 312.429057935326 235617.150286472 346.105863754359 4.45854391233695 -233.482334303716 -284.380894677832
30800 303.111727237695 164136.140166619 354.320714477377 4.35517351601143 -249.11331698428 -285.411961019687
30900 282.613147626893 200157.994859015 350.260536219104 4.40565816669915 -241.24152702369 -284.999157102435
31000 306.700694015296 241179.924452287 344.976163862288 4.47314438942549 -232.377980689794 -284.308167618728
31100 254.077690994935 162080.597409526 355.268469195772 4.34355515804521 -249.630713954281 -285.570652985978
31200 298.554152780081 204316.443794982 349.286369653256 4.41794563411683 -240.333374535035 -284.875875884676
31300 389.986107768182 226342.726264586 346.519530022893 4.45322141515133 -235.517933629905 -284.471451004118
31400 304.351990046517 161809.970372207 354.468641914005 4.35335600783689 -249.624948707661 -285.424100952112
31500 311.046255400691 206783.700696372 349.118272985704 4.42007282709406 -239.764213178699 -284.822899577301
31600 325.834906285944 226896.975420457 346.437365282202 4.45427758812655 -235.434227408578 -284.495982062428
31700 264.165801200376 163413.200182933 355.098338369502 4.34563619461491 -249.333859750514 -285.551939252119
31800 335.227679134025 214549.435091335 348.113080884606 4.43283598520575 -238.093374132156 -284.709626992997
31900 324.644691120371 217044.150695012 348.040444709498 4.43376111978634 -237.517267162979 -284.665719739513
32000 283.822897582199 168388.782123319 354.156481214656 4.35719314404082 -248.100666496059 -285.322519739329
32100 293.90423511082 220483.285290407 347.534648538745 4.44021394227714 -236.625640694952 -284.451570648406
32200 290.275729183729 214638.717372845 348.614852689765 4.42645567152401 -237.849080673299 -284.551953196054
32300 321.164675558857 175088.492420741 353.142986348718 4.36969797367666 -246.513674389659 -285.105722824245
32400 328.185172232522 210907.466777232 348.855587332999 4.4234011089326 -238.751778202965 -284.674464121456
32500 316.727846086338 218275.811185149 347.603258269081 4.43933753541395 -237.325479848106 -284.681924764932
32600 284.079614595603 171213.695238966 353.309449328064 4.36763917523546 -247.798186027222 -285.553961612685
32700 269.414802836138 207898.476540727 348.649494374648 4.42601586052473 -239.866105569644 -285.106875689031
32800 242.623806061213 225824.898076941 346.572934009981 4.45253521102049 -236.051482043861 -284.900530509514
32900 271.811464623255 168973.172009355 353.324540331158 4.36745262703746 -248.438088822972 -285.701379308448
33000 316.380428217521 202507.407048023 349.418882283984 4.41627018488363 -240.766176093801 -284.931042963929
33100 320.597252020882 227642.760685479 347.073853629963 4.44610902183183 -234.991713921009 -284.305163595294
33200 357.941061747598 175231.484791178 353.285502998902 4.36793522170344 -246.327941134714 -284.967094340179
33300 346.495064043821 194014.529577778 350.963016656759 4.39683989089738 -242.245053273683 -284.744693341964
33400 318.740159242616 232788.624774343 346.176935649286 4.45762855047476 -233.937120708389 -284.234982884244
33500 270.74176789095 177866.058680779 353.197337308904 4.36902555275072 -246.020914234831 -285.231212428369
33600 266.56367765205 201033.715262854 350.055821793843 4.40823461800589 -241.074091388023 -284.997480855169
33700 303.667647807585 223550.428369215 347.082939812292 4.44599262844975 -236.324690770249 -284.752900692617
33800 255.886067955669 185648.648878958 351.640809222368 4.38836492066622 -244.708857646435 -285.45445660063
33900 257.296825467198 193594.041800171 350.616930619833 4.40117991204282 -243.002846351843 -285.368558695185
34000 325.070610954526 219375.016308749 347.178450933295 4.44476950605038 -237.353890176406 -284.890649288487
34100 285.360528673134 192078.77729738 351.030141263086 4.39599911937361 -243.082000268712 -285.165653554315
34200 328.511808833106 190386.005859854 350.905363501931 4.39756228421863 -243.153040467055 -284.850987348646
34300 336.057671378637 210803.706251587 349.010216930272 4.42144131320493 -238.514754642016 -284.435193026034
34400 335.003198695066 195627.969559279 350.750487197693 4.39950405826911 -241.802279546465 -284.629399799703
34500 330.964417832725 189680.024156426 351.128208345012 4.39477135471232 -243.201500389812 -284.771206998844
34600 306.839081088159 209051.749023415 349.236373185861 4.4185781045346 -239.169100937532 -284.737410444692
34700 266.886604407057 201613.122398077 349.830404995254 4.41107510905764 -240.992839276337 -285.0144562835
34800 259.44290614338 194701.232481094 350.651229393397 4.40074941284428 -242.597228505557 -285.209404213979
34900 305.001942099733 200911.31220364 349.502282193116 4.41521635333263 -241.311923760288 -285.139156361431
35000 263.927210037341 207123.008571721 348.821281392909 4.42383614240542 -239.920508088221 -285.014736630422
35100 268.592461445482 191511.695905979 350.954256932988 4.39694963483737 -243.25400935682 -285.204346869984
35200 324.276778456689 199184.656078109 349.915426725785 4.41000331510222 -241.429384741211 -284.93132346569
35300 291.648433192004 215225.160879776 348.430692287355 4.42879524113072 -237.701963673629 -284.507700621461
35400 365.767973363371 182461.790111569 352.41552876413 4.37871792221429 -244.440753596095 -284.575138441596
35500 353.388973333191 197845.50950101 350.893493159394 4.39771104893402 -240.981976686525 -284.31222272041
35600 407.683387819261 217131.362906665 348.023883765935 4.43397210320185 -236.910043990575 -284.075197271857
35700 306.481138633041 182168.770032098 352.801764521267 4.37392424598574 -244.74004454206 -284.853891866617
35800 302.159931804447 203904.57232866 349.80686224428 4.41137198385923 -240.188419033769 -284.707370999143
35900 286.144173224787 216149.001056399 348.045216595581 4.43370033054984 -237.682773371025 -284.637416563953
36000 272.389741558977 183907.989739101 352.026414551943 4.38355796064396 -244.842893165625 -285.250719791038
36100 333.465245971317 202652.38882816 349.52662573451 4.41490884599514 -240.798814526167 -285.008928495598
36200 295.097719404675 215338.432203149 347.932875395119 4.43513189178722 -238.077029491178 -284.840491506455
36300 278.759173862718 173826.284228012 352.998980593069 4.37148058975561 -247.153786696543 -285.452002363025
36400 271.182910419665 208910.710822787 349.079509595291 4.42056365226123 -239.368471096759 -284.885583901261
36500 287.772891733466 231713.608203015 346.285816265668 4.45622696449757 -234.194524292001 -284.275858000518
36600 348.333382796948 157409.744352115 355.655776359479 4.33882505061974 -250.127325400166 -285.069596013983
36700 334.38064274978 207649.804667853 349.783876767807 4.411661869968 -238.996532977861 -284.330211063141
36800 349.447005651271 250378.499708822 344.801381911644 4.47541185395118 -229.750323658963 -283.633808219226
36900 327.252630353144 149649.736235102 356.728079338712 4.32578280556638 -251.952091351614 -285.271930321099
37000 271.039305831192 204630.40983128 350.086253734911 4.40785142347975 -240.082125788045 -284.795235472322
37100 303.474180320073 260963.922505519 343.049336941104 4.49826898260716 -228.079734356627 -283.955913155322
37200 263.507686975691 139811.418032171 357.779628213776 4.31306891219667 -254.531144728325 -285.752222533168
37300 261.705216510239 207987.26422374 349.212577744644 4.41887918766347 -239.554322352389 -284.887510473441
37400 300.5382413313 255284.813454874 343.534955304234 4.49191026426853 -229.379548853021 -284.117124257522
37500 269.209461316163 149111.737600927 356.655829373449 4.32665910599862 -252.597992975243 -285.791321203048
37600 269.969681311614 209733.261764637 348.736168373236 4.42491582982176 -239.236942709572 -284.888326366878
37700 307.252541114887 226662.882773183 346.77396272865 4.44995402689335 -235.441952567043 -284.500708617176
37800 330.042144161838 172649.935881621 353.786259107976 4.36175275929853 -246.980320967464 -285.10419492941
37900 384.946773117346 200209.692850624 350.326054373486 4.40483421829933 -240.748830239012 -284.52594951625
38000 295.131569930123 215017.365354409 348.503140751162 4.42787456245034 -237.48968880562 -284.25995858679
38100 341.408420371961 183685.055480888 352.530027359447 4.3772957538528 -244.336227109436 -284.752808949327
38200 302.381562057651 199680.80663134 350.196320480961 4.40646603524212 -241.060539766635 -284.705845856798
38300 269.811890849613 208352.318361889 349.123436345865 4.4200074564384 -239.459489031873 -284.86065260975
38400 280.836781175669 195765.742823769 350.505426239675 4.4025800354113 -242.327273045217 -285.154611438691
38500 313.837060806283 195203.79421033 350.263920347581 4.40561560075846 -242.484596735316 -285.159574321638
38600 276.765905419126 204774.765521991 349.36775546907 4.41691646612973 -240.370505165562 -285.023326004667
38700 287.838998368466 195829.809645341 350.577902269778 4.40166987672442 -242.249030079309 -285.099242816391
38800 282.198746460417 199451.267828955 349.829238183337 4.41108982165008 -241.372666051411 -284.922103382007
38900 272.731590121663 201847.683024484 349.926373515204 4.40986535643068 -240.731317705155 -284.816240760264
39000 308.771782448814 196486.055504502 351.022086282049 4.3960999953325 -241.749154215874 -284.797435805649
39100 381.662759212546 205527.284645082 349.168224590409 4.41944049655802 -239.650144767425 -284.441462755431
39200 308.560255866817 194607.914443224 351.297355880764 4.3926552990905 -241.871579241542 -284.541813000041
39300 374.551284186392 186186.039302792 352.220819618168 4.38113849584184 -243.626836193428 -284.557781919251
39400 364.647976119558 221181.742186885 347.88686228903 4.43571850259773 -236.085926729117 -284.111985209576
39500 296.008460383959 197545.475351888 350.763554266728 4.39934016261191 -241.566034764624 -284.814548935028
39600 320.321540228395 176329.306443456 352.58113214564 4.37666128778753 -246.461610914249 -285.265317307576
39700 263.434504410719 226949.920472883 346.488537900792 4.45361973938645 -235.548698257765 -284.629149831827
39800 296.202918855806 197039.248833612 349.825289204521 4.41113961593539 -242.123929743961 -285.146226106353
39900 264.42323446798 163202.19642829 354.518589609624 4.35274266877042 -249.578669782555 -285.690928637275
40000 306.419156657938 237234.533045106 345.334593140987 4.46850162861072 -233.331850245084 -284.465599209773
