# step temp[K] press[bars] vol[A^3] density[gcc] enthalpy[eV] etotal[eV]
0 261.042102229936 -16401.0108828859 384.050211667735 4.01803760285692 -290.429462644999 -286.498053277095
100 297.062811895325 10018.7816706292 378.444937079453 4.07755010220192 -284.165471963241 -286.531976027528
200 266.955103234741 -14448.0125804411 383.97340992683 4.0188412842446 -289.887856243347 -286.425283513577
300 318.882429246847 8458.12584624037 379.353200126961 4.06778746389821 -284.231057326905 -286.233718773286
400 386.097048124709 -3633.38884761029 382.104811911287 4.03849452758106 -286.807552071174 -285.941021222534
500 320.092786388213 -11373.6872503388 384.689662155763 4.01135861883727 -288.579988406443 -285.849115805454
600 327.759293048413 19554.3708158403 377.127490364424 4.09179450263616 -281.235254989851 -285.838050494238
700 354.118932407685 -29021.0864627086 387.001563653997 3.98739523762176 -292.947470180576 -285.937502277535
800 325.388887958286 18140.6990971322 378.426614293473 4.07774753038224 -281.685960774964 -285.970709265686
900 351.901485159685 -13301.6741870992 383.639994915608 4.02233399102608 -289.277379765333 -286.092303578341
1000 300.73936066783 2997.89501839837 381.430371052039 4.04563534783545 -285.556551179885 -286.27026044303
1100 246.473224638924 9181.3917465468 379.739688043847 4.06364738912394 -284.109715900456 -286.285842461819
1200 267.934544581866 -9463.69081317176 383.003561710209 4.02901786337354 -288.681572577807 -286.419257977406
1300 275.690178927845 13461.6610849064 378.528765661939 4.07664709224312 -283.124277067706 -286.304716897044
1400 281.184725786657 -10051.8465994674 382.889706941335 4.0302159182946 -288.789964933776 -286.387764802462
1500 289.840365001522 3440.30620730765 381.19588078359 4.04812399518602 -285.498860597893 -286.31739123722
1600 309.26334603364 4754.90305845492 379.75786327978 4.0634529026967 -285.181329719711 -286.308366488495
1700 300.880797952156 -14464.5924564418 384.912738945125 4.00903382957693 -289.433616700881 -285.958590135372
1800 346.956252044058 22290.7248870516 376.932360584255 4.09391273668897 -280.558098214961 -285.802274216051
1900 365.523864477325 -23948.5924172383 386.673832173031 3.99077481709595 -291.50992602986 -285.730104639942
2000 339.000521798945 9201.32483694645 379.304506097742 4.06830967483544 -283.717916583741 -285.896268327586
2100 338.226570439031 -3514.92515485138 382.341837760316 4.03599093655422 -286.947657833648 -286.108859521917
2200 323.795792678127 -3702.27771489478 381.435066177252 4.04558554967526 -287.262786909884 -286.381374315711
2300 284.190443132608 4253.89180044712 379.264498511761 4.06873882981765 -285.516871743518 -286.523845781909
2400 301.059815924242 -2908.23294744779 382.00120583205 4.03958984502412 -287.179397782958 -286.485998215079
2500 322.55338616616 3913.93664274364 379.395367006475 4.0673353605812 -285.5946443762 -286.521464504329
2600 292.330369261243 -9481.320064298 382.356817152922 4.03583282065284 -288.681123816766 -286.418422196693
2700 297.916254089908 6366.86450829246 379.575435790543 4.06540583600264 -284.867369598904 -286.375758574996
2800 367.952035033669 -11224.3046609072 382.772123806803 4.03145395364523 -288.846340479626 -286.164768921617
2900 303.551512272683 302.502535043384 381.201241190624 4.04806707094235 -285.941445965981 -286.01341952309
3000 403.723089378469 6550.41619270334 380.625203013337 4.05419341559483 -284.170516063017 -285.726682623423
3100 406.672572975851 -21238.3865362466 386.266816353715 3.9949799634174 -290.618492513821 -285.49815530263
3200 444.038131619697 13980.0475501503 379.023252809333 4.07132855419398 -282.170388903635 -285.477616975503
3300 350.549780385873 -10641.2666333148 385.031352866374 4.00779879450926 -288.349980221401 -285.792695622584
3400 338.573936467116 5728.53943770578 380.662461903453 4.05379659488858 -284.844879848515 -286.205928350642
3500 283.769811890617 568.848553510639 381.499541786612 4.04490182252763 -286.248890822934 -286.384341232118
3600 298.166349231118 -922.599660526142 381.93707342712 4.04026814684324 -286.710151826728 -286.490216623406
3700 287.871725781291 -300.11884473007 381.155385295695 4.04855408423256 -286.578408699088 -286.507010876253
3800 263.348004724676 -822.619775390674 380.752396625637 4.0528390774211 -286.653388591776 -286.457895491614
3900 332.314300945285 -1983.72554939418 381.332162958189 4.04667725873234 -286.845461003521 -286.373316795648
4000 333.509674272244 -4821.57404735235 381.997155276192 4.03963267933345 -287.389083233164 -286.239504787817
4100 364.989984716103 -9010.8206328271 382.734559339514 4.03184963105789 -288.238815642094 -286.086273481981
4200 370.718787104681 -4785.09706044179 382.497648964392 4.03434686734447 -287.109746629095 -285.967370382979
4300 374.36902891136 9849.823594184 379.253818366522 4.06885340934075 -283.585559135676 -285.917126979999
4400 387.018639346625 -18728.3226583375 384.531142565844 4.01301226623507 -290.424907173695 -285.930007073642
4500 332.72656451774 15437.302185448 379.108333583612 4.07041485287156 -282.466451293674 -286.1192385531
4600 298.110963866392 -6960.24405513316 382.807048061306 4.03108615601818 -288.110032694743 -286.447025853405
4700 278.691082102501 -2054.6953911049 381.271315783875 4.04732306885852 -287.072400590023 -286.583442965628
4800 260.272294115479 13213.2793554114 378.53681018014 4.07656045691242 -283.485867629149 -286.607691360315
4900 306.676598235259 -20005.7285214124 384.861603762319 4.00956649554243 -291.388356696699 -286.58274585221
5000 322.969303583932 20253.1698474428 376.815480154479 4.09518258441373 -281.680680693746 -286.444018516211
5100 289.248322475569 -16900.4012754485 384.524414112778 4.01308248639197 -290.362803765926 -286.306685792211
5200 313.060769931875 3380.85014308021 380.827301627454 4.05204192365308 -285.282704986879 -286.08631185366
5300 381.872426351792 4354.61082551134 380.542194602015 4.05507776471405 -284.94503280316 -285.97932157233
5400 321.211668453785 -29708.9763498748 387.222399074336 3.98512120051681 -293.063988487028 -285.88376764604
5500 332.534702707687 34448.0686145884 374.994004577041 4.11507430260553 -277.891948355447 -285.954617605514
5600 318.094214086474 -30482.0938445115 388.245148090263 3.97462324888438 -293.402219743088 -286.015689583169
5700 323.766825816163 14747.2891891151 378.522209859891 4.07671769758849 -282.651343684082 -286.135464499302
5800 306.857830436223 -3263.69941289061 381.860082476092 4.04108274910545 -286.986588438885 -286.208723748582
5900 293.871823148643 -13468.9041350793 383.856707293621 4.02006311872452 -289.505767369638 -286.278826272858
6000 269.246710947398 25706.7992885001 376.79977228189 4.0953533026864 -280.278332650911 -286.324056151413
6100 267.382133245812 -28323.4606336039 387.460791526586 3.98266928064187 -293.208450326261 -286.358873843353
6200 329.791641005218 35070.7652710407 374.879662210803 4.11632944493635 -278.18498988171 -286.390900178286
6300 284.518043660877 -22829.3332426952 385.032097601992 4.0077910425568 -291.970033159308 -286.483729955329
6400 254.426831750015 6831.33170904086 379.410772058427 4.06717021631765 -284.920968058671 -286.538692970948
6500 243.504716639025 11111.7399602326 378.888422867333 4.07277736328841 -283.904276552036 -286.532020517102
6600 276.709631068253 -22757.3905308009 384.508240478062 4.01325128935477 -291.929543358354 -286.467970185317
6700 269.437864315643 29110.654828176 375.912649413693 4.10501799892321 -279.522734012563 -286.352857524315
6800 286.113823544577 -27036.5086067021 387.024525354757 3.98715867024614 -292.699368459935 -286.168382697282
6900 272.959661193336 24985.74714942 377.557806994472 4.08713093274406 -280.126680489898 -286.01464845089
7000 251.325697707627 -1350.02384902494 382.970452297686 4.02936618897856 -286.238084916031 -285.915386858686
7100 336.146872684233 -1294.25986050594 381.422747827151 4.04571620506866 -286.203135927743 -285.895017469884
7200 321.515584461704 18152.282738993 378.878344188674 4.07288570469911 -281.722733685966 -286.015336172268
7300 256.424626973609 -19435.6349684189 385.534589930835 4.0025674275892 -290.962412887969 -286.285581366851
7400 257.835883637796 24259.0322361603 376.729546821347 4.09611670994817 -280.869833453503 -286.574007881634
7500 274.504840642303 -15132.1168858079 383.354843917831 4.02532592544174 -290.232594401669 -286.611913217726
7600 271.35137385436 7306.67942361472 379.168893593485 4.06976473529113 -284.913160261757 -286.642348995267
7700 258.511865273737 5997.45067468154 380.326330749668 4.05737932691758 -285.09795874018 -286.521639844574
7800 287.779583604784 -10432.2634395212 382.726659065597 4.03193285681633 -288.899955166957 -286.407904301961
7900 270.03170930567 11868.0712427109 379.486008223051 4.06636386698904 -283.444441263108 -286.255471746455
8000 317.888546483348 -5104.07913667289 382.098643916893 4.03855971863055 -287.287487743333 -286.070230021374
8100 359.671034951417 -1808.79331817488 381.252153169547 4.0475264966697 -286.446679241834 -286.016260778454
8200 357.370889532271 6004.11747976974 380.754078898223 4.05282117090229 -284.565685569402 -285.992552222736
8300 387.28863412635 -6711.51408686627 382.308498622348 4.03634289435572 -287.689600169547 -286.088110649489
8400 352.679535925342 -6198.74674837752 382.589252625879 4.03338092033414 -287.727015673054 -286.246795556432
8500 311.602805233823 7712.12356311902 379.214601845274 4.06927419027958 -284.613774546796 -286.439135152428
8600 247.2803626972 -12201.9401801311 383.059339865049 4.02843118878072 -289.555451763921 -286.638128266495
8700 195.297669911803 17727.8674152166 377.784869622069 4.08467441644723 -282.719624888345 -286.899763643429
8800 217.054200293919 -8984.30687936273 381.574482882654 4.04410740521315 -289.335009182464 -287.19530594031
8900 205.683330649358 351.662423113792 379.870871830649 4.0622440579073 -287.192285680044 -287.275663704412
9000 204.676815941062 13185.8827620759 377.699149120091 4.08560145147554 -284.113479583942 -287.221936548349
9100 214.6888551089 -19434.4386187374 384.838441219999 4.00980782214521 -291.66936611416 -287.001266773032
9200 304.623696666863 24407.2103989376 375.24258854697 4.11234822209677 -281.081870868476 -286.798235332259
9300 242.130598017809 -32277.7551667795 386.688526466628 3.99062316631548 -294.286547157229 -286.496245911959
9400 286.483625879455 27447.4672464809 376.226259524021 4.10159618793859 -279.885902031959 -286.331170662196
9500 275.395449041055 -10794.9572930965 384.252645175138 4.01592080429994 -288.737696345121 -286.148723847756
9600 324.74568067011 1592.09824683777 381.242048304094 4.04763377683686 -285.707541731154 -286.086385633013
9700 351.599263010195 12062.7767115496 378.916277956526 4.07247796317467 -283.102310863593 -285.955169118199
9800 336.292939630516 -21779.4777464054 385.586786289106 4.00202560548615 -291.273697571879 -286.032153440323
9900 346.100117453668 19213.2969520122 377.084510402236 4.09226088395958 -281.576945828798 -286.098942421784
10000 280.06490478473 -17817.4229670497 384.499931036525 4.01333801986959 -290.610101612786 -286.334169527851
10100 289.744378861651 8611.92620888644 379.36087309996 4.06770518861472 -284.471694231743 -286.510812796817
10200 248.26782260045 3623.77292869361 380.778198009438 4.05256445860872 -285.779443211755 -286.640680238876
10300 261.019589951011 -11077.1711026212 382.974131998941 4.02932747392554 -289.249386356015 -286.601569471902
10400 291.297549193192 16462.2945247291 377.839316432468 4.08408581308114 -282.705462489801 -286.587745190948
10500 280.771408728579 -17011.4036140447 385.232669076091 4.00570438526677 -290.40677752004 -286.316498815435
10600 349.654567420085 12412.1596024908 378.92941101761 4.07233681788402 -283.082448389887 -286.018037775719
10700 366.568086344444 -14068.3944123147 384.615099966684 4.01213626818028 -289.282101998607 -285.904873008378
10800 354.897725261217 3136.42021439157 380.96233020439 4.05060571484382 -285.186421412044 -285.932193150286
10900 279.172532177821 4234.45966321538 380.850409717752 4.0517960660978 -285.039350646043 -286.045916213363
11000 304.015043968074 -14036.2885351935 384.272660460627 4.01571163042506 -289.563529312213 -286.197007622242
11100 310.838013822962 22930.0653947419 376.454831455004 4.09910582340491 -280.954314652861 -286.342069312494
11200 265.573217675022 -21936.5951938893 385.190145288594 4.00614660250451 -291.719929317862 -286.446003324146
11300 279.654526756744 20348.1929783344 376.565110102383 4.09790538333879 -281.773140870844 -286.555647373262
11400 322.626653657091 -10997.739976031 383.018296836965 4.02886286271323 -289.176656793509 -286.547523464768
11500 275.250321843601 -7325.3608913986 382.088744787471 4.03866434936327 -288.313327190734 -286.566367384427
11600 272.916655183893 21935.9979739337 376.023735478036 4.10380528214356 -281.30030924839 -286.448590913736
11700 290.412091888182 -25744.7631654032 385.73441602094 4.00049393513891 -292.395987784834 -286.197768559172
11800 343.798492942348 26831.5644761304 376.579757348431 4.09774599338949 -279.672497507646 -285.979058638521
11900 322.206240160001 -13230.3053302035 385.184411290583 4.00620623948872 -289.066228990457 -285.885488685123
12000 363.913517899509 -923.596154137934 381.080431814182 4.04935038128267 -286.161212403262 -285.941533471982
12100 321.027814332546 13138.0803266951 379.607736413535 4.06505991275445 -282.915872770387 -286.028711420583
12200 323.403403415381 -21565.6437453098 385.113095059801 4.00694811903631 -291.432305654066 -286.248599732956
12300 255.609667191631 22380.339298467 376.656214460337 4.09691419555382 -281.188201072531 -286.449602596332
12400 226.08104714981 -13489.5444781006 383.799337086959 4.02066403652096 -289.805057390103 -286.573654215546
12500 253.655536567112 6545.85896712899 378.597300547511 4.07590912464118 -285.076392436678 -286.623191141265
12600 242.888060649518 1186.23216732249 380.984580265328 4.05036915350076 -286.28420295028 -286.566279340968
12700 283.959438977108 4973.67497118192 380.743722064364 4.052931414074 -285.3460265154 -286.527978392029
12800 247.807171717435 -2673.66912792567 382.110508288387 4.0384343230401 -287.143511117068 -286.505855359749
12900 271.28555335869 6081.66647787921 379.83978852478 4.06257648220402 -284.907641168825 -286.349466653617
13000 259.378466733691 4878.3248589528 380.869031141502 4.05159796594964 -285.181777780992 -286.341452050727
13100 341.322454147574 -11276.3311911822 383.470008908053 4.02411702615347 -288.798876281504 -286.099963382499
13200 344.393372959059 11317.7877324855 379.3883501913 4.06741058624501 -283.432526483849 -286.112528852903
13300 315.184637254468 -12519.2495839585 383.341859994351 4.02546226464509 -289.064660148207 -286.069264558989
13400 364.546497565943 6491.23553813372 380.281412948476 4.05785857347489 -284.592204363026 -286.132918649013
13500 335.435680332223 -1449.87865010174 382.407728144093 4.03529551914459 -286.505377819014 -286.159320564604
13600 311.15083977408 3562.83677071185 380.886992627519 4.05140690476451 -285.373861729221 -286.220858413306
13700 325.36798601021 -4465.72173464944 382.308447296009 4.03634343624985 -287.320913117965 -286.255310706227
13800 253.114999249699 3661.98642487229 380.823610626054 4.05208119667082 -285.442064436267 -286.312487197045
13900 267.263882774922 5614.60952633293 380.238421339992 4.05831737473559 -285.008312994275 -286.340806800502
14000 278.563996844513 -15075.4566811164 383.596033648199 4.02279496268551 -289.961072648792 -286.351679184144
14100 302.582904164498 18427.8962195237 377.637374817809 4.08626977827764 -282.051831260224 -286.39533670532
14200 329.523781997261 -15505.0853359597 383.775121747233 4.02091773130223 -290.051256556742 -286.337267484684
14300 366.372220435055 4284.79398158766 380.21331130628 4.05858539398442 -285.275528648318 -286.292355263865
14400 294.51131026336 18.1067563339593 381.638978412045 4.04342396651122 -286.178987663082 -286.1833006985
14500 293.797913840467 -4746.6914575425 382.057281061758 4.03899694720562 -287.228584346069 -286.096681567375
14600 277.108256602318 7865.60386270447 380.955578106229 4.05067750822071 -284.116934851383 -285.987169289768
14700 298.382200822851 -7615.4700368686 382.788679163417 4.03127959593429 -287.804654905531 -285.985182633518
14800 330.666540269424 1218.55558195439 382.620276515835 4.03305388286775 -285.701470217438 -285.992476903479
14900 369.717366947659 3853.61094003381 380.180080171706 4.05894015059699 -285.238024208101 -286.152446630433
15000 316.032117737488 -8545.3980646204 383.159462816527 4.02737852413431 -288.358210708378 -286.314584346368
15100 251.494284931131 9890.31705151846 378.9338789554 4.07228880172982 -284.190230485186 -286.529408599726
15200 252.487008588813 -10257.9694345575 381.999192040926 4.03961114059318 -289.112947381029 -286.667189353758
15300 248.163670618021 3844.55477986169 379.854949760225 4.06241433168157 -285.763968958629 -286.675462269606
15400 226.921832305684 5469.49925840935 380.212325423001 4.05859591781863 -285.339702789083 -286.637669044323
15500 275.740964801247 -4559.98357488318 382.584033209152 4.03343594588151 -287.566207439333 -286.477328088371
15600 319.573703592467 9399.51629801273 379.520022828289 4.06599941780752 -284.093452979148 -286.319989593558
15700 344.150779636433 -11965.7813061334 382.404133740068 4.03533344886651 -289.14838423975 -286.292416601419
15800 271.936763431431 5390.09798944401 380.149033629281 4.05927164179238 -284.954456228569 -286.233366849125
15900 314.602067334718 6771.96338961018 379.793781761463 4.06306860715089 -284.653508997047 -286.258793799121
16000 286.023545427706 -10605.5612056452 383.602471181658 4.02272745301309 -288.836208441418 -286.296962929607
16100 318.063646923223 6065.48696232593 380.207324706566 4.05864929892412 -284.784411166924 -286.223792265691
16200 357.983485651592 -6813.93020196956 381.396660684953 4.04599292792654 -287.919263311584 -286.2972134156
16300 344.593479368058 -5693.16097899152 381.452991222512 4.04539544157348 -287.651375019134 -286.295923054293
16400 297.981717235863 10766.748067317 378.896781472919 4.0726875162871 -283.824264146826 -286.370479366957
16500 231.550880684756 -9440.84695664311 382.980215137236 4.0292634733446 -288.773309416482 -286.5165932566
16600 298.30545108101 9256.63015419788 378.598712723503 4.07589392147007 -284.479233459085 -286.666600619031
16700 237.207807033448 -10518.6681128063 382.624928038573 4.03300485354304 -289.282996262234 -286.770973005293
16800 270.128784679316 8333.45361339712 378.714384637081 4.07464900849987 -284.847146217405 -286.816965870296
16900 290.436778880055 -3528.82145619436 380.631599221564 4.05412528813161 -287.512658566789 -286.67431088522
17000 314.478116596868 -3300.74594366626 381.309587600697 4.04691684144608 -287.195111177664 -286.409550988413
17100 288.105377827411 4268.27583935257 380.334778585599 4.05728920611666 -285.183490865794 -286.196721147416
17200 315.242940224997 -6210.97693165887 381.823749162287 4.04146728759463 -287.616373318658 -286.136200255324
17300 327.63362245174 3500.28877003864 380.007763243307 4.06078070273028 -285.320430382274 -286.150636608746
17400 284.194042576483 1288.1126851726 381.421076611823 4.04573393157448 -285.904119916068 -286.210773600713
17500 325.099079256673 1433.661027954 380.730220771502 4.05307513740087 -286.026532207007 -286.367217568254
17600 264.955986672999 734.181779407202 380.333308647481 4.05730488700477 -286.28242826742 -286.456712302488
17700 271.940417954788 1470.13480428914 379.820563145661 4.06278211765572 -286.223456858642 -286.571974908473
17800 218.974031104572 1122.86291393219 380.536181495965 4.05514184170286 -286.482909458286 -286.74960290037
17900 256.388756886653 -2561.93312566939 380.010430557489 4.06075219988645 -287.585818983816 -286.978169757813
18000 213.196922870908 137.479797105371 379.620738843239 4.06492067996143 -287.057086287848 -287.089660840123
18100 238.995417202317 4518.07995316241 379.198335520416 4.06944874836624 -285.992043567631 -287.061369199349
18200 220.864910614707 -5969.09038799414 382.320691929949 4.03621416375983 -288.274090347543 -286.849711218695
18300 279.985775636898 10528.585347021 378.783131138149 4.07390948807409 -284.037472885934 -286.526618447737
18400 317.672846618605 -13566.137761715 382.686502798762 4.03235593777286 -289.617276739854 -286.376948463589
18500 340.947410208992 1377.87751483698 381.004866824022 4.05015349207824 -285.957902614479 -286.28556816134
18600 308.17392116745 331.523278754353 381.929498214888 4.04034828176037 -286.145329511593 -286.224358582049
18700 279.280568046103 6531.66728585292 381.010288157075 4.05009586310686 -284.674814137766 -286.228096460113
18800 337.013737457981 1133.56919027637 382.185698728335 4.03763980965443 -285.88345209721 -286.15385547227
18900 354.281140144587 -10194.2347392466 382.686281430939 4.03235827032018 -288.670534016345 -286.235600172042
19000 287.508667122159 3793.02253966467 380.790329096545 4.05243535340646 -285.331177193771 -286.232667323697
19100 298.988361237327 -3979.98043676896 381.702341372573 4.04275275419362 -287.320863011471 -286.372672939196
19200 274.239266825159 1939.89496883329 382.607644760062 4.03318703376623 -285.977809449707 -286.441065929319
19300 255.280912891821 21072.6655780241 378.382078270828 4.07822748613802 -281.62509211 -286.601771643197
19400 280.085219693249 -18436.2624347854 384.435086935788 4.01401496457025 -291.080210531121 -286.656511798873
19500 269.854750731192 13597.5005061721 377.802356149639 4.08448535788094 -283.523628805603 -286.729996973516
19600 277.123486610871 -6258.47549630753 382.606516168557 4.03319893063791 -288.095339423367 -286.600789037583
19700 257.142522064792 920.51829490927 381.038633131037 4.0497945816834 -286.188958968337 -286.407881810399
19800 302.576335265033 5149.85083813536 380.646876241015 4.05396257840049 -284.879935711624 -286.103443006009
19900 328.043601917784 -11689.694926169 383.689501343072 4.02181500005743 -288.818639105768 -286.019188972107
20000 352.612662119321 14237.8215240422 379.296838357908 4.06839191844254 -282.622013441878 -285.992653748469
20100 314.001242798837 -8576.39668398151 384.333197045338 4.01507911293982 -288.16886961177 -286.111546990521
20200 305.357301035167 11030.4600964465 379.364546634008 4.06766579944765 -283.633710533846 -286.245511102419
20300 304.393644795352 -7110.25948403494 382.057496526191 4.03899466938044 -288.095143806272 -286.399620286783
20400 256.172887675043 -1039.20496200189 381.908701409365 4.04056829857891 -286.78459692235 -286.536883004729
20500 245.841214027564 13437.7585804259 379.131131648619 4.0701700890559 -283.389905413471 -286.569750216723
20600 237.984565938146 -16530.1241923833 384.663072676131 4.011635900297 -290.594351426844 -286.62566984678
20700 307.523360749128 20332.3761517451 376.197600811637 4.10190864730891 -281.810880375765 -286.585005528073
20800 308.322993846514 -26320.4292204065 386.568204335789 3.991865276446 -292.807114740873 -286.456602758529
20900 379.068291082951 18184.4637929821 377.598748135529 4.08668778560742 -281.954478590185 -286.240167940732
21000 322.271003963449 -21365.8004312352 385.90066899615 3.9987704501272 -291.249492894784 -286.103320372561
21100 342.693933777739 8795.17846746765 379.577271741301 4.06538617232549 -283.940578050775 -286.024274726615
21200 336.935105665219 -1369.31597888471 381.594392817972 4.04389640128235 -286.302960459368 -285.976827040523
21300 396.292007825891 -22228.0831157488 385.152508204109 4.00653808295686 -291.322781726964 -285.979299305021
21400 367.480424463557 19571.1851773571 377.694689946215 4.08564968728013 -281.451518855206 -286.065200754449
21500 303.535982031224 -27349.7203248926 387.396015319948 3.98333521988258 -292.894211254668 -286.281224062571
21600 305.703778148273 29083.4626663856 375.829350822716 4.10592783264029 -279.638561677614 -286.460793119396
21700 239.128008715059 -21777.6487644522 385.712520337066 4.0007210305686 -291.796948040647 -286.554135034744
21800 305.685647320865 14507.0113441201 377.895955990241 4.08347368476727 -283.134982119685 -286.556665636106
21900 253.274757948448 -7554.75768699458 383.162501483328 4.02734658504485 -288.327705953811 -286.520976262389
22000 288.620865543443 2232.73058630532 381.818739110459 4.04152031789016 -285.883574787876 -286.415662468126
22100 329.438807653298 7309.94661292104 379.164971430815 4.06980683379844 -284.578880223776 -286.30882427092
22200 269.744280961914 -17739.3359282267 384.399930348826 4.0143820797933 -290.504688048593 -286.248602969799
22300 287.133013726298 23947.4296236944 377.163701321135 4.09140165519859 -280.57528521383 -286.2126798417
22400 280.42452525154 -12853.5769947265 384.394626555997 4.01443746935761 -289.337854670258 -286.254020942328
22500 247.062833898805 13176.8780307959 379.346279657342 4.0678616731394 -283.261998802163 -286.381879575899
22600 293.480865060387 1990.68350298402 381.581717026785 4.04403073577501 -285.795652528393 -286.269762858388
22700 272.422125654442 -5748.4598631562 382.461217143362 4.03473116409524 -287.720833899815 -286.348598721006
22800 260.588454963373 11597.6261880678 379.560452510787 4.06556631929999 -283.505168446344 -286.252681123002
22900 254.090151322874 -6313.6467488075 383.461866591175 4.02420247307489 -287.74389900258 -286.232802836025
23000 315.73101021575 11825.2530190516 380.029334210269 4.06055020745401 -283.350198116875 -286.155096972712
23100 295.542280057423 -2618.70057577899 382.567895317946 4.03360608862291 -286.586185422699 -285.960891787607
23200 283.870995768912 7418.37414938347 380.695345541072 4.05344643673779 -284.085945136626 -285.848635146218
23300 369.243747885593 -7992.62444749105 383.374684725662 4.02511760256252 -287.724388637347 -285.811884067665
23400 297.64079196673 633.748948692353 381.34506367581 4.0465403616132 -285.884095256882 -286.034938209074
23500 322.497709685233 7483.75561861137 379.268878494639 4.06869184202767 -284.4530941054 -286.22465647721
23600 302.835396616344 -16530.5384439259 383.563333241443 4.0231379230787 -290.428445925492 -286.471011506858
23700 296.117800851916 13472.6476101748 378.384471164961 4.07820169552723 -283.357028433622 -286.538850561938
23800 257.835690488115 -12506.7475119103 383.40337689433 4.02481638102896 -289.571507700022 -286.578623189463
23900 310.7596458773 7000.02424535904 379.280546318706 4.06856667668224 -284.891178645327 -286.548282603614
24000 273.808619794175 -6699.77179937821 382.923145890391 4.02986397773884 -288.057418750312 -286.456160902524
24100 339.175167912698 2214.95770040131 380.67143867201 4.05370100065661 -285.732805565608 -286.259071638297
24200 373.445064768096 -4932.02942666754 382.425717826447 4.03510569486967 -287.261456766478 -286.084223862467
24300 326.753599018744 1116.18371459478 382.132722029456 4.03819956498562 -285.711636135712 -285.977855444972
24400 273.75854071208 7161.23413940676 381.01455775661 4.05005047825983 -284.279227109518 -285.982244510296
24500 344.608856160431 -9810.53184368573 384.08047807228 4.01772097246692 -288.405100682076 -286.053278794372
24600 367.387186505663 7337.14670272182 379.47643171387 4.06646648619711 -284.385295215096 -286.123102659975
24700 293.977678405002 -9691.39712031947 383.783423432174 4.02083075414235 -288.536640952918 -286.215175393614
24800 311.00069993217 10541.7427666788 379.89362774571 4.06200072642189 -283.837584905747 -286.337147783118
24900 247.595462804456 -1194.39699534043 381.64418318545 4.04336882324832 -286.746525575406 -286.462015931378
25000 230.903815884359 4525.74096822349 380.482057618905 4.05571868887372 -285.43560620138 -286.510371207507
25100 253.81164065868 -1083.66888675041 380.893088730982 4.05134206295879 -286.908531005232 -286.650905213419
25200 279.965994213659 -8017.41452375614 382.388742106396 4.03549587617503 -288.35722327745 -286.44372057991
25300 285.381600840132 8783.59826606625 379.848089615485 4.06248769982813 -284.227805105159 -286.310242977213
25400 301.883922975948 -9175.9871213588 384.482436793771 4.01352062979622 -288.157475015344 -285.955466754451
25500 346.087757976798 13938.6390688713 379.066066797142 4.07086871400685 -282.52431047458 -285.822115109925
25600 338.652699872427 -6433.77079854044 383.834245392558 4.02029837199106 -287.422923645698 -285.881581877493
25700 328.481502046924 7561.95891668066 380.763679719762 4.05271898044962 -284.16180435842 -285.958934264523
25800 305.159906747387 -1713.36770600422 381.299511487029 4.04702378413253 -286.651294736326 -286.2435330014
25900 296.649443152418 -6701.51329439636 382.4658370239 4.03468242777901 -287.924230421139 -286.324469164206
26000 233.293138428202 15543.7113862788 379.112043602048 4.07037501949142 -282.830193926844 -286.508195812911
26100 259.441909359496 -8178.24350059714 383.855530982944 4.02007543805507 -288.433186054219 -286.473811415139
26200 322.000067386141 10988.6003837721 379.355605120744 4.06776167542051 -283.834213276619 -286.436040945428
26300 243.64020071272 -4917.90899231534 382.596690801422 4.03330250618149 -287.57790191259 -286.403514629964
26400 302.724665345042 1478.01873224817 381.531935465981 4.04455839320877 -285.980930730496 -286.332896539238
26500 325.755563796541 -329.431373171215 380.746831781961 4.05289831209891 -286.386201855105 -286.30791463043
26600 344.390590562575 -6139.25652437644 381.787044190238 4.04185583389573 -287.726354220213 -286.263413899988
26700 284.134043383221 898.38435237435 381.361140544846 4.04636977344223 -286.035674276864 -286.249513938892
26800 326.001533955989 4758.04635178419 381.046117191531 4.04971504037259 -285.098659095094 -286.230266684997
26900 298.243432591091 -6777.61011370521 384.132338709851 4.01717855114433 -287.865179239854 -286.240202700852
27000 331.969083738194 13895.979128703 379.335592710073 4.06797627620863 -282.979403427391 -286.269452606787
27100 284.989312244496 -12694.8698433971 384.467867790438 4.01367271791679 -289.380748960457 -286.334411967892
27200 292.776060694966 19221.0717708649 378.031573535793 4.08200875242504 -281.861906108637 -286.397094339512
27300 338.255650724974 -15817.0079633598 383.736218296702 4.02132537479948 -290.25276604215 -286.464445079617
27400 262.968719162238 -2505.97020374136 382.006711687707 4.03953162249054 -287.063117763637 -286.465619649591
27500 272.506829318797 23997.7808277089 377.146665614332 4.09158646372367 -280.772063092386 -286.421055585606
27600 280.957700807053 -33782.1684975858 388.055510875884 3.97656559079167 -294.527194355446 -286.344976818973
27700 379.488075033231 26839.4079442712 375.480641522128 4.10974101250751 -279.911796340584 -286.201788805827
27800 326.809472441836 -21898.4198673257 386.083915083509 3.99687252325015 -291.305297908537 -286.028333930773
27900 354.340939470157 9737.08036396258 380.151074096515 4.05924985358411 -283.605397025704 -285.915730224901
28000 344.607664702358 5283.31694082163 382.05418020417 4.03902972882399 -284.602064701984 -285.861921729337
28100 315.970966330067 -14397.3931826938 383.873167756424 4.0198907386131 -289.418487217882 -285.968946590819
28200 297.452403056285 20475.5970177054 376.920982866259 4.09403631533471 -281.456556602586 -286.273555324442
28300 290.882522737217 -24546.7636796677 385.751640515188 4.00031530599638 -292.441822220957 -286.53176527107
28400 289.815994951186 19770.1000947672 377.521470390091 4.08752432085946 -281.931726163257 -286.59016252001
28500 226.261544387571 -1110.00313535067 381.805486122489 4.04166060455994 -286.847618096336 -286.583099619945
28600 311.424757282267 -10873.3520582982 382.705136459361 4.03215960502266 -289.065643660851 -286.468371959986
28700 239.660045287334 21262.6539843391 377.702182228505 4.08556864236635 -281.363234655034 -286.375760309888
28800 299.126505315076 -15452.2633857949 384.265858158055 4.01578271684862 -289.902575807193 -286.196506438165
28900 324.302073425762 5328.84002791758 380.527185143719 4.0552377126047 -284.826897230075 -286.092530882737
29000 361.674988567597 2132.70906760458 380.734113383048 4.05303369891002 -285.501579497592 -286.008387015963
29100 294.745943459108 -4802.02114536601 384.075348896007 4.01777462756127 -287.074741523078 -285.92359622366
29200 338.788964292831 17132.4853980259 377.946933013404 4.08292291079762 -282.000014288069 -286.041498051612
29300 295.955451548643 -24926.5632359298 386.750377646834 3.98998496460486 -292.231392443403 -286.214353905556
29400 262.379508264091 31540.0777864182 375.15818530518 4.11327341987975 -279.063329837097 -286.448607518262
29500 246.851588669137 -24539.6285820062 385.9113337544 3.99865994308472 -292.514745738666 -286.603960755913
29600 241.241188117287 16524.4606684197 377.775882744788 4.08477158640803 -282.765904800795 -286.662193827562
29700 269.519815438382 6409.96917863559 379.227176666762 4.06913925692121 -285.114636562089 -286.631844256831
29800 285.157535045611 -27226.4370340132 386.66640688849 3.99085145328164 -293.052547863783 -286.48176831464
29900 289.562833983678 42231.2034442079 373.533337490179 4.1311659147604 -276.379195014744 -286.225028085409
30000 289.745612377733 -35618.0092351896 388.876238154499 3.96817300843422 -294.708403963899 -286.063290618438
30100 311.295958520021 24957.6912183707 377.179357280084 4.09123182931835 -280.056240459611 -285.931701704324
30200 348.025658482658 -9749.41297208402 383.002262609534 4.02903152934979 -288.379050935706 -286.04844177534
30300 325.340774431499 -16956.8288971844 385.154659337458 4.00651570597797 -290.10948027676 -286.033149324872
30400 358.922090366034 28956.1943226415 375.594519475204 4.10849496425624 -279.374629643092 -286.162763093085
30500 327.55977497478 -33549.6074263789 387.426940945061 3.98301725765876 -294.319422964954 -286.206695200498
30600 268.775965837033 20839.2903998247 376.815642307162 4.09518082215981 -281.426718379627 -286.327907853593
30700 275.166512695941 -7564.12850413009 382.079653011004 4.03876045140168 -288.206808210494 -286.402949775304
30800 247.701225557146 -1098.45230810085 381.132343386376 4.04879884544924 -286.707458922653 -286.44615456431
30900 252.611094954895 11904.1659071759 378.873176861916 4.07294125344885 -283.658299087024 -286.47332549338
31000 255.10683718144 -14076.6109861403 383.949733682579 4.01908910592412 -289.81637448556 -286.443018903774
31100 324.538752497348 17282.0546660823 377.311614703547 4.08979774735679 -282.37676965083 -286.446683266125
31200 279.207021156332 -13518.4646518077 384.009093989287 4.01846783323618 -289.632804951267 -286.392704148972
31300 301.350518718468 3247.47638033526 379.893916625225 4.06199763758907 -285.564035506929 -286.334048374596
31400 268.712559692839 -2924.57649193205 382.161273908438 4.03789786464821 -287.009301710784 -286.311713225495
31500 335.862257567451 -377.887638383774 380.618346908329 4.0542664440655 -286.316864034071 -286.227091797218
31600 363.763527746508 -5414.58152580906 381.784496569701 4.04188280490954 -287.490950317156 -286.200703404929
31700 366.380615323933 -2934.0969227629 381.291558918204 4.04710819259746 -286.828179960403 -286.129913327671
31800 335.491837598207 3081.52339185409 381.165631025318 4.04844525912574 -285.38704366483 -286.120153161927
31900 294.31473193497 514.557859864035 380.860593698632 4.0516877235327 -286.076092396054 -286.19841026303
32000 272.988551103454 5154.30473977942 380.318790269538 4.05745977150506 -285.120400588136 -286.343910571783
32100 272.62472714733 3082.26423442189 380.58341981879 4.05463851420763 -285.821993826352 -286.554159516662
32200 251.883970209117 -1580.13812974977 381.073917245886 4.04941960609291 -287.017942837996 -286.64211069535
32300 282.894366640656 809.747569579307 379.777993718819 4.06323751609638 -286.5268050016 -286.718746593175
32400 254.764322676778 -4320.60712231449 381.233200694396 4.04772771378619 -287.664211394444 -286.636135597437
32500 300.646990967599 -309.061717687027 380.328664353799 4.05735443182539 -286.572497662539 -286.499131819081
32600 322.318808039992 -7230.21618738577 382.273125683459 4.03671638990366 -287.902850618117 -286.177748957146
32700 309.271365019259 11587.8442847805 380.015899149823 4.06069376391469 -283.22780460547 -285.976293966716
32800 360.437399255237 3740.85070706297 381.511117245591 4.04477909584155 -285.071031727136 -285.961805079947
32900 320.76799615225 -8262.65617371198 384.491907055572 4.01342177442264 -288.047014948468 -286.064134517021
33000 309.960024752549 17530.1522146035 378.314528433983 4.07895567282027 -281.980650737101 -286.119964519598
33100 304.22022364742 -22879.7389116265 386.484873468503 3.99272597143929 -291.708939912529 -286.189777074819
33200 303.782353520824 16998.4686620203 377.562075635097 4.08708472446663 -282.237426613821 -286.24321318643
33300 236.645763695085 -7173.78058934151 383.6637649287 4.02208478601803 -288.052940660178 -286.335077697091
33400 276.477923117135 3334.81440660462 380.670976556144 4.0537059216505 -285.628019520939 -286.420358602679
33500 264.356885239024 7753.64482738088 380.203908850845 4.05868576293752 -284.718677215356 -286.558653067711
33600 228.34436829218 -8029.55740087427 382.434565713027 4.03501233992552 -288.682017021849 -286.765386552315
33700 210.325864588571 13371.3002435025 377.969225602629 4.08268210038999 -283.898501663155 -287.052923163119
33800 243.370963832573 -11986.8658928442 382.884051804861 4.03027544394192 -289.886267702005 -287.021677077006
33900 224.702795823878 11011.0240558166 378.110307226152 4.08115875810589 -284.384836545751 -286.983415222082
34000 273.908402074851 -8563.80198941718 381.433068080553 4.04560674204637 -288.797269915527 -286.758470028462
34100 295.182225922827 -6364.29080337189 383.102569072818 4.02797662151102 -288.071654094751 -286.549864106508
34200 282.180690735223 17316.5718382451 377.507183601949 4.08767901352899 -282.356392266472 -286.436548394275
34300 235.751084320155 -15886.0101146985 385.655015524557 4.00131757593559 -290.152297874486 -286.328424863362
34400 282.210240182476 32649.1385691682 375.156872595063 4.11328781262056 -278.581024213878 -286.225967650841
34500 340.468058578957 -30621.7524833773 386.745519969728 3.99003508039836 -293.536484429652 -286.144773474855
34600 347.599407240089 16208.8130554265 378.019676854386 4.08213721758335 -282.257929249087 -286.082258387235
34700 375.211730098076 -10540.2122407557 382.742277991082 4.03176832192569 -288.60897758042 -286.091037238931
34800 337.345179320114 -13635.4917380478 384.242096074665 4.01603105862264 -289.351382630175 -286.081249828679
34900 302.27327899568 30462.7160187086 376.057288127324 4.10343913170924 -279.013998812251 -286.164101422662
35000 260.864567096808 -34474.3383992591 387.478326550203 3.98248904810986 -294.752157574742 -286.414712260901
35100 267.324346293737 36186.8431773822 374.190582805793 4.12390974752834 -278.15766885256 -286.609157148916
35200 279.772485113363 -26160.9856270489 385.588671528644 4.00200603858115 -293.089143687482 -286.793095971257
35300 272.861215159655 8554.47200305806 379.572937326204 4.0654325957384 -284.677044879305 -286.703691797091
35400 263.415169938138 -5705.17887674243 381.48550692163 4.04505063460545 -287.983687980973 -286.625258959032
35500 304.08682067083 -12692.94022445 382.379950466099 4.0355886598791 -289.355254110065 -286.325921290432
35600 368.605678494851 13828.9517008949 377.393866355408 4.08890639047348 -283.045152189165 -286.302572048989
35700 318.262444958191 -22786.1374846806 385.286371727838 4.00514605524685 -291.681699565336 -286.202160802182
35800 310.912238429572 18876.3136697968 377.303035821725 4.08989073863494 -281.878369967013 -286.323629557787
35900 273.223481295732 -9916.31235489973 383.665447046586 4.02206715185052 -288.580702684424 -286.206091389915
36000 270.619892219945 10232.438763693 379.449980255673 4.06674995957665 -283.853072251449 -286.276462362869
36100 296.957648758273 -1166.65274856622 382.27353010688 4.03671211928975 -286.439264733519 -286.160905598553
36200 288.348057105742 6238.29678122252 380.907118541827 4.05119284137681 -284.664012958887 -286.147127741524
36300 287.651906898533 6183.10129123137 379.854614989675 4.06241791193735 -284.634015877804 -286.099946479346
36400 291.954914749328 -12308.8875313472 383.457351969547 4.02424985188097 -289.093492002856 -286.14754103025
36500 335.837054387924 9725.85005904948 379.043954811306 4.07110619303852 -283.956703993746 -286.257651904469
36600 315.740984087448 -6355.37227318717 381.658702052121 4.04321500746335 -287.962599207516 -286.448669167447
36700 298.813883886256 -5726.81911284701 381.321947844147 4.04678566390001 -287.949554226655 -286.586557191645
36800 274.594258100485 15945.1693794338 377.586907107817 4.08681594307901 -282.9124329136 -286.670250600534
36900 290.863497572211 -25138.0735998964 385.136314141091 4.00670654832307 -292.67514702312 -286.632376447673
37000 277.650515772977 19293.2594893677 377.232351568328 4.09065708561482 -281.992250931826 -286.534847609902
37100 296.745422856179 -8699.89348299207 383.119359718616 4.02780009081107 -288.36414351714 -286.283787438503
37200 347.407128931913 -45.8986967073329 381.196218288314 4.04812041104509 -286.046654234148 -286.0357338333
37300 366.57049248927 6446.77637558644 379.888169605825 4.06205908825032 -284.403063836259 -285.93164328876
37400 303.876229926899 -18879.266491641 385.322256203537 4.00477306208598 -290.531742100082 -285.991292555337
37500 332.84711843693 21237.7200527271 377.146845905355 4.09158450778445 -280.978938578234 -285.978224944067
37600 313.091091694718 -32431.4341907201 388.113366031766 3.97597281341715 -293.950863149974 -286.09462940232
37700 285.781071220881 27188.8004507346 376.073032208963 4.10326734358524 -279.836501419528 -286.218429145738
37800 281.189462029502 -14050.9599722381 383.889543991827 4.01971925523185 -289.731527748289 -286.364847100814
37900 324.942310978728 181.76377912916 380.349351941928 4.05713374819087 -286.391553672565 -286.434703559983
38000 254.398899108818 20776.1786559446 377.821112896931 4.08428258557134 -281.546416815146 -286.445801459431
38100 293.804402934683 -23993.8755396335 385.522066319375 4.00269745023559 -292.20869578162 -286.435194249767
38200 328.593504510891 18501.99807464 377.109929289341 4.09198504736835 -282.03841483374 -286.393295326394
38300 281.834662425325 -15562.2358576307 383.495684450201 4.02384760620821 -290.114146024574 -286.389181707723
38400 304.156541646019 1965.91832615543 380.809510770771 4.05223122905407 -285.884093932583 -286.351358554177
38500 306.384704612552 11785.5554113982 379.03715742185 4.07117920143299 -283.487195150116 -286.27537948672
38600 263.863857640773 -16316.7004985537 384.671286090947 4.01155024474918 -290.184477859375 -286.266953063862
38700 271.187319600082 26365.7642503623 376.443542490353 4.09922874930353 -280.048052574618 -286.242889220189
38800 299.949479341993 -18102.8887865106 385.666536445359 4.00119804556793 -290.506903637938 -286.149282353423
38900 352.633897183035 23890.8713716593 377.196484204566 4.09104606348671 -280.54138536764 -286.165954624506
39000 301.460936845692 -11710.2436613933 384.710569566968 4.0111406182655 -288.864384802557 -286.05255070766
39100 365.047045138331 -1227.72710637083 381.557546094975 4.04428691729245 -286.375879981493 -286.08349737447
39200 302.830201590152 1081.89582391565 381.348664314349 4.04650215476854 -285.762254029483 -286.019765937427
39300 309.894710760573 -11720.2186096703 382.695578227148 4.03226031253019 -288.910157418534 -286.110668200101
39400 318.628758930213 5641.65055328152 380.550372594727 4.05499062146367 -284.944064351393 -286.284074156868
39500 270.431079924869 350.094344140635 381.080715363149 4.04934736830124 -286.370139371589 -286.453409974491
39600 282.011462780435 -717.576754112352 381.099465487611 4.04914814008387 -286.788639548577 -286.617954160645
39700 261.887796632654 5811.7801965847 380.351876538444 4.05710681884897 -285.251652618352 -286.631351736271
39800 255.575014552635 4220.70458952102 379.346881161556 4.0678552230114 -285.631546892028 -286.630881935538
39900 245.820271999932 -8110.35533788375 382.511578441949 4.03419995324483 -288.387491656454 -286.451185124671
40000 349.416086301271 9646.46631170361 379.09887005144 4.0705164635725 -283.791521554967 -286.07401944378
