# step temp[K] press[bars] vol[A^3] density[gcc] enthalpy[eV] etotal[eV]
0 305.750008455293 669654.581485882 308.210420505909 5.00673594790588 -146.154290297213 -274.97562811703
100 287.901329318714 686895.705631149 307.163593077777 5.0237991306326 -142.816622756597 -274.505829914084
200 297.95434327251 715613.02690805 305.302845266669 5.05441798460235 -137.248708438941 -273.612394477852
300 293.738568671553 725828.031607723 304.809273334777 5.06260250872117 -135.121947917775 -273.208553781962
400 336.435868419232 704007.011799678 306.345797585084 5.03721025073809 -139.010582740265 -273.620964015526
500 384.929584546816 676514.534983438 308.153925319925 5.0076538543653 -144.085558253678 -274.202689225909
600 336.680974205789 673307.541717727 308.305073812161 5.00519882071838 -144.700775919446 -274.264610707665
700 384.559164399568 702054.022583045 306.593466679923 5.03314114477564 -139.352393918743 -273.69787744089
800 328.705092734672 734514.398039944 304.129198902247 5.07392317947778 -133.49513236793 -272.922514718161
900 331.685852379293 725018.900126838 304.670430582511 5.06490961041331 -135.482453501677 -273.352295233909
1000 273.13729765544 679993.02938284 307.555803915101 5.01739252591733 -144.125074534337 -274.657386553958
1100 282.514847049089 648275.840396287 309.765774118632 4.98159680893327 -150.21639915246 -275.55444245965
1200 308.348935449454 673349.556690956 308.143196719057 5.00782820551133 -145.33060713843 -274.834494449292
1300 299.683270191754 735145.321222798 304.28985238145 5.07124434084543 -133.461002571019 -273.081862865624
1400 323.758194388912 762934.3277305 302.582286230479 5.09986295328176 -128.14675595674 -272.232262845905
1500 321.90344488638 714016.972312183 305.606199965725 5.04940080416951 -137.33398224249 -273.528723345832
1600 328.942375997739 648435.903807221 309.892578633983 4.9795583962297 -149.860933808167 -275.281244435415
1700 345.824298673429 643235.039404165 310.21886378839 4.97432094561064 -150.83057417917 -275.375930494683
1800 276.1080865669 709172.141691242 306.139445019988 5.04060557033208 -138.247034848534 -273.753682138013
1900 262.997093196784 768068.256715802 302.331845932898 5.10408748739164 -127.264704563264 -272.199731294308
2000 292.334925222135 748417.162597074 303.458253368607 5.08514161251597 -131.170213787959 -272.923238472067
2100 242.282079368325 681612.563072414 307.569277806646 5.01717272567194 -144.061836739612 -274.910768656988
2200 259.450572863844 646231.253508838 309.770071663674 4.98152769755478 -150.963121688944 -275.907596726956
2300 265.158409998634 678187.695939317 307.613152848739 5.01645712342123 -144.738183600762 -274.948216871825
2400 282.867587519166 729464.350928424 304.553920914653 5.06684723424907 -134.786673934652 -273.448817738855
2500 286.220865946795 740291.600344549 303.880905496035 5.07806895384631 -132.495936424812 -272.905237050437
2600 340.83195870945 703278.270593829 306.301599662397 5.03793709718443 -139.392099891642 -273.843740700687
2700 332.123657680916 672435.893316045 308.33015593902 5.00479165641947 -145.280228022651 -274.68685946752
2800 372.521471552159 675808.847314974 307.842618534743 5.01271785957071 -144.644051485654 -274.4941430245
2900 338.777890353992 703606.066557693 306.131601770804 5.04073471324087 -139.378529656593 -273.818182323426
3000 317.299130650569 718718.58604607 305.224070053887 5.05572247822292 -136.602769868628 -273.522898241723
3100 297.732070586994 714389.890855169 305.446887842855 5.05203442328089 -137.566838639582 -273.76167664158
3200 293.754129897675 688935.600249544 306.81054750788 5.02957999456159 -142.550953393062 -274.479432377889
3300 225.55856842286 677051.305085741 307.847822452567 5.0126331236398 -144.930463506019 -275.021480294316
3400 273.883808922445 685060.06023313 307.295571272411 5.02164149478799 -143.4282391758 -274.821954266024
3500 252.393792968395 715768.995257474 305.579313088739 5.04984508364937 -137.467383403053 -273.984301421134
3600 252.490080363753 732640.823972103 304.577546736335 5.0664542032114 -133.9858089512 -273.262564542304
3700 323.295138940806 713005.023658801 305.739950816328 5.04719186271195 -137.451664389801 -273.512904125396
3800 356.408232438285 682624.376117406 307.654442270736 5.01578387907095 -143.164181437245 -274.243635988481
3900 383.564171339024 661849.554200794 308.840560388415 4.99652050211733 -147.171690628622 -274.751883704851
4000 276.985972730106 690805.748756084 307.327140623498 5.02112566021816 -141.715003759284 -274.22434682572
4100 327.375128415722 734278.372201708 304.353661610921 5.07018112973722 -133.59089677994 -273.07634749108
4200 307.340047388209 746869.036798176 303.537000447142 5.08382236627802 -131.409501428062 -272.906013926257
4300 286.172615439722 696997.114400027 306.498117333452 5.03470691856579 -141.026875121818 -274.363185665916
4400 247.984708102097 652276.973566835 309.360441975185 4.98812382738289 -149.644040746824 -275.590647024517
4500 270.974388611251 658893.683357663 308.885852027027 4.99578786706975 -148.335085307704 -275.364121608734
4600 304.552300455131 714313.518843205 305.37661459223 5.05319699717892 -137.628452171902 -273.777399645417
4700 284.843336465244 754776.559387635 303.018356596863 5.09252379689692 -129.864664323231 -272.614949715306
4800 275.753874981187 729995.349704257 304.521513584573 5.0673864506376 -134.521133246243 -273.269447680789
4900 283.619780639 666206.33874271 308.549749140922 5.0012297730352 -146.704157461662 -275.003254780312
5000 307.835566386362 638649.002960978 310.313826975679 4.97279868868706 -151.98026910762 -275.67551504527
5100 293.450466103304 683945.185249905 307.449666543897 5.01912462359362 -143.211598166043 -274.457262510382
5200 314.910800681419 749910.556672038 303.36672826295 5.08667578907526 -130.598360507479 -272.591400642223
5300 304.829402838856 758615.944194555 303.000494563989 5.0928240037583 -128.928744676874 -272.396712329051
5400 329.623885272498 694277.625201272 306.858535264217 5.02879344886864 -141.179000918009 -274.151251563291
5500 266.578389154961 641448.289299103 310.23585990421 4.97404842993516 -151.370960443272 -275.577164700288
5600 288.948454270085 656429.064338073 309.234011913055 4.99016321755703 -148.6347112098 -275.331235033233
5700 227.186622746535 725319.569439158 304.962210509451 5.06006363637078 -135.596942172966 -273.656050655663
5800 272.04420832807 761009.569642296 302.572753653331 5.10002362484409 -128.888295412425 -272.605770386753
5900 242.511234341219 727328.266815817 304.603667107643 5.06601974466971 -135.292760368783 -273.571443936508
6000 234.954549832885 665118.527404107 308.520751733482 5.00169983119697 -147.124134049882 -275.2017010761
6100 292.908363520498 647413.600360529 309.745291911948 4.98192622183517 -150.360984782676 -275.524045551223
6200 254.733045430733 690764.7919157 307.104991306068 5.02475777193801 -141.77840215509 -274.184111148955
6300 278.251607033974 747082.912527444 303.757327773167 5.08013486679888 -130.933199780503 -272.572968641381
6400 300.852310409592 750989.800318087 303.438365688975 5.08547489821321 -130.158172802582 -272.389142772251
6500 363.557866995119 700062.782051383 306.494665846371 5.03476361523241 -139.932760404237 -273.854028414547
6600 354.605443409314 655374.316278031 309.239528340426 4.99007419959382 -148.613508210319 -275.108712984729
6700 323.037911563479 661311.004131399 308.858963404311 4.9962227900315 -147.576684146746 -275.060660614936
6800 287.430176778248 706250.943424185 306.022517434937 5.04253152611296 -139.039304865517 -273.936235164687
6900 305.718106721118 739631.859642486 304.083583836526 5.07468431013921 -132.740446438805 -273.118180477321
7000 301.421223025903 727211.692361046 304.612183705819 5.06587810471957 -135.128431726184 -273.388817911165
7100 255.362512256001 688709.193504131 307.071721766494 5.02530217692777 -142.470387480647 -274.467778433346
7200 340.634712437468 667672.312053366 308.405206983796 5.00357373002201 -146.510875998611 -275.03205802579
7300 285.745864689252 681276.408575295 307.667324424322 5.0155738661994 -143.873337757595 -274.699429526993
7400 308.570325910312 712512.731717521 305.657963427017 5.04854568343212 -137.848142083772 -273.778977726785
7500 311.315486941605 725818.311547434 304.684438467749 5.06467675089177 -135.270468270434 -273.298672206417
7600 313.50043127025 709105.891050729 305.897158295033 5.04459799648678 -138.415170112384 -273.80192494413
7700 331.398654162238 681884.623473848 307.913030426128 5.01157157828153 -143.540568371762 -274.588028383073
7800 308.345271523867 681457.515857451 307.706537579992 5.01493469720306 -143.52989360054 -274.407442180462
7900 372.91497983374 704200.077920869 306.177749683954 5.0399749604894 -138.970955656708 -273.544390721494
8000 361.928179117744 716001.201777649 305.550220679615 5.05032589547422 -136.539848838666 -273.088053864785
8100 363.742559184626 704015.059669064 306.632783253463 5.03249579348001 -138.777181375678 -273.515206305315
8200 308.921934824899 689048.235112431 307.461822865198 5.0189261791461 -141.779547764538 -274.009689955311
8300 350.25552712119 685138.754376803 307.430066629798 5.01944461315272 -142.836137833914 -274.302460619648
8400 339.196726648043 696968.922484259 306.367341056217 5.03685603872171 -140.798273890582 -274.072301802188
8500 286.731179862214 712020.078816128 305.799461667876 5.04620964160522 -138.016829721114 -273.916561616252
8600 246.043101357684 715933.366993821 305.479797183054 5.05149016758521 -137.329979511651 -273.83377902803
8700 288.343006098987 699289.246405022 306.215767414604 5.03934923042935 -140.513404906313 -274.164967785118
8800 299.052512500719 673452.860596024 308.017114636207 5.00987808319898 -145.406024941863 -274.876783603151
8900 339.760564557434 672757.017542614 308.104247914843 5.00846126695606 -145.40166079198 -274.775231631023
9000 306.087355191422 704537.07460097 306.069950213439 5.04175006657796 -139.078642448309 -273.66907449287
9100 405.319790718998 730494.765636374 304.651751436133 5.0652201557739 -133.907624255249 -272.810241891976
9200 379.24202685352 715659.793876886 305.596918471965 5.04955416298703 -136.652104468528 -273.156058735151
9300 336.275641492077 681026.91092004 307.818518216516 5.01311032489834 -143.356102818102 -274.19855031685
9400 291.539811083448 672945.128176852 308.487140356202 5.0022447940109 -145.10458128198 -274.675148699437
9500 307.209937601233 704137.662814235 306.033451016885 5.04235137282748 -139.291200846117 -273.789290751945
9600 365.894248965486 727354.268292913 304.57138055697 5.06655677576863 -134.880311651344 -273.149281173726
9700 271.964911800328 717407.363864381 305.340595121999 5.05379309701537 -136.828108632058 -273.550617935655
9800 282.188421828998 680462.408470653 307.696237892617 5.01510256490252 -143.932906212474 -274.614964720865
9900 265.588720562865 669238.582319271 308.4780235835 5.00239263056748 -146.131776657465 -274.984868173707
10000 287.497115065256 695400.793707902 306.691201033763 5.03153721614674 -141.166991199816 -274.281728946943
10100 269.751556597889 738233.31980759 303.987333261173 5.07629109184077 -133.069693440038 -273.137643639564
10200 279.11960905134 737551.835931587 303.942945378976 5.07703243430128 -133.203799947268 -273.122015813446
10300 252.803683874056 690866.973533577 306.903389116845 5.0280584919791 -142.081358535322 -274.419721759569
10400 289.979484986509 652184.285444606 309.387692574733 4.98768447776369 -149.408716271875 -275.348518289448
10500 338.859187346378 671273.484001696 308.180059854018 5.00722919126268 -145.500160794088 -274.620206231066
10600 316.181053138387 718497.999723478 305.267234067176 5.0550076118767 -136.269061555959 -273.166523888221
10700 382.019071618379 736580.830509136 304.314604296974 5.07083186306831 -132.706074529429 -272.610950159002
10800 355.01254003619 710524.069433838 305.929409479962 5.04406619320851 -137.78454858183 -273.456373117512
10900 341.885329454996 676482.568765565 308.062138923245 5.00914587316619 -144.521011279646 -274.593239325813
11000 281.849198841499 667788.847188053 308.453618752533 5.00278841955862 -146.458844738734 -275.022636853858
11100 303.568290910618 693737.864065432 306.708334689634 5.0312561392492 -141.597589746371 -274.401425652497
11200 243.936887040151 728686.911629146 304.526794764018 5.06729857076094 -134.94013874018 -273.44216369493
11300 334.013007808854 731068.597165646 304.400371982804 5.06940310819756 -134.449893571206 -273.34692078523
11400 274.554494028713 697336.995664886 306.721199261268 5.03104511713803 -140.785401593069 -274.283826766315
11500 294.570576429285 670867.057138262 308.212108643624 5.00670852503848 -145.759902575603 -274.81519099116
11600 307.410632825547 681893.931815314 307.720518061782 5.01470685668189 -143.559753508212 -274.527068258736
11700 357.558115438152 716368.83003303 305.366116355248 5.05337072195306 -136.870783963172 -273.406782029015
11800 331.742025322428 733962.611127646 304.565429737405 5.066655769818 -133.344795791775 -272.867275412016
11900 324.562712699376 709546.558445497 306.112983259787 5.04104130257202 -137.916530702277 -273.483001542079
12000 308.169119616916 675068.700052534 308.355800058764 5.00437543763421 -144.472464445557 -274.396570247463
12100 345.418476116881 673435.191656858 308.368723411355 5.00416571043631 -144.809387464413 -274.424539322843
12200 315.018419464116 705152.93686295 306.242623351969 5.03890730485476 -138.899250483841 -273.683330296055
12300 261.020723763101 727534.402632076 304.644571802552 5.0653395290636 -134.956182153737 -273.292630454829
12400 289.340082962766 714870.826781996 305.600129984511 5.04950109787039 -137.498154786771 -273.853055502586
12500 277.891243844184 690828.782891006 306.809808803001 5.02959210426335 -142.196909539478 -274.487607096457
12600 269.156964919682 680075.316203602 307.597013869776 5.01672032654848 -144.303797121127 -274.869397397234
12700 240.3272190246 693751.393569993 306.75727022276 5.03045352680813 -141.670566194202 -274.498181444311
12800 284.951424828749 706314.373146255 305.984817113968 5.04315281529594 -139.13164528204 -274.024070861946
12900 292.794000992707 711821.050959942 305.874736755917 5.04496778070794 -137.824339186655 -273.719527126119
13000 332.943796491242 703734.445936134 306.18973270166 5.03977771641902 -139.11427827649 -273.603993919015
13100 297.906388622522 696830.812361005 306.965257666451 5.02704509167251 -140.344566863208 -273.85223587865
13200 366.902488041128 691853.552527547 306.960819015188 5.02711778270883 -141.381833472164 -273.933979332763
13300 271.338518922946 695528.723763362 306.914861294046 5.0278705480726 -140.827409977497 -274.063730557569
13400 305.016747791144 704466.105691197 306.390297565116 5.03647864873452 -139.168134435332 -273.885863566464
13500 287.574243081795 711444.332826524 305.81958463133 5.04587760043683 -137.920292915549 -273.71907061159
13600 292.791932620707 707267.208937241 305.952110107834 5.0436919402917 -138.830635311506 -273.890595924103
13700 293.608982762838 694960.546407173 306.599088617429 5.03304885485691 -141.269813742603 -274.26032393515
13800 233.934122950415 692166.588239784 306.864205247159 5.02870053098319 -141.900273437602 -274.470655039654
13900 293.785473232909 695677.927655662 306.480609737552 5.03499452440905 -141.309995535907 -274.386342273525
14000 267.595763866036 705169.249233056 306.026094207892 5.04247258999369 -139.522582031933 -274.214478398097
14100 224.392124133887 710004.613834692 305.791692457196 5.04633785001247 -138.59809564148 -274.109702831405
14200 212.130112053341 705661.968963648 306.2571696728 5.03866797147891 -139.301984465693 -274.189768277615
14300 266.772865343421 703080.196676688 306.403145123882 5.03626746795376 -139.626505109913 -274.084839466992
14400 318.31784285405 702232.595492776 306.453105968634 5.03544640863932 -139.565935237437 -273.884070599662
14500 324.814759557888 700052.661110911 306.634956447392 5.03246012700078 -139.838516495659 -273.819146751205
14600 318.123750465019 700565.970255358 306.568945543395 5.03354372417245 -139.722294400139 -273.77230124069
14700 346.324025804513 698970.362649842 306.345146490824 5.03722095663215 -140.119126390691 -273.766185961663
14800 303.962565646779 692452.191062723 306.88507247964 5.02835859495414 -141.602536632005 -274.236638332392
14900 278.491286760166 687089.310090545 307.218762108146 5.02289697828714 -142.835149671716 -274.585133087249
15000 266.020483148281 696040.335057654 306.590713414374 5.03318634371192 -141.206102520698 -274.399607038151
15100 239.783087198872 710862.847344166 305.639958566474 5.04884308682598 -138.42581323539 -274.033900864136
15200 288.295352523121 716909.489510472 305.287754756596 5.05466782674086 -137.2227006912 -273.826681848301
15300 248.207385061752 704497.025751428 306.128536377685 5.04078518822659 -139.515781834929 -274.124324261882
15400 287.318760988902 687795.658157486 307.194656515172 5.02329112547538 -142.44535214427 -274.32043017738
15500 328.3372634511 683472.267577419 307.515990960398 5.01804210911701 -142.815377100183 -273.998584229997
15600 347.861849204406 699806.856091381 306.561032692108 5.03367364832682 -139.641795692989 -273.543093389211
15700 329.068713700383 714604.871694612 305.846215378777 5.0454382440372 -136.867794533338 -273.28172614389
15800 377.731615564217 707160.365404385 305.995262506403 5.04298066325072 -138.454238431654 -273.51284255301
15900 301.770758400954 698842.562801217 306.598743421928 5.03305452150054 -140.276380325129 -274.009618582345
16000 280.076479785375 694492.085297523 306.856136387873 5.02883276192845 -141.277681008998 -274.289966513344
16100 276.770088895359 699323.311251948 306.474460651549 5.03509554625044 -140.518924407633 -274.289913207554
16200 253.560000479854 702700.121996515 306.048647615 5.04210099894749 -139.950699661767 -274.180868445249
16300 313.750088955152 695621.87446078 306.526071817147 5.03424776469471 -141.201201232507 -274.286563955368
16400 265.985075832899 690212.823368611 307.031383799556 5.02596240413503 -142.097853079879 -274.366050918921
16500 318.440311153091 692828.829222582 306.994251773865 5.02657031182071 -141.339260043081 -274.092716378603
16600 303.512730580048 710391.849265331 306.108462986151 5.04111574313428 -137.714993278367 -273.440961732217
16700 377.21211067574 720969.342260571 305.344364031529 5.05373071731817 -135.625880892916 -273.028923128764
16800 367.149463058751 719046.687929638 305.432507111622 5.05227228908603 -136.088568072077 -273.164747022809
16900 327.456395234047 691823.110373205 306.990959563843 5.02662421739884 -141.437817906185 -273.997146108734
17000 315.751240146516 678002.309085657 307.838163468953 5.01279040414284 -144.1639794666 -274.433638057047
17100 335.160552607158 690213.411604231 306.943114016036 5.02740775538461 -141.928244889459 -274.158529064414
17200 241.09575928536 718926.628395601 305.1302799793 5.05727649176872 -136.613182609472 -273.530858912254
17300 304.992391513006 714856.436426621 305.341998432367 5.05376987046845 -137.477200073159 -273.714183258685
17400 316.282903625901 696571.057530995 306.47480521253 5.03508988543452 -141.010423858309 -274.255093951458
17500 295.49885411893 676860.285905244 307.65728788324 5.01573748661452 -144.853675803239 -274.827495689801
17600 258.196580959387 682190.221871601 307.408718959215 5.01979318312977 -143.854525321732 -274.745985901794
17700 247.162441515678 709719.975831744 305.800749846152 5.04618838456892 -138.540587575668 -274.001880878959
17800 321.869072649404 732232.094853464 304.321760402601 5.07071262279978 -134.058830246755 -273.140985133617
17900 350.273704275581 718547.783287693 305.356494754733 5.05352995064208 -136.38897344806 -273.335953021479
18000 364.281938313782 683392.200094389 307.364357900608 5.02051767617481 -142.982014373229 -274.085176088743
18100 337.375996581566 669599.089094711 308.495385844342 5.00211109363153 -145.60826638831 -274.538024970647
18200 373.222579023331 685422.02681671 307.333669235634 5.02101899770375 -142.759835264143 -274.239273688377
18300 279.725876673407 716411.2329334 305.554238264156 5.0502594911875 -137.005891942994 -273.634090248767
18400 284.918040304936 728927.77115031 304.670988276063 5.06490033920752 -134.77867075511 -273.392078465329
18500 232.585203368906 715900.211663067 305.416013460725 5.05254513141158 -137.361462570013 -273.830440040237
18600 258.302348531253 685809.477552206 307.224818876842 5.02279795462983 -143.142795155071 -274.649962140105
18700 306.753426473996 677116.911849825 307.723417544431 5.01465960627879 -144.782882339565 -274.833928645362
18800 236.565604332683 698520.119533462 306.296308881724 5.03802411952016 -140.650791559957 -274.190469799352
18900 345.313493985311 709216.853692737 305.620202323925 5.04916945978122 -138.513833671567 -273.79917727579
19000 288.540027984019 701215.74524038 306.242195136848 5.03891435070387 -139.983019638552 -274.014350822685
19100 287.528216909264 695290.247607652 306.686704514231 5.03161098656142 -141.084516597094 -274.17614209508
19200 278.240702818108 702060.196453262 306.260037638284 5.03862078698192 -139.776890126991 -273.977449297667
19300 309.508889777981 708141.468144506 305.917818427005 5.04425731002107 -138.597553656312 -273.809306588941
19400 318.572047925145 710112.160904702 305.781440472096 5.04650703941903 -138.24150444309 -273.769094229978
19500 295.983337101982 696242.086514907 306.395192537198 5.03639818591076 -140.934158569621 -274.081304436656
19600 344.542651610382 677341.090808281 307.604125069587 5.01660434988325 -144.512926723102 -274.556597699277
19700 298.856363374168 674163.831264673 308.067772107376 5.00905427825235 -145.207278016043 -274.836035854572
19800 297.858249376634 701646.208358554 306.275621561288 5.0383644117667 -139.987179088711 -274.115428118164
19900 281.562454428785 727096.520749092 304.665127419545 5.06499777291914 -135.020046349053 -273.282562457815
20000 294.863000816411 718990.785694629 305.195924936767 5.05618871610373 -136.553384863049 -273.512738505475
20100 323.925182223791 685258.18378856 307.255371234483 5.02229850585257 -142.890842553617 -274.305363769863
20200 331.658972964459 667471.711758716 308.546559769707 5.0012814695386 -146.190529177411 -274.731985381986
20300 331.665773758452 681813.659335629 307.679809365584 5.01537034571086 -143.297831298575 -274.232404816061
20400 353.834268362042 718679.906738815 305.334858635318 5.05388804528599 -136.13972018961 -273.102175779328
20500 387.447953444182 730035.898366711 304.616168147349 5.06581184200203 -133.862614336863 -272.661765348299
20600 419.658811981925 698576.983018277 306.587041681114 5.03324662192067 -139.920270325014 -273.597584035515
20700 331.023222138764 675975.108129024 308.012598613121 5.009951537094 -144.580704666329 -274.534457984148
20800 336.28974767269 682973.762230278 307.350618537243 5.02074210623114 -143.453410621804 -274.470441683104
20900 285.071336268264 703959.793996322 306.169934293275 5.04010361248595 -139.576287359574 -274.100369989023
21000 302.47627924074 716316.324352298 305.33934315782 5.05381381877319 -137.277274659155 -273.791295412146
21100 243.880008391477 714449.031988517 305.422510377189 5.05243765418731 -137.603173562191 -273.798416025481
21200 252.55153283378 699561.166643209 306.435782389677 5.03573107498202 -140.406032910613 -274.205632037018
21300 274.451630924475 686500.165414984 307.255797110931 5.02229154462135 -142.847177007675 -274.500060158418
21400 333.060595548574 693043.821842049 306.874392398318 5.02853359580153 -141.402268508816 -274.145072895965
21500 331.673769572055 705375.129349226 306.234994266705 5.03903283673122 -138.842999410929 -273.666190671153
21600 386.727136122174 709327.487562578 305.981234350666 5.0432118660507 -137.898192331374 -273.364478476037
21700 310.953863293068 701052.348451908 306.619665005231 5.03271110103063 -139.366012126219 -273.53127808378
21800 328.932397467405 699503.300606202 306.577156421902 5.03340891368473 -139.78816220975 -273.638417039717
21900 327.881006296574 704011.967773273 306.246845622757 5.03883783269065 -139.335789527353 -273.903637958057
22000 288.158237082169 700038.735341937 306.206689781359 5.03949862417428 -140.379809421128 -274.170651982971
22100 265.276767551526 700408.732912252 306.244637452441 5.03887416512156 -140.357864584182 -274.236010018993
22200 266.307077481264 698158.176014361 306.437193760072 5.03570788170814 -140.832628944101 -274.364504026835
22300 325.268263753121 695437.641163402 306.501355370953 5.03465372933997 -141.326254836758 -274.365641940838
22400 288.456352995019 696371.207523578 306.484994862061 5.03492248473904 -140.991064516778 -274.201934829725
22500 265.3945478965 696683.08364904 306.656969588197 5.03209887562104 -140.811416282244 -274.156726986261
22600 277.859531107244 698382.148917645 306.62936393625 5.03255191236983 -140.305314813795 -273.963793830963
22700 327.623247155037 713787.396606031 305.723870807657 5.04745732738994 -137.209595790631 -273.412970277846
22800 379.721432201631 715888.995867074 305.476347564926 5.0515472119757 -136.740074750972 -273.23387285586
22900 352.397701522304 700824.921774732 306.260661547322 5.0386105223889 -139.670204185499 -273.634910428275
23000 338.782694576134 680534.234060772 307.548737051824 5.01750781569977 -143.726913492632 -274.360114145569
23100 302.441286495422 684140.137384273 307.356204782141 5.02065085349397 -143.365597983013 -274.608763867398
23200 267.165564912877 705271.115364992 305.805958092858 5.04610244185481 -139.572511962194 -274.186962460881
23300 249.306754119017 714380.223248631 305.411521370388 5.05261944586136 -137.855135611141 -274.032361290885
23400 256.806774408863 709379.968287002 305.664438709036 5.04843873361086 -138.761283510042 -274.097327845907
23500 259.886571962895 699341.096845583 306.304867717026 5.03788334598623 -140.581557311595 -274.281921883392
23600 265.936961819951 692067.912506251 306.714333578891 5.03115773514774 -141.831087648675 -274.317832133873
23700 319.764012238903 690180.368882659 306.941455717736 5.02743491672622 -142.100734955796 -274.323974488175
23800 284.953539850026 694955.852655914 306.84948149739 5.02894182625251 -141.05031603798 -274.148537770133
23900 306.183571079068 699387.309995139 306.512749780474 5.03446656940476 -140.069693021828 -273.869638001784
24000 269.304641754478 706496.196228949 306.156667323123 5.04032201995941 -138.698787296282 -273.701716695083
24100 277.383502778001 712635.511553093 305.696576788841 5.04790798796557 -137.626713389372 -273.598147485393
24200 297.127326437806 705246.202390125 306.294175140291 5.03805921597864 -139.160167004225 -273.984765812101
24300 220.510823377983 699299.898382703 306.296637336738 5.03801871703093 -140.595515595172 -274.284411521772
24400 269.707795103139 693423.04630939 306.575198934426 5.03344105207996 -141.938276291281 -274.624224667142
24500 248.770699101696 693139.279892092 306.600340384492 5.03302830626659 -142.024851092531 -274.667377773441
24600 251.25173207429 699591.100092268 306.317093160105 5.03768227866919 -140.715579194185 -274.469077751269
24700 219.51424525348 716944.59646327 305.130980923861 5.05726487423175 -137.281169886765 -273.821687106247
24800 289.324045056877 717066.597372767 305.227511446195 5.05566547574509 -137.090629910092 -273.697584922402
24900 329.125656365012 695796.553766856 306.57101438205 5.03350975621938 -141.010969119824 -274.149268983691
25000 323.220713097902 677281.874450082 307.786114253044 5.01363810908457 -144.478707103602 -274.587940631249
25100 316.94729146028 679347.456480988 307.610192207493 5.01650540507848 -144.019376820678 -274.450825330744
25200 271.997113750358 701920.530202208 306.270669781012 5.03844587197814 -139.662597650585 -273.841117256929
25300 356.358221763077 723716.379969954 304.826799075365 5.06231143897752 -135.492132405832 -273.184919401928
25400 299.01913876866 723404.934499661 304.970689029775 5.05992296104058 -135.616673361413 -273.315173696364
25500 296.329570120834 694403.455669466 306.708608296729 5.03125165099117 -141.333770056655 -274.265140280111
25600 250.175500302848 672322.392903316 307.947182336867 5.01101578574626 -145.82454924675 -275.048630686314
25700 273.709283792769 683438.339434972 307.136099029275 5.0242488484528 -143.832227042511 -274.846872121317
25800 272.30355034415 715910.290275205 305.228268941794 5.05565292892446 -137.628355863008 -274.015363548065
25900 237.260796711177 737478.227827451 303.96552103819 5.07665536076456 -133.441577154401 -273.356220625887
26000 285.351344731018 716198.162264591 305.319086093578 5.05414912513253 -137.313908518241 -273.796354968133
26100 300.87353483583 672228.742522501 308.102008714369 5.00849766707203 -145.512237278212 -274.783279442865
26200 324.790053236988 650512.109678541 309.660493512841 4.98329048811042 -149.560475104624 -275.288134272723
26300 309.106279308392 686849.48138076 307.235013938696 5.02263128177842 -142.542733879706 -274.253697051244
26400 286.034528823273 755691.281220597 303.065767298106 5.09172713772138 -129.457795476066 -272.403443464043
26500 290.941398095699 761294.020266481 302.733686257311 5.09731246279123 -128.472658697082 -272.320321598715
26600 285.943357260237 689461.109292739 307.160339465951 5.02385234548543 -142.145859202113 -274.325496326318
26700 255.820954977862 631147.200063983 310.910967111665 4.96324785903065 -153.470417864489 -275.947926654383
26800 300.178159964678 653842.928586595 309.252132364149 4.98987082180913 -149.171720952006 -275.376492958477
26900 277.486702767543 722426.143112502 304.940093193596 5.06043064296711 -136.1885481679 -273.686942012909
27000 247.482243549281 759544.813574405 302.534932969652 5.10066119214376 -129.390311451085 -272.813235992907
27100 241.608399097042 721986.286035747 304.764037880626 5.06335393964872 -136.553591449874 -273.888932360624
27200 246.622356732005 662570.810014528 308.662154738231 4.99940847356169 -147.903025765745 -275.548471748593
27300 263.144363776587 658195.095017704 309.051498033581 4.99311021523813 -148.572490754561 -275.53489478032
27400 251.136538509479 702807.84520629 306.250221317091 5.03878229125709 -139.782569206452 -274.121737292998
27500 289.835948209061 744000.635218521 303.763240016726 5.08003599046795 -131.829035314045 -272.887179362769
27600 336.052805320386 732829.938584501 304.205258336115 5.07265456325915 -133.907137873766 -273.049561185766
27700 299.774093759743 687356.775985054 307.260508873346 5.02221452904709 -142.538854107869 -274.358034308497
27800 284.02663840772 657310.091197017 309.202816515715 4.99066667391658 -148.288682375215 -275.142453805715
27900 252.520456847377 681806.362446309 307.75192490934 5.01419509340424 -143.565462729083 -274.529323738333
28000 341.162623261326 727259.340261619 304.724500131733 5.06401090558529 -134.88862823375 -273.209056056375
28100 310.163529960001 744409.337049866 303.599594348314 5.08277422168001 -131.706907323017 -272.766505162229
28200 270.949951602345 704266.599319347 306.089468810298 5.0414285661768 -139.409945556481 -273.957287429548
28300 279.175892255749 659857.833749623 308.847948343985 4.99640098028897 -148.105517925311 -275.304823465167
28400 273.092225040455 663907.156279873 308.464272196787 5.00261563803303 -147.49786385824 -275.31876109903
28500 325.212042023679 706010.343087121 305.623901616581 5.04910834428795 -139.488069883153 -274.163391632003
28600 224.847095924692 735354.898385918 303.964108989553 5.07667894408928 -133.909060053679 -273.420216582925
28700 261.470105217732 718268.132762282 305.218827985694 5.05580930917686 -136.994596039942 -273.826560346731
28800 295.674366151997 682021.913796915 307.661138213109 5.01567471546321 -143.603067718713 -274.569686118771
28900 285.87163517137 675978.342945622 308.344353689464 5.00456121022478 -144.614427753903 -274.708774577515
29000 322.72924583857 699854.284920785 306.658240865609 5.03207801463384 -140.021425618061 -273.974260325141
29100 309.335978502987 723156.148018178 305.062545399633 5.05839938444301 -135.567882640847 -273.260487192105
29200 368.207971763756 716610.726983887 305.360648178298 5.05346121404975 -136.855155977638 -273.43481251568
29300 261.783614356216 693818.659866879 306.873004002838 5.02855634655909 -141.293493649513 -274.184106129831
29400 316.751462255072 677459.299170473 307.843428068358 5.01270467766316 -144.550485637553 -274.718037735231
29500 299.842926041252 685744.296545704 307.165914497445 5.02376116305365 -143.117438858939 -274.586895538567
29600 309.911856561264 707032.105590196 305.836593682245 5.04559697479951 -139.247248349212 -274.21133676125
29700 216.883321786662 716923.199598266 305.232962052454 5.05557519571212 -137.502836509708 -274.084912065991
29800 269.446033371136 705580.859042857 305.769774822379 5.04669957245617 -139.701209631197 -274.358845908171
29900 252.327590385619 688073.628804834 307.025983263137 5.02605080998498 -142.956597946592 -274.812534194089
30000 271.574192843319 684149.988108664 307.425817855371 5.01951398432024 -143.343809233879 -274.618590526732
30100 285.309207456407 696830.101878946 306.813392987957 5.02953334871757 -140.660056527486 -274.101539343907
30200 328.941959675667 717122.405396588 305.511129098009 5.05097210835511 -136.691515880347 -273.436047942946
30300 310.9466652784 722528.889508265 305.287896526812 5.05466547944391 -135.651061653902 -273.32585894236
30400 278.446862674409 703531.360918542 306.527934598249 5.03421717139295 -139.309529531789 -273.908941636171
30500 298.703585728911 684531.425326876 307.517584171043 5.01801611126025 -143.068429271241 -274.455608028189
30600 259.282938836424 685733.404846765 307.292762247027 5.02168739863007 -142.962794907768 -274.484454438051
30700 324.309282944826 704719.265095446 306.045190489402 5.04215795516498 -139.434799689363 -274.049145691621
30800 266.581144452783 724259.872264042 304.856767359062 5.06181379942476 -135.796798876888 -273.606536684366
30900 240.672447067238 715591.5475446 305.410636397233 5.05263408658449 -137.533487609096 -273.941224170004
31000 252.826138436958 689428.753754947 306.991815880413 5.02661019623806 -142.559296476078 -274.660213594386
31100 281.929027580939 672374.377838546 308.12291841333 5.0081577826551 -145.720124953852 -275.027948134356
31200 315.642874410656 680592.604633916 307.55402921792 5.01742147807377 -143.937704849825 -274.584358206106
31300 310.422136420952 704785.96104849 306.125667790456 5.04083242350784 -139.01005815013 -273.672545694609
31400 384.966101115165 716190.789906018 305.610042394793 5.04933731815225 -136.613248981631 -273.224351232812
31500 345.718848599224 708014.107123203 306.151439678119 5.04040808525523 -138.150942375711 -273.441616161144
31600 358.731832888676 691158.681922367 307.005996208254 5.0263780216832 -141.529978133076 -273.968482680834
31700 257.793512714257 692993.683174268 307.110452797965 5.0246684142701 -141.370854071141 -274.206158936603
31800 368.284180719178 697011.393309601 306.442679430369 5.03561773684581 -140.802007794784 -274.116932186254
31900 249.244625103314 707674.10655526 306.027222735309 5.04245399501865 -138.819029010428 -273.989867823004
32000 307.88553426647 704548.970927742 305.96262523721 5.04351860188724 -139.441777069184 -273.987286102194
32100 226.127361521778 700028.797929273 306.580269359389 5.03335780574054 -140.268378243311 -274.220547326109
32200 287.533541628195 696462.873668026 306.64881593665 5.03223267682505 -140.919387136798 -274.219005221408
32300 297.621151724764 701090.626311619 306.27491631054 5.03837601346858 -140.020511531656 -274.042245653767
32400 346.896717958779 698342.812702517 306.458417918648 5.03535912750081 -140.481210925622 -274.05765119027
32500 308.402486470206 695951.590531229 306.669985508463 5.03188529946155 -140.895556064564 -274.106512649437
32600 309.842226729793 696764.701734282 306.588586922473 5.03322125378507 -140.704292175788 -274.035485912665
32700 284.422604807186 702624.966045705 306.425987045939 5.0358920493084 -139.579824589947 -273.961117002908
32800 362.046915672183 707998.763290623 306.066768604109 5.04180247631563 -138.541296010455 -273.791621836647
32900 318.693316694314 708094.344585676 305.869876287963 5.04504794847249 -138.557095945764 -273.738662757302
33000 324.785120631333 697171.778023812 306.624897147296 5.03262522457475 -140.685787500786 -274.110678410463
33100 273.149742855969 686997.595242232 307.378537283424 5.02028607951651 -142.665736465314 -274.466643508195
33200 326.880084324767 684198.193219335 307.353522355944 5.02069467119702 -143.192933019883 -274.446090631129
33300 308.083888606236 701629.139224258 306.23252118601 5.03907353108588 -139.87520848863 -273.981319920308
33400 277.633338962664 711965.980996876 305.742152063083 5.04715552452752 -137.925395192958 -273.789334793676
33500 298.543758145258 704957.888349139 306.236520458473 5.03900772368975 -139.268770106396 -274.012882754281
33600 295.095551303811 694317.678544287 306.862181801272 5.02873369017975 -141.319031258629 -274.300533422276
33700 272.313889751427 698389.408545665 306.732511449084 5.03085957395251 -140.479789744315 -274.184620175078
33800 269.467585591684 705666.072882655 306.292537149093 5.0380861585112 -139.020426967589 -273.924572574059
33900 271.064787165215 714528.592095426 305.871450472844 5.04502198384522 -137.254102305177 -273.664726770426
34000 310.457445461122 711790.146416649 305.926987187648 5.04410613150518 -137.61957402692 -273.532074929973
34100 274.042030995092 693615.052799682 306.983176355292 5.02675166172675 -141.11631506843 -274.015625522859
34200 265.750192429224 690507.952745427 307.252979015493 5.02233760860724 -141.84417622728 -274.264434241876
34300 257.649200337975 697119.379573106 306.817441276343 5.02946698677493 -140.716436194391 -274.215076515711
34400 291.80525811254 702060.940223213 306.190968976742 5.03975736783842 -139.976483171902 -274.146919180462
34500 232.732169398526 707325.501114899 305.882326831283 5.04484259634024 -139.100366817288 -274.14065114809
34600 274.169001127271 702866.916897526 306.111736906228 5.04106182749481 -139.992738456529 -274.282445455369
34700 236.455029984823 699631.856701753 306.209475689376 5.03945277458199 -140.56764124602 -274.281938026823
34800 302.815681273263 695965.117000763 306.653037393008 5.03216340195072 -141.137853467683 -274.344037085945
34900 330.743415768279 699180.956739714 306.536999375244 5.03406830174232 -140.233381227298 -274.004431108072
35000 371.68076061754 697521.122578266 306.678620451059 5.03174362006882 -140.291581809044 -273.806719253499
35100 315.793704322828 703241.08532452 306.402501898234 5.03627804050583 -139.1521128317 -273.640933496004
35200 374.567592153657 701330.909696812 306.53325013345 5.03412987398372 -139.586012700002 -273.766761929823
35300 350.447885308226 695539.147310985 306.692013654575 5.03152388442738 -140.831176741214 -273.972751133543
35400 316.133267509852 687792.557845382 307.096273459741 5.02490041471773 -142.472509198916 -274.304758284869
35500 258.339085006174 695958.192151722 306.742858668147 5.03068987022635 -141.068108780997 -274.311983831052
35600 266.866376232599 703314.732922275 306.18251222679 5.03989656575527 -139.77302234134 -274.17935760606
35700 242.802362524011 712709.718129425 305.609862266654 5.04934029425952 -138.008122049211 -273.955140866201
35800 253.202549720335 711664.169881473 305.78011916068 5.04652884596216 -138.19319875876 -274.016408416837
35900 294.570751575587 699940.948818882 306.319201113817 5.03764761156044 -140.339742092249 -274.161048464579
36000 280.413938520827 688715.434437654 307.151614643364 5.02399505097135 -142.229104401735 -274.262034429938
36100 326.804034939498 686641.505813208 307.303841852408 5.02150634552514 -142.358823316479 -274.059402317433
36200 325.028190036701 701115.171757791 306.650520545979 5.03220470364323 -139.497121795978 -273.687913124031
36300 378.16768398883 714718.251452456 305.737023145909 5.04724019350997 -136.908115805261 -273.294981164429
36400 358.220514318851 715317.089128338 305.567722979931 5.05003662303518 -136.973625672856 -273.399178122027
36500 327.437279264353 692106.259848179 306.856506426718 5.02882669764946 -141.597135037429 -274.15263624037
36600 319.143715513566 671846.910636449 308.228442806391 5.00644320107542 -145.632408017166 -274.883041183834
36700 251.424048256431 681879.339985133 307.57882268139 5.01701703132076 -143.786305160269 -274.690512407967
36800 292.04050021353 711289.241767413 305.71581456737 5.04759033826843 -138.166292454352 -273.889397830028
36900 294.833266771744 730952.401944552 304.542243441641 5.06704151919019 -134.396515854796 -273.336192187116
37000 297.44647144487 717681.191842157 305.352084993503 5.05360293151086 -136.90269658148 -273.682538433876
37100 268.413487481232 684146.696467998 307.551322535925 5.01746563514084 -143.284400283081 -274.612141831728
37200 329.448009802363 662079.179477851 308.757043810791 4.9978720252671 -147.458319977266 -275.048264171464
37300 319.508052793424 687145.364274669 307.35859816123 5.02061175805028 -142.500648069053 -274.321353151452
37400 336.173805356419 725141.817961603 304.9946302522 5.05952577129016 -134.915147480356 -272.95509541968
37500 371.805968260021 735142.455293744 304.698615071198 5.0644411084886 -132.721053395215 -272.528926003535
37600 375.078378602175 708479.470349674 306.174359915056 5.04003075990505 -137.782039235123 -273.17177210617
37700 391.970669432367 670743.750057761 308.457938726907 5.00271835516716 -145.184746992831 -274.319230338937
37800 346.629947618482 662022.614900897 309.107686576291 4.99220258466546 -147.100869074082 -274.824798961459
37900 350.576327047243 691375.379594979 306.968697964226 5.02698875194746 -141.627129457983 -274.09106216377
38000 339.06714476366 728641.415689023 304.636190881082 5.06547888287015 -134.625225017887 -273.168353938892
38100 301.774890920926 723668.7643902 304.990842850015 5.05958860091082 -135.641945988553 -273.399768797461
38200 327.66357120803 680756.203369102 307.545833191878 5.01755519120742 -143.901626467861 -274.576201813143
38300 251.633982345837 660501.361772315 309.102725410876 4.99228271059374 -147.829660942488 -275.258050424807
38400 275.86098043123 686134.957212221 307.252289648761 5.02234887697717 -142.992367699424 -274.573711335103
38500 305.116345201748 736370.817668654 304.053373528393 5.07518852351106 -133.503694977573 -273.248617762307
38600 235.385262366179 742453.772778151 303.660338003885 5.08175747287213 -132.356725136911 -273.073908040339
38700 276.446591297386 684523.783681815 307.289137196845 5.02174663882641 -143.353999842914 -274.642108786158
38800 312.808691318589 642820.860358067 310.117528041575 4.97594638268639 -151.185927654096 -275.610431563498
38900 366.454855604267 659680.114459654 309.131206070914 4.99182276509519 -147.718882984911 -275.000558508121
39000 350.778402642749 726322.026203958 305.047802120174 5.05864386217804 -134.78614230893 -273.074862512347
39100 366.028047594591 756057.502861792 303.107254481148 5.091030218025 -129.064561914899 -272.099061498628
39200 407.776121778848 716893.22143456 305.477248926116 5.05153230654944 -136.591447406793 -273.277117841736
39300 308.034572710572 669404.159168868 308.538773977126 5.00140767390397 -145.887809818482 -274.798163056812
39400 342.707069938046 657042.431746794 309.093443520061 4.99243262585079 -148.509542507837 -275.266805373327
39500 295.83884542838 697167.142782138 306.431208476325 5.03580624029469 -140.982328710221 -274.322051314265
39600 312.533063386985 723793.367952562 304.664304758521 5.06501144953367 -135.940501038485 -273.574527774051
39700 291.456459259642 716760.921766439 305.260000706198 5.05512739401232 -137.259281326499 -273.822537300231
39800 249.228698290651 694375.777775925 306.732388085319 5.0308615972986 -141.445605874875 -274.381983699547
39900 280.380830686358 681464.478977077 307.671091539694 5.01551245566741 -143.835807983523 -274.699617365577
40000 256.422393838571 694456.755980966 306.999735742105 5.02648052167193 -141.252536457397 -274.32029807447
