# step temp[K] press[bars] vol[A^3] density[gcc] enthalpy[eV] etotal[eV]
0 296.966998058617 479743.92181344 322.268732836277 4.78832736357976 -183.027106689114 -279.524880666402
100 307.180440242341 453485.151400391 324.238283881059 4.75924117718372 -188.369492508777 -280.14293148732
200 321.274959299114 422449.222971865 326.766543629034 4.72241795236534 -194.698434424468 -280.85765124564
300 306.412721213546 443695.05683643 324.978092299087 4.74840682628519 -190.421861802709 -280.418920886548
400 259.47954613933 479132.60664359 322.04100288654 4.79171340926977 -183.418251630781 -279.724960135833
500 261.601550162117 450897.138753479 324.306059073507 4.75824656583538 -189.237819385142 -280.506586663068
600 251.479942289162 422718.35017995 326.609885304749 4.72468305858618 -195.086268093453 -281.259041110961
700 244.809451571399 448931.123490687 324.277293700876 4.75866865131036 -189.811901286998 -280.674655661222
800 230.810171867572 471227.882008793 322.694351925132 4.7820117788245 -185.237180429108 -280.147183162191
900 217.776763444115 452016.130070586 324.442973887813 4.7562385875544 -188.858908714259 -280.392804939401
1000 241.999494450157 429254.801980678 326.612507455507 4.72464512730375 -193.222117791853 -280.72807435296
1100 325.091915003072 455487.307877098 324.253633689868 4.75901587996402 -187.792625847153 -279.975612352551
1200 327.532226424577 477439.916082717 322.424640502532 4.78601197929846 -183.401515986393 -279.482311894041
1300 293.789984262378 440757.964652514 325.432984962503 4.74176946766451 -190.818450231059 -280.34490382894
1400 272.743864743317 430876.253542897 326.61387465501 4.7246253500286 -192.797768685096 -280.634634764757
1500 327.035238552557 468841.415400037 322.88536539586 4.77918282228194 -185.223870430004 -279.709110804053
1600 312.125600198882 464712.266551117 323.133854178982 4.77550764771119 -186.231316333858 -279.956486922063
1700 270.16950374442 435352.62439977 325.57120572612 4.73975635659945 -192.387494893664 -280.853577651627
1800 266.76859135696 435532.879337991 325.287948970217 4.74388367829578 -192.515198681087 -280.940910223447
1900 260.714170795088 458340.805064181 323.55085383522 4.76935286547571 -187.947272155522 -280.506711659246
2000 280.453410019067 463698.839055046 322.995619823214 4.77755145011169 -186.755370595185 -280.236141241796
2100 350.630308149651 439420.269183068 325.053784661746 4.74730110732879 -191.357773447413 -280.508514052483
2200 295.287099451256 435613.530994139 326.018213567704 4.73325761459538 -191.83994930945 -280.480586081135
2300 385.806763040555 457180.046713737 323.814412676679 4.76547099652077 -187.420119714509 -279.820356713432
2400 315.152529083429 461691.20003364 323.77967617313 4.76598225714756 -186.537779016657 -279.839751201916
2500 336.232799433816 441539.632108695 325.326670418545 4.74331904568669 -190.691723202561 -280.347649607518
2600 315.514076629611 437819.121777352 325.494669567927 4.74087085332158 -191.568513112073 -280.514887230929
2700 296.348992483685 451860.112414263 324.242762750875 4.75917543625099 -188.875731876096 -280.32156897714
2800 313.324686971662 460083.063615247 323.423879731581 4.77122528227294 -187.341925625085 -280.216742746192
2900 284.463081865501 441907.172313189 325.01860485451 4.74781495218368 -191.055147303552 -280.700734178927
3000 259.59129056098 434781.015753906 325.841107673572 4.73583030356019 -192.501723303702 -280.924895013369
3100 206.882728891052 460455.67220419 323.68743068737 4.76734048211015 -187.178132030468 -280.203908829216
3200 296.119091247649 469820.085819756 323.078356483594 4.77632797399872 -185.019359300497 -279.758422799199
3300 278.263302435036 446910.118598181 325.032773021306 4.74760799510199 -189.437792304741 -280.102232295745
3400 335.189839665645 422624.15769973 327.219622897942 4.71587913401946 -194.268852642009 -280.583261516478
3500 325.348644462233 459775.269003207 324.052898078177 4.76196386768263 -186.731740163751 -279.724933101709
3600 384.355753771538 478940.565033041 322.046432905527 4.79163261627803 -182.987925955404 -279.257656876217
3700 294.290554025867 436175.498761078 325.865339103622 4.73547814600626 -191.809503898427 -280.522873999955
3800 256.927344911405 419731.149171868 327.28602176949 4.71492238966734 -195.331756835405 -281.072708612688
3900 303.285003054178 471975.541709327 322.577057267996 4.78375060190377 -184.820621204735 -279.84665694241
4000 292.966069406288 487757.263818727 321.356645235592 4.80191779054336 -181.678059841713 -279.510001572276
4100 265.881320717822 425463.078561986 326.641618704554 4.72422405321801 -194.244639509958 -280.985362944929
4200 303.929288811055 411550.162622759 327.66728090125 4.70943631485494 -197.036288167865 -281.203995496656
4300 358.467032512309 489009.622127584 321.156202071768 4.80491481064806 -181.291454731853 -279.313409877897
4400 313.444142629808 493867.389401118 320.876430859376 4.80910420168067 -180.253298603635 -279.162754102993
4500 311.558849711093 402279.589042266 328.547993530371 4.6968121012843 -198.766749832738 -281.259628624843
4600 275.726154386875 404132.763572726 328.110032038297 4.70308140924508 -198.371286973566 -281.133712963195
4700 314.305532743508 490132.940538152 321.421370342228 4.80095082110782 -180.867815097317 -279.196058831786
4800 314.694469606389 492843.223353001 321.19151128848 4.80438659688037 -180.293005998232 -279.094267742513
4900 278.804961399091 415955.025711575 327.235397860391 4.71565179670589 -195.98909250375 -280.945530406039
5000 271.807836939998 403880.380013404 328.223970526718 4.70144879848288 -198.713523142581 -281.452985334068
5100 270.447243537691 477626.55437711 321.964614214838 4.7928502814798 -183.906759434764 -279.887975810605
5200 267.091817060965 493788.117944544 320.650354211123 4.81249489233402 -180.726347723106 -279.550250660243
5300 206.474625204757 422372.705912152 326.767010270029 4.72241120849663 -195.081043080936 -281.224777139309
5400 276.955974642938 413596.410088147 327.44810558123 4.71258854628895 -196.741169485814 -281.270783394495
5500 311.650737275483 474375.555097026 322.342878509437 4.78722594710882 -184.196877682793 -279.636788282211
5600 310.913354106393 484186.409764907 321.74039446704 4.79619040196149 -182.071354462732 -279.30304302722
5700 306.058379567256 429850.711804136 326.566928976093 4.72530453926977 -192.942552492552 -280.557760225323
5800 325.357290973856 423126.638032584 326.871179356631 4.72090624478856 -194.329288340124 -280.654298843596
5900 331.337163302411 475407.584899521 322.469201957762 4.78535060867066 -183.813255666094 -279.498284442396
6000 345.756447566029 475354.904661448 322.359512084026 4.78697892886712 -183.879070044247 -279.52095165555
6100 321.653323893736 425646.346169372 326.583391881706 4.72506633902886 -194.023381984917 -280.785999882538
6200 304.257810116683 424170.163170441 326.630360513706 4.72438688626242 -194.361004193081 -280.835155646132
6300 352.631438815074 465776.81957837 323.031099509025 4.77702671418177 -185.923149374311 -279.833151271242
6400 286.742258404252 475301.508016638 322.278662584879 4.78817983011737 -184.026135193665 -279.633288542986
6500 345.102530703841 433204.497711994 325.815674330501 4.73619998496697 -192.523975881993 -280.619647953727
6600 270.468057385518 426608.332258266 326.451983322087 4.72696834665461 -193.865605418817 -280.789322105111
6700 326.495414604426 462823.098684639 323.371411000476 4.77199943894809 -186.526376377901 -279.939154848478
6800 309.591650170983 478374.181502763 322.055905722551 4.79149167721059 -183.413160871293 -279.571873908312
6900 337.432022503062 430669.496377763 325.849898140692 4.73570254485654 -193.036142035758 -280.625500341162
7000 310.20290301155 415971.836986801 327.515066435086 4.71162505182635 -195.987262096895 -281.01974374037
7100 302.572668579732 466042.742178484 323.287612583304 4.77323637468012 -185.73390987006 -279.772141912945
7200 348.517032638633 491821.610898766 321.189500887242 4.80441666867516 -180.405855482909 -279.001695410741
7300 318.007029372311 430729.919176778 326.314001247674 4.72896714810248 -192.706120619099 -280.43253739257
7400 253.634364620027 409655.916132707 328.303946923279 4.70030350328604 -197.07937436019 -281.022469360547
7500 331.918810648557 469990.683712169 322.894844416672 4.77904252281845 -184.927874545453 -279.647506679944
7600 299.025096786148 489169.645927967 321.468099944672 4.80025293997043 -181.175715252403 -279.32497448013
7700 310.529856585047 421843.372597852 326.93196985725 4.72002842836051 -194.895020853497 -280.974229214524
7800 276.993693091664 420430.774845874 326.861237253348 4.72104984008872 -195.373163730092 -281.145563490984
7900 282.148336280103 470952.06100632 322.444512346088 4.78571702349161 -185.215789913984 -279.996800401635
8000 283.42535970585 470023.545535523 322.52694525003 4.78449386816303 -185.412913580088 -280.031239549268
8100 256.839202738688 426163.705304749 326.602235745516 4.72479371840095 -194.198898260742 -281.071985555509
8200 317.993367569974 424795.861388804 326.640804315749 4.72423583176842 -194.128886632499 -280.733366122768
8300 341.699688826501 475072.552230497 322.703849201052 4.78187104271173 -183.680598527362 -279.367772352811
8400 378.804275149919 473199.835296464 322.732537203084 4.78144597764893 -184.018631183377 -279.337082957766
8500 347.640674703716 427418.828384176 326.739774390638 4.72280485209987 -193.366953954224 -280.532588674592
8600 328.465356315118 426560.004323347 326.714024308741 4.72317708164215 -193.67563267657 -280.659267514326
8700 349.314947495974 468991.683469938 322.895836335707 4.77902784185105 -185.24389002088 -279.762478870808
8800 296.8995977895 473843.382345787 322.426550337129 4.78598363023339 -184.44733559506 -279.804923956785
8900 292.582541683242 433142.517933767 325.844413390418 4.73578225819445 -192.819383203943 -280.910220680698
9000 276.806874415832 426855.866863345 326.332456616291 4.7286997066325 -194.117974135223 -281.060282710209
9100 286.691999040391 461868.906130639 323.210717433273 4.77437197664925 -186.985646646901 -280.159513889745
9200 290.158601253972 461389.392310514 323.541316126324 4.7694934617365 -186.904509521706 -280.076848046749
9300 265.021707036043 439931.953405184 325.741373575645 4.73728029978903 -190.980771129694 -280.424124456884
9400 344.856773611045 442702.637073941 325.292851374045 4.74381218446058 -190.252558491478 -280.135291838641
9500 316.719774021434 457032.377694435 324.235501279292 4.75928202117784 -187.348654886626 -279.839165190966
9600 349.091531194276 453350.67658612 324.414493691252 4.75665613551388 -188.146710381396 -279.942795400289
9700 303.183829735224 447942.978551595 324.926692971926 4.7491579646842 -189.350619568623 -280.194937070948
9800 324.406250631035 444162.147810273 325.048493932253 4.74737837790979 -190.225952877914 -280.337271579346
9900 282.070581146942 449325.462342604 324.722877901728 4.75213881398626 -189.312868772617 -280.380399251572
10000 263.807993672686 463903.931694895 323.31390820076 4.77284816002387 -186.490862110048 -280.105138181364
10100 262.107071523095 451475.38446605 324.034144102979 4.7622394736763 -189.072338428019 -280.3815292625
10200 264.069682540802 427977.650651298 326.208764991185 4.73049273187929 -193.881966162651 -281.019719626635
10300 232.269743176892 447645.15481813 324.54224127384 4.75478380197686 -189.855987467823 -280.532490237681
10400 275.927366408865 471524.94063551 322.553670925678 4.78409744163688 -184.87512875894 -279.803559262693
10500 284.832130982742 450314.956924808 324.84587730091 4.75033946771224 -188.852142361416 -280.154790505338
10600 306.007401795606 432800.432566555 326.503056578971 4.72622893039558 -192.21518844849 -280.414375068491
10700 341.257584083178 458542.271284457 323.991186674264 4.76287089073678 -186.942065346379 -279.66821294233
10800 318.655059999139 469653.275672599 323.177407794258 4.77486406738094 -184.780510809526 -279.514972458385
10900 281.484926233096 443141.336204182 325.318705652598 4.74343517619304 -190.331541040276 -280.310495241082
11000 281.926182489287 427996.64609291 326.524137321557 4.72592380007261 -193.561613358815 -280.787481196726
11100 296.665711037167 460762.341647768 323.583876154162 4.76886614440252 -187.03429628109 -280.092248695355
11200 308.053563963283 471722.874867316 322.640946361759 4.78280332755997 -184.869606014272 -279.863581252132
11300 266.310203394353 431802.694983191 326.036046545081 4.73299872274323 -192.90068699642 -280.770683566605
11400 308.842227827852 423196.697179906 326.637629482541 4.72428175011784 -194.626744960613 -280.904359175829
11500 328.922592865079 467774.102830447 322.836814821265 4.77990155094442 -185.583065018713 -279.839035826958
11600 286.057455091327 473536.240657709 322.743106108049 4.78128939909721 -184.347666318625 -279.737005236402
11700 287.549836325322 430601.725191726 326.264875670926 4.72967918686576 -192.96498826264 -280.652092856525
11800 320.51980930611 430372.184183315 326.335650484631 4.72865342653942 -192.955059141921 -280.614431674194
11900 319.867358516143 473830.63890642 322.766555899549 4.78094202655362 -184.189890442365 -279.645468151505
12000 331.270696009159 469070.081826538 323.042298285956 4.77686111092533 -185.137579549345 -279.71484821508
12100 288.299687395316 419193.970950775 327.544333282241 4.71120405718155 -195.011915512167 -280.710719439828
12200 347.256055669341 430722.966169156 326.855306411867 4.72113550428838 -192.277807283717 -280.148330341474
12300 381.251764171669 484686.143541241 322.22296742483 4.78900745095432 -181.249567265726 -278.72759633528
12400 378.656234409377 469116.326434805 323.51393492064 4.76989713671734 -184.53649214799 -279.261179908944
12500 275.938488447598 422574.05303466 327.706740496785 4.70886924549316 -194.286520634232 -280.719173677454
12600 318.596583835801 436900.918136775 325.799685314704 4.73643241974144 -191.581160397646 -280.424169668264
12700 332.780217475261 478898.990057219 322.247585257588 4.7886415987652 -183.203286130185 -279.524785745388
12800 292.40792257281 462261.990931383 323.551523665324 4.76934299175888 -186.631357992398 -279.982852973391
12900 273.928746903695 427468.056748183 326.506861042319 4.72617386029788 -193.767278019999 -280.880809771781
13000 282.259405373668 439891.337162436 325.503658054583 4.74073993849666 -191.267285548605 -280.637114274027
13100 289.489171802969 477277.040610374 322.20449630628 4.78928199189145 -183.732305987797 -279.714745168759
13200 308.204012919801 460363.026279713 323.398571116704 4.77159867014148 -187.184741493507 -280.10880129205
13300 246.772963373504 420885.974808535 327.026947682725 4.71865759932185 -195.189577420907 -281.098374400581
13400 303.298652839996 432144.873011802 325.969893367437 4.73395924980928 -192.789603001376 -280.711388257209
13500 279.552519350168 481547.331936739 322.066406332227 4.79133545606216 -182.66048827065 -279.460197089084
13600 366.725194068758 467514.879212009 323.193832845763 4.77462140375229 -185.261266054159 -279.569181396167
13700 329.852901206314 416622.969327198 327.411749490786 4.71311183629208 -195.482135215215 -280.620854492064
13800 379.366076691554 422419.150182934 326.99301499069 4.71914726346694 -194.320030487652 -280.532823839772
13900 332.480016753094 478007.877012617 322.378804142591 4.78669246252177 -183.197338704522 -279.37875677055
14000 307.39480718245 471111.40321128 322.75498940699 4.78111336001767 -184.847981543455 -279.752354409346
14100 244.849990463016 424276.950854366 326.873354674756 4.72087482750485 -194.530471750658 -281.090741631626
14200 262.302999246851 433284.718053486 325.856361960794 4.73560860552351 -192.775017378858 -280.89800627435
14300 297.486135481898 474061.103820642 322.358693213679 4.7869910889707 -184.5091704927 -279.890495790541
14400 272.427249046354 469748.130898529 322.842395682169 4.7798189224977 -185.334649606705 -279.990021188114
14500 256.731894717387 423679.109552863 326.655415285449 4.72402452142926 -194.606014362001 -280.986681834504
14600 278.563477628929 427325.770504407 326.555164296161 4.72547477603698 -193.694187049543 -280.791605589292
14700 329.376756889274 478663.498644303 322.374140007779 4.78676171677072 -183.182623626592 -279.494567865302
14800 346.268687649647 481519.140704215 322.295374050101 4.7879315563066 -182.502090476372 -279.364946451072
14900 392.106035194367 423277.499181037 326.799513481431 4.7219415213536 -194.228441754704 -280.565297151098
15000 370.706953991323 400639.823952696 328.897774188249 4.69181707196015 -198.714251370186 -280.958340176391
15100 350.027683038318 473575.295461496 323.130244617442 4.77556099303873 -183.729828650288 -279.241466142943
15200 387.479114372234 513363.200064913 319.914849946917 4.82355911931618 -175.628223006146 -278.134102425196
15300 360.503844543663 423553.646827307 327.069214990418 4.71804780499237 -193.918225380859 -280.382705901037
15400 313.732249310566 382520.310583867 330.667458788661 4.66670714293776 -202.676466269319 -281.623460583501
15500 367.923564362683 474168.353712771 322.361937158169 4.78694291723708 -184.187012869341 -279.5908769517
15600 287.938637404506 528683.038881206 318.39037140971 4.84665470577437 -173.425956927708 -278.487783204277
15700 296.101169818757 419536.130074833 326.940793617754 4.71990104015678 -195.463223062375 -281.073937810711
15800 265.138636618455 382374.732565166 330.305028767653 4.6718277273084 -203.127488604764 -281.957940206045
15900 320.726920678946 475246.779982828 322.294269784973 4.78794796102227 -184.167044279492 -279.767818552629
16000 274.215904314458 506896.568620263 320.012622007564 4.82208539833671 -177.703196166475 -278.948783035841
16100 303.619676990931 427246.457821471 326.76358528315 4.72246070665725 -193.517106407179 -280.653938308827
16200 335.053703151414 415295.940429918 327.554029521091 4.71106459634245 -195.725847624566 -280.630262794537
16300 365.42139111882 465853.050676347 323.321107050052 4.77274189101188 -185.364460993421 -279.374155972296
16400 339.39349080474 466722.15309552 323.309776501499 4.77290915407554 -185.333234394009 -279.515014619603
16500 244.026428419318 438814.852071322 325.780970145635 4.73670451400612 -191.158415629556 -280.385494058249
16600 331.675713109856 433359.773068334 325.978456605267 4.73383489183987 -192.465924673677 -280.637202919004
16700 251.651472969007 464255.836198359 323.45702566992 4.77073635568778 -186.292847129737 -280.019606900975
16800 294.121471744624 464275.381086595 323.341768833447 4.77243690919803 -186.289715276388 -279.987022000311
16900 242.746941039912 441143.83477301 325.445325102381 4.74158967064798 -190.960794798887 -280.569023807747
17000 292.180317302359 439535.47854665 325.299537454259 4.74371468198938 -191.244700891581 -280.48623443421
17100 275.585959092174 455831.211049898 323.955434664413 4.76339652540374 -187.883653351292 -280.051400231411
17200 312.743161798158 460271.496853533 323.855524036335 4.76486605086591 -186.941228077306 -279.978085634816
17300 304.108122307434 446164.887584155 324.797638920114 4.75104497987334 -189.782349656612 -280.230126200827
17400 307.953246709995 441261.22395763 325.321828356192 4.7433896448429 -190.756821841767 -280.354883079457
17500 307.160130111304 456198.946726712 323.74695415129 4.76646396847644 -187.783022013881 -279.965761861707
17600 339.33037069762 452210.108184505 323.993053010491 4.76284345459763 -188.710938613196 -280.157126691041
17700 274.319956291005 436839.095321765 325.496552576525 4.74084342722287 -191.983808207827 -280.731595706821
17800 279.988484084153 450858.143474262 324.115373925264 4.7610459608187 -189.299856279121 -280.50707081473
17900 278.746429083362 464997.745095104 323.051743395352 4.77672144916313 -186.510022178602 -280.268938395312
18000 279.101298623782 450223.908013511 324.118868857281 4.76099462307332 -189.51616356628 -280.596056323317
18100 271.189672893071 436196.196816973 325.514498924912 4.74058205383374 -192.208339818166 -280.830402643223
18200 322.7518000378 449240.699979003 324.468767354639 4.75586049297469 -189.275700427838 -280.254800525562
18300 351.776448203567 464906.881766767 323.497335392378 4.77014189311459 -185.855246126114 -279.725139647289
18400 332.665114793293 454498.876950431 324.275479384125 4.75869527599461 -187.88754344305 -279.876685215288
18500 369.201593021073 433279.309685313 326.011311436488 4.73335782450833 -192.20196305986 -280.365755231824
18600 364.575432413415 445771.976128713 324.635358290224 4.75341996014668 -189.852975171123 -280.175948442973
18700 362.458361631618 459908.787445628 323.444829477258 4.77091624670605 -187.118305299331 -279.963955781936
18800 270.743590384369 448051.013997816 324.582614990563 4.75419237074969 -189.570619828487 -280.340625363199
18900 301.02272164144 439437.237137306 325.328005391433 4.74329958163127 -191.409866129563 -280.63926117599
19000 264.981605012731 455904.030258663 323.992088280084 4.76285763661031 -188.095899481134 -280.288800087784
19100 286.030098264057 459922.037825177 323.458069582914 4.77072095884305 -187.267912383543 -280.120038546654
19200 332.430335265681 439602.107585782 325.533021643032 4.74031231632857 -191.109818598004 -280.428943178252
19300 328.414230573044 445214.850822527 325.206216308198 4.74507593792025 -189.576565121458 -279.945283599236
19400 386.898805392816 465767.615313667 323.439273205135 4.77099820493173 -185.249823942939 -279.276629965585
19500 385.012311246215 451528.852100238 324.495823027048 4.7554639608951 -188.258260662513 -279.708376478546
19600 351.584984203142 425094.789908 326.586249374039 4.72502499668556 -193.821282283644 -280.47223058085
19700 329.423348277562 442012.446181169 325.018367279559 4.74781842263957 -190.583746781455 -280.250624041887
19800 284.10412024345 474138.064258659 322.658414389735 4.78254439694294 -184.244057002674 -279.729564383114
19900 304.722136222028 463397.307036359 323.343809445686 4.77240679050431 -186.476074224727 -279.996763452167
20000 312.179692778774 426736.435917859 326.222542761914 4.73029294297525 -193.979444883381 -280.868152347434
20100 270.025357187569 432899.13193086 325.767198041525 4.73690476249061 -192.749068138297 -280.769543562649
20200 305.542565460565 473801.559466179 322.48925378272 4.78505306383268 -184.409689459622 -279.777404161053
20300 240.316684910748 470561.02503584 322.882931698368 4.77921884488984 -185.005793950117 -279.83687111706
20400 292.75934306237 422557.355706345 326.641156429343 4.72423073912281 -194.570426231319 -280.718627335033
20500 347.800133874144 426836.416936407 326.464608372239 4.72678554517808 -193.398032220189 -280.371585816908
20600 368.801664390162 469831.255384757 323.13053200027 4.7755567457947 -184.536853434165 -279.293469514123
20700 320.059244996673 480475.317601905 322.847490666671 4.77974349027649 -182.361095862924 -279.179549145098
20800 308.081507601275 438746.331835715 325.687955593691 4.73805728877257 -191.020407675016 -280.208081966709
20900 330.544202087039 411248.859943284 327.803750399387 4.70747570760254 -196.829579715181 -280.970695651459
21000 289.18796238951 459659.800217942 323.695522041856 4.76722131382029 -187.233105688676 -280.100413999091
21100 273.926006436809 495163.351364467 320.951599072298 4.80797788927206 -180.17152042425 -279.363756374798
21200 252.649971433358 441535.187214713 325.331815244257 4.74324403442544 -190.903903327712 -280.560345018609
21300 325.115874610122 408482.22284056 328.114404252205 4.70301873940285 -197.547514659907 -281.201781961261
21400 305.934690408449 461662.100258206 323.709367533856 4.76701741325026 -186.749694418487 -280.02552669348
21500 311.329305449056 495065.261585441 320.996642453835 4.80730321684922 -179.966268611457 -279.152773197223
21600 321.750312044967 438526.234708384 325.544311104623 4.74014792834205 -191.273086877777 -280.376703726136
21700 289.202148016322 410030.923986844 328.091877829756 4.70334164342476 -197.040808075426 -281.006473418236
21800 301.894502545141 465746.006894769 323.564656473825 4.7691494141634 -185.680378663596 -279.739270879879
21900 385.931557313152 488856.164867172 321.264116957683 4.80330080582694 -181.051106922824 -279.075228563212
22000 319.234754292424 439924.738687382 325.676746146629 4.73822036766285 -190.988131854869 -280.412272981088
22100 262.236722873768 419715.116833364 327.170117719077 4.71659270909063 -195.231169636864 -280.938483520726
22200 270.469149888219 459554.265386677 323.780223988064 4.76597419341772 -187.330261400756 -280.200543159081
22300 250.355536169096 475250.82473617 322.337257333752 4.78730943059538 -184.243671720617 -279.858010959184
22400 263.600263232444 438281.792273563 325.240784897215 4.7445716020941 -191.78113956252 -280.752057638782
22500 235.737217450307 432647.349417823 325.826195334571 4.73604705196149 -192.945053247214 -280.93026572686
22600 248.901091878336 460947.799204406 323.645143234198 4.76796338250462 -187.09523645622 -280.20827144144
22700 298.413708958777 460752.155274893 323.57962096512 4.76892885671703 -186.87584999613 -279.93052141511
22800 317.210027273523 439083.880824798 325.496429868598 4.74084521445927 -191.039320226231 -280.243122442355
22900 300.720352838427 444579.222561092 325.300865621071 4.74369531393638 -189.851788416652 -280.117752207949
23000 377.158542915871 455066.476779419 324.111952161223 4.76109622485789 -187.734535227921 -279.792110752282
23100 305.813207643517 453880.590575013 324.377372680885 4.75720047644697 -188.070822938891 -279.963690847996
23200 312.434563733929 445000.549760196 324.949540151137 4.74882405172323 -190.018080801429 -280.272009760928
23300 326.696795701019 447095.700052385 324.569818735134 4.75437980610697 -189.759641785261 -280.332540790621
23400 259.503201996052 460033.720822588 323.702957706706 4.76711180768477 -187.272859115069 -280.217847432581
23500 294.95348627419 453444.628678222 323.870098562253 4.76465162642826 -188.676261799604 -280.337297011729
23600 279.770586272148 440943.368278841 324.981119669449 4.74836259237367 -191.193776048741 -280.63352849429
23700 292.916606864147 441565.493532586 325.077733636807 4.74695136637744 -191.02752532383 -280.620095112359
23800 309.100335429305 455242.525593834 323.714843345597 4.76693677657123 -188.210927970353 -280.191282729559
23900 258.346008743391 456418.003135749 323.988456377671 4.76291102812412 -187.923629645163 -280.219431199443
24000 317.134876743947 445103.673423293 324.809956638042 4.75086480672677 -190.134542859717 -280.370609150824
24100 334.10244050205 442921.13892242 324.946898600798 4.74886265574695 -190.51018675833 -280.341644414571
24200 359.362824098725 443830.576970071 324.939892115899 4.74896505263725 -190.270949916045 -280.284915167933
24300 260.472393966392 460819.579297186 323.941077963932 4.76360763372509 -186.758773111248 -279.931024273599
24400 319.970049304943 454520.605147883 324.091545217639 4.76139601491257 -187.960354124777 -279.90171342922
24500 311.074475844489 430928.192213889 326.125025391603 4.73170738741429 -192.629502081876 -280.345473217211
24600 358.185253948557 438660.245816027 325.703276113024 4.73783441874448 -190.978470697884 -280.152840165183
24700 325.430306605674 470477.524059573 322.987282142217 4.77767477911608 -184.599719838002 -279.444611649235
24800 334.306613207585 461339.353376764 323.964979299626 4.76325618652417 -186.625159849936 -279.909385443563
24900 286.00516992772 425822.002024027 326.420101494584 4.72743003510072 -194.045723001423 -280.800747257059
25000 277.703634409143 438606.865121483 325.21442270304 4.74495620163556 -191.593751408075 -280.623442228077
25100 277.998091418648 470927.964953544 322.550144678013 4.78414974331062 -185.16528276515 -279.972492350791
25200 238.440547560972 457346.139154129 323.68468850148 4.76738086997608 -187.918004495413 -280.314780124976
25300 265.564436970912 426121.094534644 326.389791471109 4.72786904550816 -194.142390099745 -280.950288721778
25400 358.397147669635 437086.741605411 325.272884586476 4.74410338208154 -191.782542527188 -280.51962315251
25500 359.212180071969 474348.70028735 322.55266218206 4.78411240331083 -183.976216074337 -279.472833382283
25600 377.217558559497 455287.226279924 324.150392210779 4.76053162034338 -187.539845013572 -279.653000441326
25700 359.818602843204 418049.620789117 327.69631947713 4.70901899151118 -195.036088400659 -280.540601849336
25800 389.702714851222 445127.58963093 324.98316577727 4.74833269648102 -189.586506599442 -279.875543576994
25900 367.175524778061 477709.922549368 322.614047576518 4.78320210622608 -183.091102139784 -279.282708795552
26000 284.805747822773 456155.498868367 324.449747824396 4.75613928570942 -187.53813378465 -279.912186566321
26100 306.557877763617 435043.68445856 325.973165205194 4.73391173440535 -191.994927477418 -280.507377151649
26200 342.891870221025 446242.207748128 324.679638074784 4.75277168909092 -189.871410419658 -280.301995630061
26300 326.429591945115 456475.291235697 323.956509438449 4.76338072212533 -187.835715348388 -280.133999584623
26400 292.672039889267 449363.835837438 324.529065542982 4.7549768440132 -189.333590818177 -280.354539966497
26500 248.819015840094 443504.102566923 324.932262696291 4.749076558484 -190.613326944146 -280.558967491338
26600 283.959267749127 447611.104084968 324.778877200113 4.75131943668651 -189.788847429252 -280.524563380035
26700 258.523194091169 456756.934435912 324.029132438315 4.7623131298538 -187.871656680042 -280.247592290415
26800 248.067528406077 452099.455467781 324.598453222853 4.75396039797727 -188.680543437381 -280.275186067413
26900 215.199889241841 454817.852370892 324.670357873489 4.75290753973732 -187.899364036677 -280.065161560551
27000 357.374615307766 455757.703058536 324.449491172975 4.75614304798964 -187.509715667667 -279.803139554178
27100 335.870838646217 452856.352634732 324.795137003767 4.7510815774567 -188.069787934825 -279.873369560834
27200 340.651738598107 443118.579594706 325.539684635251 4.7402152938592 -190.11479962568 -280.150249937978
27300 314.192896166287 449500.438019802 324.705796595326 4.75238880256052 -189.022415731792 -280.120617332656
27400 274.074891182546 463274.825011096 323.518851322735 4.7698246502697 -186.482158773348 -280.028743206668
27500 301.39149913102 455426.273090353 323.908003542102 4.76409404828289 -188.192553369342 -280.264940448616
27600 305.119141312122 432100.029629101 325.803999783196 4.73636969740391 -192.948260368204 -280.816181261812
27700 314.991418343322 439169.00786137 325.191181365759 4.74529532253978 -191.502707773255 -280.640133322604
27800 279.36836362131 464803.131313 323.178784038744 4.77484373380501 -186.277142827831 -280.033673893626
27900 276.690710280289 458898.083102564 323.72336708778 4.76681126156609 -187.407656797148 -280.129047113439
28000 271.947057017425 434521.255971942 325.87613993333 4.73532119345044 -192.260938925045 -280.640783227542
28100 323.515573242411 435953.088312693 325.643942130512 4.73869767627265 -191.854423002631 -280.46231499338
28200 328.711110687586 465805.716951434 323.38007281882 4.77187161971692 -185.604093629846 -279.621379907093
28300 382.460097550606 460826.968806638 323.954482711396 4.76341052283219 -186.239538655656 -279.417139437602
28400 351.086661248177 435319.300212286 326.654427801662 4.72403880226316 -191.009872988898 -279.763500895602
28500 382.473125571643 442328.174769447 325.902508407307 4.73493806294227 -189.562434212565 -279.537453629333
28600 380.512293323114 470382.108812632 323.259380606929 4.77365324702674 -184.166247371155 -279.071789390622
28700 316.222816666644 456489.902463654 324.406419281607 4.75677452771543 -187.236379993729 -279.665806275068
28800 319.515327306558 423398.962480157 327.139756483356 4.71703044733613 -194.152331072944 -280.603875881561
28900 312.286954783503 443358.583705984 325.16408394713 4.74569076982384 -190.231070505323 -280.211349039463
29000 355.24447267014 478080.059652724 322.068992035632 4.79129698923452 -183.340627445816 -279.444123486787
29100 305.381523980763 451720.49702492 324.513192399144 4.75520942756654 -188.780382990856 -280.274210644479
29200 242.585950809532 422810.77873644 326.706473449861 4.72328624398359 -194.779697314701 -280.996801645948
29300 284.983357148704 452177.853738265 324.194375498134 4.75988576142031 -188.895311819458 -280.391796074947
29400 266.077443544811 478360.546501609 321.973039321691 4.79272486639586 -183.618398961528 -279.74962985195
29500 305.647862296679 443633.223552444 324.824436875734 4.75065301954627 -190.624627826776 -280.566598651956
29600 307.909074161641 417580.758496145 327.019761152545 4.7187612957319 -195.801413251998 -281.033695653661
29700 305.187481843464 454073.847310287 324.40649801061 4.75677337331157 -188.081706248846 -280.021955431215
29800 371.298250730668 486489.581029964 321.764315999562 4.79583382971598 -181.339306285975 -279.040768815865
29900 363.187424549561 442350.110819837 325.506861951256 4.74069327637462 -190.207137036957 -280.077383203191
30000 319.892467158415 413464.670268618 327.652971744272 4.70964198386855 -196.193633054071 -280.749191024606
30100 285.86596394782 461219.053123158 323.796256687292 4.76573820727151 -186.638190260522 -279.84952054413
30200 298.973488309761 482819.115600574 321.745818108962 4.79610955298734 -182.487852363957 -279.446602756034
30300 293.549120082491 440178.352632751 325.281282928045 4.74398089547462 -191.246774971973 -280.613819902125
30400 283.321969720118 418408.477023901 327.088994102682 4.71776250405322 -195.713069589306 -281.132377558049
30500 295.826255815336 460557.312734242 323.522353730145 4.76977301282021 -187.1401970223 -280.139055664537
30600 320.458210112253 482273.439144912 321.628425531622 4.7978601061628 -182.72571420054 -279.539546451793
30700 272.855912601006 433981.864416239 325.735952144159 4.73735914537057 -192.473738339301 -280.705899913835
30800 284.988354079119 418271.534165038 327.322616969667 4.71439525368674 -195.585999934937 -281.038341276118
30900 303.817891317575 468459.344315743 323.122834086515 4.77567051622528 -185.32628224853 -279.803957454484
31000 329.092077919301 481330.549599095 322.064262665815 4.79136734729033 -182.584716907751 -279.340204555438
31100 328.639030988305 443664.801199093 325.519207664863 4.74051347979086 -190.012288444008 -280.153052932264
31200 354.084916852423 423819.53652317 326.933253875214 4.72000989062774 -193.846034986223 -280.328828942697
31300 352.442163979589 444880.786153541 325.502626177098 4.74075496713979 -189.251333441248 -279.634549166051
31400 327.560234145256 480154.541496626 322.702266437003 4.78189449644714 -182.115356796381 -278.825649814023
31500 356.372895067681 462232.854414207 323.703429763777 4.76710485580032 -186.083349333466 -279.472785717897
31600 284.937282608458 425920.732933329 326.674462264644 4.72374908393056 -193.83469857803 -280.677456787477
31700 294.167359130135 438584.992638601 325.629618527694 4.73890611929972 -191.350485169497 -280.489393301578
31800 303.394291487537 476700.98174118 322.359537605107 4.78697854988385 -183.718546682828 -279.631267940435
31900 265.115099256821 459322.062661429 323.630051163911 4.76818573033121 -187.326111746781 -280.106415689469
32000 309.422165975271 425956.686903501 326.397024294942 4.72776427787438 -194.128134740084 -280.904463742435
32100 271.855334909253 443198.771062923 324.888095697005 4.74972217297018 -190.645142028695 -280.516641670518
32200 313.883924455517 465555.693699482 322.945797489212 4.77828850495468 -186.132393758664 -279.973025410309
32300 236.028353303422 455679.853938115 323.968016650191 4.76321152878599 -188.106948467967 -280.247669860261
32400 301.394360519057 436797.45438656 325.445580629012 4.74158594774465 -191.888791769561 -280.614223181211
32500 346.599200769933 442208.871448796 325.033611506947 4.74759574774974 -190.673144972798 -280.384076650683
32600 306.125039908967 460605.425526624 323.760462993199 4.76626508870089 -186.786542825814 -279.863570123168
32700 384.545420407866 448206.172819421 324.770424917949 4.75144309170388 -189.149318083682 -280.00329652951
32800 293.54936414486 440540.809094776 325.769804669665 4.73686686042273 -190.609158277223 -280.184116671521
32900 312.569902530009 455808.429722141 324.267956367874 4.75880567772007 -187.528628062474 -279.780678945287
33000 322.564839322835 459069.526949659 323.882009615098 4.76447640206994 -187.006581129909 -279.808067696157
33100 314.49322214566 438616.0915007 325.537473241729 4.74024749439603 -191.440227088023 -280.560229878165
33200 251.658864885675 440249.579096895 325.184417749588 4.74539402147622 -191.340670959537 -280.695559789279
33300 272.933410750379 466781.581600926 322.975975378955 4.77784203625528 -186.014692685409 -280.111214889106
33400 294.769726303418 458149.883855879 323.606030926527 4.76853965745923 -187.709910198423 -280.246572347724
33500 259.992707475033 432694.373105606 325.896585599225 4.73502411517683 -192.78753921825 -280.80132471761
33600 302.471976992332 437291.371257672 325.526481382029 4.7404075555228 -191.751245227586 -280.599085290296
33700 299.833725299923 467102.157945412 323.332492886354 4.77257382359188 -185.514152150587 -279.779237901805
33800 346.395681660694 461804.003700679 323.789296700671 4.76584064881143 -186.452591970564 -279.780133331829
33900 316.198430475182 443720.868047343 325.205259972959 4.74508989182534 -190.095245237192 -280.160453563967
34000 383.80879673218 430189.396701635 326.07241287538 4.73247085902935 -192.860631713714 -280.412093475827
34100 284.813239874007 457473.772474909 324.155392417254 4.76045818753434 -187.39068755704 -279.947650062236
34200 323.457543098737 469802.354108371 323.19062577106 4.77466878312007 -184.989194772344 -279.757603129976
34300 295.755644958503 448749.81312719 324.497590540003 4.75543805825545 -189.314834246249 -280.202594187211
34400 298.785764648846 428051.968311544 326.416650613495 4.72748001355273 -193.579193797805 -280.787619202102
34500 309.935275651828 450640.187784512 324.295399399181 4.75840297064053 -189.040692139483 -280.254450225998
34600 241.365411064161 473411.459149033 322.770610904043 4.78088196302631 -184.558846593634 -279.931176595046
34700 250.160792644065 452134.690863931 324.331598475511 4.75787187902581 -188.888782995465 -280.415257771577
34800 269.36398100541 431426.720880569 326.269331300594 4.72961459697978 -193.000967267545 -280.857272566563
34900 279.695416305754 457420.090800814 323.97025607292 4.76317860340485 -187.624263446748 -280.117508697591
35000 287.195439405957 471042.387793237 323.196695808477 4.77457910887976 -184.650864597493 -279.671196827125
35100 362.842007661692 447850.371992624 324.843807741662 4.75036973182299 -189.178443323482 -279.980811312654
35200 334.296132368753 430959.604869373 326.367379846683 4.72819370793439 -192.566490538371 -280.354045193541
35300 295.000441913792 453340.309296512 324.576301237774 4.754284850685 -188.102211275302 -279.941980984476
35400 252.020591085215 478254.622745132 322.594298795115 4.78349492731174 -183.321005107267 -279.616397450113
35500 258.86727399309 456070.694070585 323.929802215231 4.76377345126402 -187.999512757199 -280.208385953409
35600 269.587091740768 417271.269012955 327.010900264275 4.7188891581872 -195.99420116843 -281.161006033151
35700 256.525033712439 440018.086408468 325.127782111414 4.74622064544864 -191.430242489273 -280.722592316457
35800 251.452450514651 486502.282851832 321.506668110745 4.79967709825098 -181.993821785062 -279.619600210825
35900 285.688993202778 464555.41002661 323.084974825774 4.77623013171153 -186.34811055758 -280.027472945946
36000 320.936950511961 409633.952283975 327.502308983282 4.71180858741639 -197.471069948117 -281.204706792091
36100 322.359511044509 428965.602075952 326.173128570474 4.73100956730931 -193.479071889041 -280.808434464406
36200 275.366081644935 486990.166290103 321.681748429346 4.79706479898424 -181.696013326089 -279.472911289639
36300 317.884827316788 477294.048760886 322.493309958471 4.78499287958822 -183.536331518886 -279.608229720101
36400 336.937551003363 423757.659326988 326.592220550674 4.72493860773604 -194.450070935032 -280.830039019045
36500 323.248375753455 417262.902545298 327.102473187619 4.71756809671388 -195.820581517556 -281.009527549414
36600 318.64670365696 461016.743734939 323.611916329383 4.76845293390084 -186.887398294072 -280.004799466787
36700 365.412785152836 471284.383175818 322.535209009436 4.78437128338747 -184.724703525456 -279.599273855563
36800 317.282766268184 440194.231854721 325.10706957149 4.74652302670642 -191.084028764958 -280.406432857492
36900 342.179847352766 428946.387109336 325.990821132161 4.73365534191073 -193.403325162252 -280.679967252213
37000 307.972402461253 441123.519217828 325.10096080899 4.74661221555961 -190.953645058121 -280.462934411172
37100 247.810928831396 465792.857101289 323.140587837884 4.7754081348651 -186.129474298091 -280.074540683971
37200 247.782337092593 467414.631544051 322.909065033551 4.77883205820123 -186.035404794425 -280.240020612278
37300 270.097600670983 438089.026536777 325.019118900876 4.74780744309612 -192.125171549633 -280.996347356497
37400 232.693514187524 423093.376854313 326.550920068818 4.72553619368435 -195.161969971319 -281.395622435201
37500 231.227727382212 459614.487494065 323.664961845769 4.76767143118025 -187.61276995596 -280.462156748569
37600 284.548613049302 485144.912915446 321.687331614163 4.79698154143344 -182.219745253367 -279.627847595372
37700 212.817463063313 447952.459306207 324.975683682014 4.74844201997605 -189.604781967593 -280.464719508853
37800 343.173181952669 418524.906021734 327.041873797808 4.71844224088611 -195.459762557808 -280.890530950928
37900 295.495722974337 447271.228015313 324.575251496543 4.75430022699238 -189.576704203721 -280.186678398348
38000 296.521434870652 475326.542421042 322.436009899648 4.78584322001253 -183.911480629586 -279.570350758836
38100 306.667033716548 449385.247748744 324.596243304985 4.75399276391571 -189.172788931919 -280.216917475761
38200 322.875164347591 419560.026409156 327.003540181377 4.71899536931681 -195.28251820012 -280.914540611125
38300 291.775612185188 446826.980577661 324.704964501815 4.75240098109894 -189.876295128251 -280.432447254389
38400 275.700020701793 477688.483593386 322.113892356636 4.79062911747256 -183.847272655955 -279.885441224901
38500 272.04079122998 447745.490024583 324.425958148689 4.75648804636922 -190.040015209148 -280.704345642143
38600 224.651474895449 424791.877588357 326.454371503742 4.7269337664496 -194.7476659067 -281.30190348165
38700 274.301670009893 454994.420688167 323.781483599336 4.76595565228699 -188.563066871465 -280.512217642204
38800 241.323383899798 480419.928230074 322.058441560666 4.79145394974981 -183.184656698794 -279.755348742065
38900 333.839483570903 442203.477696117 325.220956934116 4.74486086755699 -190.626770341712 -280.388315449835
39000 303.299366874701 424351.270937616 326.649390127748 4.72411165764806 -194.173742429338 -280.689855886069
39100 345.236011383158 462454.733220978 323.549500752465 4.76937281089087 -186.417521593081 -279.807356017853
39200 373.969641531171 467844.458953706 322.881106189189 4.77924586569627 -185.337932707723 -279.62101352401
39300 328.956514757217 429930.699297867 326.239095949617 4.73005293057959 -193.105560194132 -280.649100284704
39400 307.47855098718 426639.944896065 326.227132342456 4.73022639406408 -193.90041770478 -280.770700576977
39500 278.160565500641 466086.801185492 322.969728880535 4.77793444362372 -186.045544059555 -280.000191262078
39600 277.066379438641 472038.995839817 322.593072467391 4.78351311162178 -184.987560031019 -280.031089874571
39700 234.174960739815 432573.682884439 325.847848684377 4.73573233058484 -193.056970089702 -281.033047610108
39800 257.282196448324 424313.759429595 326.572309747595 4.72522668274843 -194.727318687321 -281.21537070569
39900 227.842105209742 478974.679700921 322.260674013269 4.78844710603002 -183.592947974455 -279.933584050261
40000 294.334312698315 484746.322402715 321.610758507126 4.79812366672407 -182.193840109599 -279.49874530043
