# step temp[K] press[bars] vol[A^3] density[gcc] enthalpy[eV] etotal[eV]
0 1931.13851275014 297409.09486009 350.404373163655 4.40384969495061 -218.714520763429 -283.759444002298
100 1984.82205531048 237528.525015212 353.013910925526 4.37129570282478 -232.316225496912 -284.651828704169
200 1996.01855345573 241281.270377741 352.052045822673 4.38323881419336 -232.240714740155 -285.258322260411
300 2325.41252635982 235507.411594406 348.068262475192 4.43340677168492 -234.181106858657 -285.344418487366
400 1704.96892746716 275877.217403665 346.540485345221 4.45295212860589 -227.272157324504 -286.942627347473
500 1810.9255379323 228442.662559753 349.289809491417 4.41790212578199 -238.873151168299 -288.675837754458
600 1618.56456606119 255373.827162369 346.718546976022 4.45066525954505 -233.23476496269 -288.49886494758
700 1557.47845063585 272442.716636577 345.676621456673 4.46408028799696 -228.919173917838 -287.699887420632
800 1405.95426785952 254809.035995979 350.444743163055 4.40334238698548 -232.07968643186 -287.814174595453
900 1968.97949160642 227933.708709712 352.025448879441 4.38356998557397 -237.112268122794 -287.193183754307
1000 2279.50836957053 257392.282649807 346.95950293724 4.4475743676208 -229.865815941692 -285.605429179097
1100 1945.15171438516 274038.079011173 348.47190527796 4.42827145745147 -225.586467240468 -285.189495690664
1200 1968.20422645763 201103.99190971 356.052367885552 4.3339922187012 -241.512256531076 -286.203682544808
1300 1889.60102410285 235806.975692512 353.820488944526 4.36133078802019 -233.487883273308 -285.562882148934
1400 2365.33564693344 278375.68929228 346.659752880678 4.45142010009242 -223.334014972125 -283.565610965481
1500 2123.1251807347 277700.092174172 349.153192148939 4.41963077114834 -223.476282204305 -283.993880385695
1600 1923.07087429319 195871.426829352 356.50911499148 4.32843965827634 -241.845817565217 -285.430247265097
1700 2143.98465280405 255641.61312251 349.582413944755 4.41420429149501 -228.986438148966 -284.765443907756
1800 1945.37111320429 296768.689451059 342.800696010661 4.50153167663968 -221.630977724346 -285.127423526662
1900 1993.24239147283 249922.17574129 348.63629397483 4.42618344255784 -232.667604839528 -287.051089513389
2000 1770.64651437625 197107.243564489 354.063130909204 4.35834193722317 -244.834618165837 -288.393119854837
2100 1801.4834426763 243803.929294452 348.101154091076 4.4329878649652 -234.753870723764 -287.724582227358
2200 1689.84623527286 315125.55747725 341.786670278683 4.51488699254391 -218.903849802704 -286.128475185652
2300 2214.54720287909 249630.546872831 350.065793788888 4.4081090447721 -231.383585213391 -285.926337241642
2400 1859.94430557311 201748.706177671 360.435253719986 4.28129095569809 -240.237243881102 -285.62384523172
2500 2008.23854606625 227392.045918232 355.018122102874 4.34661809015756 -233.870781519148 -284.257425639207
2600 2551.20565270896 316564.965235208 344.03202985791 4.4854201293509 -214.44515488924 -282.420491920939
2700 2028.38204857635 277118.176174965 350.508532998019 4.40254101281706 -223.028324588806 -283.653533732851
2800 1964.94362457278 186133.05998069 361.716551393931 4.26612546735679 -243.521432239825 -285.543898901029
2900 2044.687036122 226461.022583206 352.455384488211 4.3782227759319 -235.243696428476 -285.061807470647
3000 2348.33064118927 332029.024568616 340.065171585708 4.53774252938219 -213.095983744024 -283.569809325264
3100 1647.06821984904 265947.095783335 350.116084488963 4.40747586366534 -228.296324016955 -286.41249028008
3200 1641.90488967152 169962.586893459 360.045065509244 4.28593067838198 -250.023145581232 -288.217558451584
3300 1875.39971307534 239647.144152165 348.736906479624 4.42490646442745 -235.032703367298 -287.195373147002
3400 1648.86356348034 338063.818326791 339.581945852165 4.5441997453478 -214.798374631761 -286.451135266825
3500 1381.98403206027 248498.537302823 349.468654586775 4.41564120733739 -234.833621587202 -289.036419779535
3600 1715.46808116281 181670.9886174 353.877400372797 4.36062938814542 -249.820373946149 -289.946575507014
3700 1512.5595922886 301541.554189297 342.70421577858 4.50279897596337 -223.356880215988 -287.856366916172
3800 1689.16520240555 299302.599669639 342.100539737743 4.5107446864863 -222.617394286956 -286.525197760477
3900 1963.2961105914 202388.325584464 354.944496650928 4.34751970075963 -242.291863847425 -287.128760626651
4000 2166.62940953264 210800.67110197 355.806190364181 4.33699084967203 -239.245664791832 -286.059598032648
4100 2168.67517789736 300913.284436441 345.413608224522 4.46747943660364 -218.811698909345 -283.685664630277
4200 2091.76801504606 277342.260299015 347.181843651912 4.44472607102483 -223.684844293731 -283.783215012064
4300 1875.4064305304 217654.53587971 357.152243794392 4.32064537932591 -237.050220024143 -285.569097851564
4400 1927.29243458064 229459.324159676 354.278385916759 4.35569386450996 -235.10821462443 -285.846993402448
4500 2373.56458477626 281257.216989853 343.846214630202 4.48784405995487 -224.662377580064 -285.023535916481
4600 1956.69109337216 272931.629322679 347.330858699702 4.44281915417222 -228.011369802532 -287.179368571054
4700 1409.18222359002 201475.071563685 353.906401695935 4.36027205066475 -245.008927981244 -289.512962092676
4800 1442.68444342338 266324.342915517 346.404347372213 4.45470215247622 -231.104228688382 -288.685843571001
4900 1893.6636920903 314403.69027828 340.702063530954 4.52925989315565 -220.451529495511 -287.309323290113
5000 1610.42522106174 220407.106436672 352.140091717085 4.3821428691678 -240.107744381588 -288.550708484299
5100 1673.7490388779 183069.251295958 356.381298794648 4.32999205369441 -247.645982567662 -288.367125054908
5200 1985.64816592132 315604.824472231 341.831303838335 4.51429747521288 -218.182190582434 -285.517848449723
5300 2344.15517072544 293052.50293551 341.253300314719 4.5219436425757 -222.560419177608 -284.978719403727
5400 1665.95550587643 184514.759693276 358.636962207839 4.30275837260701 -246.060709850814 -287.363158675214
5500 1538.89255473082 194559.732418346 357.33671777007 4.31841485950809 -243.37768694148 -286.770743943998
5600 2350.72776770106 351924.29039635 337.799861630953 4.56817295429206 -208.427679864429 -282.626731342502
5700 2439.21841738025 282978.121680178 344.897165713131 4.47416895605811 -222.457073197901 -283.373178337577
5800 1915.90881048438 149965.102654499 365.658027989324 4.22014033262569 -251.607809813962 -285.833716699914
5900 2069.7353966175 219766.564826782 357.204666537684 4.3200112888316 -235.370366359882 -284.36724186335
6000 2328.84330307542 344452.508548104 340.01597981101 4.53839902678642 -207.765404504401 -280.865563689324
6100 2090.1730679891 296604.739722543 347.570383984326 4.43975742172471 -218.6262157934 -282.970576902763
6200 2097.69289321668 132270.182204364 366.313204301151 4.21259232194506 -256.707361088568 -286.948919541571
6300 1886.16213559041 199348.807649949 355.370137518186 4.34231250448598 -242.7351852957 -286.951670301346
6400 2079.39653950537 380829.202372631 333.855474176958 4.6221443445561 -204.521108512164 -283.876856108354
6500 1992.49388035316 271615.143716211 345.172408663958 4.47060122168811 -228.342843826019 -286.859526217835
6600 1772.97517561749 124953.294266718 365.323565584327 4.22400397137787 -261.212313514013 -289.703795565476
6700 1548.97021763525 222565.117739634 351.550419431243 4.38949324641021 -239.044923632625 -287.88028009437
6800 2111.82400549524 400541.060844659 333.24833817578 4.6305653024807 -199.537376726099 -282.848823934098
6900 1881.27392114282 247569.556004957 351.649414904446 4.38825752713234 -230.12554800421 -284.462688461142
7000 2231.15907042016 129834.094730381 370.311051993091 4.16711352135099 -255.649155014429 -285.657709130769
7100 2382.79707631816 230189.083697752 353.450021003644 4.365902108265 -232.871332590675 -283.6524646743
7200 2228.84038786784 390546.271439338 338.271199124351 4.56180779167917 -198.734394476424 -281.191324504626
7300 2013.08414723062 213042.639533842 354.755719556276 4.34983315785929 -237.81189409201 -284.984034542201
7400 2158.43054501322 145496.767374636 362.714237457984 4.25439101227691 -253.849341880903 -286.788127982742
7500 2004.25964733287 292786.337633464 346.177078733842 4.45762670801366 -221.899538070147 -285.160932214384
7600 2057.4996658702 329832.121011731 341.770152179256 4.51510520162908 -214.463334900349 -284.821859190142
7700 2094.86162987098 177003.04212855 355.072719767748 4.34594973355169 -248.288696267108 -287.515929705964
7800 1433.44456878483 213275.436351241 354.009101009399 4.35900712006031 -240.662770274073 -287.787069931502
7900 1891.60036886435 328364.801632881 341.510198195975 4.51854205238287 -215.798269510044 -285.790513489548
8000 2237.56156006053 269343.871463775 345.020449126929 4.47257023683956 -228.183449928044 -286.185264024068
8100 1696.53370605109 203754.290768092 355.966583391682 4.335036668788 -241.769173347999 -287.038666900122
8200 1980.23963584138 223170.394929112 353.391032134147 4.36663087500293 -236.143110845842 -285.367660204658
8300 2411.16713270449 293793.737340026 346.687762143456 4.45106046525977 -219.423266400003 -282.995970986655
8400 2236.0111773074 262260.098434034 351.177517414078 4.39415428193997 -225.844270203555 -283.328480142245
8500 2355.53420610554 187537.879710494 358.118356740996 4.3089893685125 -242.522786198436 -284.441237323273
8600 2061.16761735284 239904.016465131 352.332330452363 4.37975189470941 -231.557699394988 -284.314646713864
8700 1972.76358681134 318182.30279608 343.612208997415 4.49090035644725 -215.820938329525 -284.060189078519
8800 1783.62434712756 255274.036256971 350.068410255824 4.40807609786449 -231.026583100871 -286.802820021127
8900 1495.44090619363 187107.996589527 357.73253433749 4.31363670828528 -246.773571667329 -288.550877610078
9000 1657.06309408808 262171.701942813 346.81597540919 4.44941496724729 -230.331279946573 -287.082414752248
9100 1928.57485479908 337781.213605293 339.156101612108 4.5499054403892 -213.831131696289 -285.334214911014
9200 2069.44971264238 218286.844183957 354.368835392093 4.3545821126136 -239.267464169413 -287.548071677315
9300 1809.48027392456 138129.867055379 362.560660910743 4.25619312362742 -256.730515436203 -287.988280040235
9400 1694.9160261456 339024.353820986 342.042290484231 4.5115128590722 -212.068505140332 -284.445466424476
9500 2287.54626687687 339555.360103878 338.637683336267 4.5568708616926 -211.721801355786 -283.490573716377
9600 2039.86564937555 134453.542144507 361.516422484654 4.26848711674122 -256.726359237969 -287.064567011252
9700 1843.35881305585 191551.491513937 359.58653707901 4.29139590264209 -243.630907805903 -286.622012410056
9800 1794.67165578581 344494.656549261 340.400174425391 4.53327673662618 -210.007521065903 -283.199233201229
9900 1774.18303814456 324925.308874905 343.631189990068 4.49065229471958 -214.621818448927 -284.311063389528
10000 1982.40028444402 169231.644943518 361.33510926416 4.2706289876138 -249.29426943662 -287.460685506647
10100 1836.31254683057 199345.491520346 354.960141881345 4.34732807939308 -243.511378303216 -287.676115430161
10200 1776.32660302693 354531.785158812 337.678200808645 4.56981880432542 -211.484000690271 -286.205890158694
10300 1565.50219582184 268707.995776192 344.926286048088 4.47379122520973 -231.263651933361 -289.112740978487
10400 1528.98192021363 171875.003473098 356.051168209289 4.33400682162362 -252.437109452384 -290.63283618572
10500 1796.79627642699 244973.54353698 347.767084666835 4.43724624871976 -235.544719201312 -288.718470692711
10600 1866.02172250119 333920.35615453 339.97395995007 4.53895996061802 -215.315696031966 -286.171950501928
10700 2316.19199437177 233530.957326529 350.041211099466 4.40841861739426 -235.948365684701 -286.969872448654
10800 1796.66278155504 183483.808260045 358.022361349954 4.31014472405473 -246.5558736824 -287.557165551769
10900 1873.31447812996 274335.46744132 348.29284996144 4.43054800590067 -226.03325991257 -285.670311011897
11000 2054.14197466921 294630.809800307 345.43554155053 4.46719577533799 -221.122482291176 -284.646041237922
11100 2124.82925797623 225566.11355668 352.840019207044 4.37345002795905 -235.85958135625 -285.534977194222
11200 1986.42536990415 223503.640323009 353.919649932184 4.36010883306933 -236.100935365193 -285.472730633497
11300 2057.41139796395 256253.336741797 348.245359294862 4.43115220541832 -228.790493152802 -284.489122688408
11400 1855.09014705166 269503.004952182 348.90710229306 4.42274800863752 -226.117119489448 -284.806978264145
11500 1971.68410678611 237407.26724765 352.766892500142 4.37435662096748 -233.781830745698 -286.054114057745
11600 1905.94277645137 241699.345766791 349.60225834314 4.4139537289588 -233.982827356495 -286.722732803947
11700 1842.83222163932 293299.491379945 343.854229749408 4.48773944991374 -223.839203980372 -286.786245516896
11800 1744.66497499071 256618.893198804 346.532715047129 4.45305197708751 -232.390076107691 -287.893849750964
11900 1726.89414951535 220534.046253611 350.806503595439 4.39880155028626 -240.476378136261 -288.763678374396
12000 1516.63740998457 259174.351087927 347.340601989824 4.44269452815461 -231.484209017436 -287.67138635227
12100 1781.35946974353 295008.033405935 344.810799735569 4.47528961694218 -222.070173271706 -285.560029680858
12200 2477.62281788012 210949.501005285 352.900577010183 4.37269954313957 -238.647750044967 -285.112169305127
12300 1973.70684783402 202135.417840662 356.745093898712 4.32557649217245 -240.117758460503 -285.125795101798
12400 2250.08644117304 266227.312482697 347.599644337072 4.43938369042095 -225.917613793914 -283.676867616324
12500 2734.18866160979 278606.14534076 345.127925072628 4.47117743816698 -223.48679394912 -283.501880210802
12600 1954.4671790342 205985.593986566 355.218689999024 4.34416384979731 -240.357567252464 -286.026651061007
12700 1677.92775041958 220782.240756984 354.594244236034 4.35181398725396 -237.943992271699 -286.8075923819
12800 2274.42923866645 287658.617843454 342.445109976662 4.50620594924333 -224.04911687783 -285.532534605612
12900 1691.7387528922 310161.107169167 343.117377891549 4.4973769657154 -219.9471517254 -286.370336571654
13000 1382.04129646163 186000.464832534 356.018676537395 4.3344023602201 -247.873365156818 -289.204416589053
13100 1824.97589193734 201543.912919058 350.647004600007 4.40080243556169 -245.654371759548 -289.763600274904
13200 1917.53350614968 345882.413067437 333.97603068731 4.62047587274579 -215.680569880576 -287.780263891074
13300 1277.06492001655 294203.344853909 341.879272645046 4.51366407775257 -226.85746146243 -289.63582923177
13400 1540.14772794938 147064.052510336 358.983606238052 4.298603515735 -258.343986708766 -291.295152774516
13500 1927.31169563978 224808.155511984 349.485141365263 4.41543290177628 -239.538455444453 -288.576192553423
13600 1863.07295820087 376760.371630827 334.880606896751 4.60799508865526 -205.633836978631 -284.382802468
13700 2003.32847420926 260252.524941526 349.805697661273 4.4113866703234 -229.437412158574 -286.258752413707
13800 1752.46639729213 119831.261280718 367.381023024088 4.20034812675923 -260.308537999411 -287.785992174764
13900 2092.12129014611 239996.343803491 350.445000972825 4.40333914760503 -232.355878068636 -284.850418425263
14000 2170.33002809078 418299.91244018 336.232997294167 4.58946089254901 -193.392733800142 -281.177215302429
14100 2381.75089883482 197980.743514096 356.749366883468 4.32552468234703 -240.645285250672 -284.728758515803
14200 1998.47048571921 141690.143505832 366.992129604584 4.2047991425014 -253.898445519213 -286.353775820952
14300 2142.78344495743 292968.952536834 347.42797838398 4.44157721276162 -220.933958287984 -284.463545015254
14400 2031.41169784296 342235.018021656 339.455248675448 4.54589580773134 -211.762663782361 -284.272448533284
14500 2121.76636036602 192910.231376997 353.057541091703 4.3707555065799 -245.693719825126 -288.203650498428
14600 1639.08500002561 183195.525087432 355.090618335008 4.34573067320597 -248.636852065174 -289.23850380548
14700 1576.3120899252 323151.25928514 341.93243685865 4.51296228589167 -218.321869442628 -287.287989942654
14800 1763.78652239961 283647.956127929 343.009229078127 4.49879496249544 -226.182602673561 -286.908662980292
14900 2012.49859795634 215798.874111986 352.211198815728 4.38125816854978 -240.132603147829 -287.572307920722
15000 2295.02268424389 210037.173207855 352.689095933955 4.37532152157913 -240.56303023564 -286.79877313363
15100 1823.97948897312 294803.608704343 345.678019893673 4.46406222860444 -221.597409234617 -285.202840792517
15200 2263.49111766096 243797.805245483 347.424395781443 4.44162301382217 -232.351521921798 -285.217922833467
15300 1808.18691476626 237040.645540011 352.296394459891 4.38019865128596 -233.81563775869 -285.937588595062
15400 1977.12410473249 256723.200014344 351.038534336783 4.39589401426128 -229.538938253706 -285.787257875972
15500 2327.67097175943 254256.169833933 348.22977970269 4.43135045251903 -230.124379415504 -285.386437003616
15600 1901.0269139752 268418.668734214 347.976093669599 4.43458105294816 -227.3376955301 -285.63544226033
15700 1848.58789357815 238779.535391734 351.166331083494 4.39429425681251 -234.148635788961 -286.484525986662
15800 1822.67080592756 245151.549760647 349.11964688058 4.42005543272665 -233.485436123852 -286.904783171237
15900 1887.83254854997 259717.62858419 346.065533645099 4.45906350630295 -231.218553286867 -287.316816950719
16000 1717.78685042173 258269.346370902 347.234256650991 4.44405516537826 -232.269047430551 -288.242883336169
16100 1655.48082538882 240077.836051977 348.079907133746 4.43325845657959 -236.532147375287 -288.690115537872
16200 1910.02097271688 269080.793542139 345.545441732334 4.46577499077952 -229.71964195413 -287.752974527792
16300 1777.03685227744 260169.063123509 347.9339352183 4.43511838216623 -230.257836389746 -286.757008581213
16400 1989.08060940332 242053.174340158 351.742823208136 4.38709218795633 -232.653669474204 -285.794173600246
16500 2202.16620235883 255453.216271641 350.606804360244 4.40130702734615 -228.7005809597 -284.601810206631
16600 1996.23403685278 265254.070067385 350.110425266124 4.40754710658264 -225.984839422853 -283.948625107428
16700 1856.62128778425 254061.588667576 353.160468705936 4.36948166231772 -228.618183707592 -284.619822561998
16800 2312.24717008468 216860.140965913 354.454297762774 4.35353218061102 -237.02286195307 -284.999479372442
16900 2117.32414537454 239407.509178827 349.606466767377 4.41390059553131 -232.43656683518 -284.677011880771
17000 1659.49156680151 308900.686179368 345.973281878099 4.46025248969899 -218.275786186296 -284.979663176049
17100 2138.16115640907 199489.235054636 351.522009686363 4.38984800195851 -243.721684843142 -287.490181520756
17200 1306.78495311358 244185.22482205 350.625533840353 4.40107192127296 -235.365812713931 -288.804104193776
17300 1627.68682512409 288018.086437577 344.258382942484 4.48247092395113 -226.269486790696 -288.155702632202
17400 1794.60625943949 241310.262279989 347.043567268655 4.44649703209035 -236.257139267023 -288.526770134897
17500 1615.1712794685 204049.180027221 352.898747370349 4.37272221384988 -243.696954555014 -288.64125378394
17600 1565.19793818087 253641.88040249 349.105096667789 4.42023965446306 -231.814413587798 -287.081528775738
17700 1849.05898553333 279179.458209415 345.939224646798 4.4606915952987 -225.948667389254 -286.2286211336
17800 2015.93996798804 253368.432182891 349.903540954676 4.41015311721582 -230.897073721529 -286.230872205609
17900 1755.70598495803 198673.505076114 354.852887005677 4.3486420665402 -241.9418394708 -285.944399018887
18000 2182.87234059669 262500.410811481 350.118941535353 4.40743989770774 -227.127661257209 -284.491107785048
18100 2047.79797258983 256317.181495476 350.078595458804 4.40794784909296 -228.039296272413 -284.045085203842
18200 2461.74648376789 231112.68577725 352.428365322896 4.37855843542077 -233.067330697631 -283.904842079093
18300 1839.6263969674 266020.603160786 352.200246141579 4.38139441630545 -225.254942192223 -283.733219655387
18400 1926.14658575814 244576.848698645 350.876428271036 4.39792493177718 -231.048859298825 -284.611154781979
18500 1956.80063261582 254250.146347282 348.133443974996 4.4325766988849 -230.996878407187 -286.242339240638
18600 1723.38426220808 278039.317901166 347.156182296126 4.44505461968073 -227.187753745168 -287.432719347139
18700 1838.04398636001 223824.864765253 350.116019364868 4.40747668348752 -239.258417864988 -288.169802276437
18800 1690.39631033855 262187.859827086 348.799769998881 4.42410897194993 -230.822299310356 -287.901569418354
18900 1904.8079099724 263126.165105671 347.256622024409 4.44376894202943 -229.902088411348 -286.932199176818
19000 2020.26108478339 244735.472830369 349.261729637895 4.4182573151258 -232.517614359427 -285.868000252918
19100 2176.54237359605 234637.609828282 352.580697211797 4.37666668671642 -233.605145265111 -285.240337808109
19200 1961.80318629546 244654.781449578 352.448977553657 4.37830236471943 -230.914585323721 -284.734078728796
19300 2246.87378160354 251675.842612685 350.74593122976 4.39956120504582 -229.350238984035 -284.446714175888
19400 1952.944282862 242265.436911951 351.760681253442 4.38686946581816 -231.374540736101 -284.564345437588
19500 2160.28780217631 246720.640241013 351.602621841828 4.38884153873093 -230.630073511682 -284.773686260486
19600 1939.23234604126 243949.28046235 351.869689184054 4.3855104298539 -231.560226600507 -285.136319804321
19700 2290.77654673972 238812.555866117 349.220217955864 4.41878251178786 -233.068441546976 -285.121491139304
19800 1787.32774478155 290330.825045704 347.644351016898 4.43881279057836 -222.180245973284 -285.176970275017
19900 1589.2150138326 239242.560584268 351.039807598425 4.39587806984954 -233.851008124027 -286.26949162872
20000 1929.71424567182 221130.06898945 349.152530083255 4.41963915168583 -238.957268581026 -287.146792684738
20100 2018.86591033882 283151.980407852 341.842789068057 4.51414580390315 -227.266025978345 -287.679758618141
20200 1275.15955090926 263842.420268332 345.394217459383 4.46773024521635 -232.515447072798 -289.394103251547
20300 1237.1563561063 211397.795068092 354.641811616691 4.3512302873469 -244.083792232244 -290.876699889248
20400 1510.80375613286 232321.578205505 348.774367164042 4.42443120007247 -238.931798907532 -289.505385161716
20500 1589.8018887926 364423.28535326 337.132526348971 4.57721540124789 -209.044350941925 -285.726878024014
20600 1749.91872408542 247937.245725736 350.377726304016 4.40418461568296 -232.958149155644 -287.179196851366
20700 1751.39472042952 135303.600044262 363.630957659969 4.24366561581123 -257.43139467514 -288.139982436187
20800 2381.88807229702 267675.550149067 347.429411689499 4.44155888922043 -227.045883761598 -285.090898722155
20900 1954.01668808157 354920.745181975 338.768094662956 4.55511665997175 -207.580033207844 -282.625338516999
21000 1833.83052995721 218047.564304653 355.652327953791 4.33886711987617 -237.221023577091 -285.62338364766
21100 2237.64830343529 142975.339963227 363.642801260757 4.24352740248415 -254.117762158864 -286.568589602305
21200 1895.80700121784 298392.81726668 345.459778878401 4.46688235856624 -219.527705397475 -283.866881931303
21300 1893.47173133938 346069.016585979 341.471703649756 4.51905143346486 -209.296316557409 -283.053968522726
21400 2009.45427034998 200863.9354791 356.720715517286 4.3258721031337 -241.600551747742 -286.322420272042
21500 1704.83650792138 184079.747325157 358.187879783416 4.30815300841334 -246.443080319232 -287.596557732904
21600 2091.23708379063 304194.316460157 341.003680239175 4.52525377668591 -221.367815283656 -286.111856543001
21700 2080.40383774735 295714.510347755 340.106973159364 4.53718480844865 -223.817810281176 -286.591522811399
21800 1563.65986800262 197880.484355182 354.120894035416 4.3576310177049 -245.29324656466 -289.029760008727
21900 1678.57450348769 216619.916447371 352.127156510744 4.38230384488689 -240.93261625743 -288.541450379143
22000 2123.54417601643 310767.936219952 340.137561905009 4.53677677708842 -219.385940590998 -285.361098848597
22100 1962.57186250432 285757.36697116 345.533189354587 4.46593334419912 -222.933284690217 -284.561110582754
22200 1756.47722924277 195910.654322213 359.458202836512 4.2929280224771 -241.441887130291 -285.395653596837
22300 2375.16925589647 194692.737752681 356.842284614169 4.32439836420902 -241.369083801285 -284.731722897199
22400 2358.3227005943 339419.362823399 341.762234774189 4.51520980042077 -210.083786693472 -282.485747378924
22500 2212.62177756966 282798.813472868 346.992131248645 4.44715615398309 -222.875251922351 -284.122538348996
22600 1989.80495918007 171619.33963162 360.98784705463 4.27473723688153 -248.209637173657 -286.877346958788
22700 1645.32132193047 241761.687470806 352.588563677508 4.37656904061565 -233.259141799504 -286.463271392956
22800 1884.01528929996 332592.285324942 338.817734923452 4.55444928883299 -214.167128854016 -284.50155503416
22900 1660.09868503862 292766.024555635 345.167909883498 4.47065948971606 -223.159370915298 -286.231970457714
23000 1938.09604755589 144443.728795337 359.892815668002 4.28774380783873 -256.318416980991 -288.764442909931
23100 1478.21248954519 239677.598525832 350.258532417454 4.4056833711247 -236.131891331715 -288.528817583597
23200 1819.6416520498 335197.72562603 335.778638225645 4.5956711243469 -216.826345988682 -287.075932003108
23300 1520.03556389286 266251.136044692 345.491753729498 4.46646895391405 -231.983358501202 -289.397489793573
23400 1372.00543597431 167560.460833652 358.236601205449 4.30756708464062 -253.144107445993 -290.609573944513
23500 1826.04723483523 274194.941933535 346.21753716043 4.45710579689979 -228.480825898323 -287.732161502156
23600 2029.00281825775 328922.204473006 340.189368549967 4.53608588194156 -215.19426641633 -285.034160486513
23700 1778.14809045334 228769.523301524 353.955046769141 4.35967280577465 -235.865263622733 -286.405342895863
23800 2035.69594298344 182922.577583313 359.354129023904 4.29417131245338 -245.315383935792 -286.343312847656
23900 2103.96235430585 286656.035181077 346.641830314737 4.45165025370718 -221.827933916059 -283.847925287755
24000 2436.73139670398 325510.002041984 343.083024679903 4.49782729211351 -213.257216852176 -282.960496150135
24100 2090.25391347042 176046.919463506 358.996632336463 4.29844754203669 -246.444661461418 -285.891158910736
24200 1742.34076150393 182998.382743162 359.626245360914 4.29092206637329 -245.313343524493 -286.389355619941
24300 2089.75524458898 320279.369039641 342.364312011687 4.50726941368072 -216.152646894938 -284.592188875983
24400 1725.55173546537 321547.753463368 342.322337488959 4.5078220813326 -217.671100079265 -286.373255291193
24500 1765.28426079573 154127.058601885 357.858704899344 4.31211584555463 -255.372099645332 -289.797588710498
24600 1659.34134968186 229917.071662042 350.804422582521 4.39882764449221 -238.74110126583 -289.082574609289
24700 2061.37847188438 337169.090975362 336.833176738401 4.58128325365223 -214.939175309045 -285.823835027391
24800 1938.53087039068 269182.390679899 347.588018633716 4.43953217355357 -228.632528923927 -287.030947467397
24900 1679.96141633873 151985.165789692 363.026525222451 4.25073124042532 -253.510130246616 -287.947438883954
25000 2045.92436786367 255856.10578768 348.976553085221 4.42186782528419 -229.606240104525 -285.335294851984
25100 2342.90940408986 350650.660085325 337.741894301891 4.56895699911836 -208.807326493489 -282.7251614982
25200 1795.19623866531 233277.470062932 353.404018090059 4.36647042160364 -234.371716864613 -285.827467994482
25300 1741.62208702984 171088.006556046 363.00943031412 4.25093141665994 -248.2185861179 -286.982455013423
25400 2039.79283607417 303369.481376133 345.242925940075 4.46968808314979 -218.930529273178 -284.30170866023
25500 1983.63042563851 345563.76387229 339.897693297946 4.53997841789839 -210.02643350635 -283.336912237968
25600 1960.02031928355 187090.300787658 357.939904991563 4.31113762491078 -245.228424757434 -287.025994805913
25700 2023.30542658189 152792.917807483 361.013976540443 4.27442783975775 -253.544790596144 -287.973193986717
25800 1733.4631059976 341959.115056109 340.994238644646 4.52537907385066 -212.78279506476 -285.562596844498
25900 1982.76568901287 315882.066969338 339.945809254299 4.53933582899906 -219.423567123795 -286.446635359294
26000 1583.76232433323 169530.921916806 356.938690434998 4.32323038442687 -252.042502319674 -289.81121585231
26100 1828.61744307585 225340.137090853 351.487764109736 4.39027570639514 -239.272992384165 -288.708432830486
26200 1997.36998731436 315268.30647931 341.03340791834 4.52485931300789 -218.214243359296 -285.321097671092
26300 1996.20161646684 258913.931931728 349.316566389554 4.41756372397534 -228.793909151351 -285.243948015865
26400 2018.52190581476 197761.208148197 359.586903342162 4.29139153157023 -241.473329192466 -285.858164720396
26500 2123.43538806325 217109.217028687 355.944655732667 4.3353037249282 -236.636803471732 -284.870481541324
26600 2093.79230571172 303986.469743571 346.352875277995 4.45536417339556 -217.356060116504 -283.070784955679
26700 2138.07522274473 251171.310035619 349.590444519846 4.41410289112898 -229.414771139524 -284.219650580699
26800 1957.93705309426 205146.680165603 355.639657176652 4.3390217056126 -240.499099951257 -286.036089792903
26900 1868.97512746048 238474.392075825 349.843788271464 4.410906363353 -234.05914647102 -286.131302522205
27000 1745.18769061505 325281.7102867 343.344782917099 4.49439825109767 -216.416807530377 -286.12434487429
27100 1581.36237478007 220899.051366568 350.472273272276 4.40299649800624 -240.040120019805 -288.361258606053
27200 1359.36797444232 220339.839467723 350.671677034379 4.40049280545356 -240.9873854015 -289.213620790442
27300 1595.58288247308 271922.889651924 343.22704029111 4.49594003595203 -230.764316705565 -289.017130052057
27400 1383.12032317842 278924.271585618 342.340458939283 4.50758346427235 -230.163922493851 -289.762264589073
27500 1463.64671211817 216144.03345603 347.932003651845 4.43514300400557 -243.962543515103 -290.900834419849
27600 1616.01207188957 232683.201531338 347.559386427894 4.4398979055807 -239.462687076297 -289.938543360739
27700 1919.50705409973 271179.011273626 344.971434890148 4.47320570863355 -229.37799899634 -287.76670500417
27800 1923.90717286538 236160.605485816 350.113909122068 4.40750324868728 -235.724340728807 -287.331084909161
27900 2014.13965692165 219563.191733866 352.027426892688 4.38354535465365 -238.358761024056 -286.600802663301
28000 1988.66799322143 281881.499399437 347.415554968172 4.44173604146047 -223.855123246195 -284.978237677793
28100 2033.31577598565 279187.487052937 349.825101218154 4.41114198636024 -223.553687551382 -284.512508828024
28200 1858.96614216998 195186.995914061 356.932134722707 4.32330978846986 -241.633206610598 -285.116874684445
28300 2001.30367616288 276422.798258001 351.382545831881 4.39159033415516 -223.327066255398 -283.950940452697
28400 2057.21274213376 297518.101143453 347.310201400015 4.44308340395916 -218.931897145969 -283.426084664187
28500 2190.53158870781 218488.33640473 354.061456169798 4.35836255253404 -237.152012794897 -285.435269067583
28600 1935.77803301148 208640.755174901 355.166010001359 4.34480819789093 -240.878049171102 -287.128948831121
28700 1746.85205025155 263329.856221512 345.710543033456 4.46364226652117 -230.198499093118 -287.018648178603
28800 1671.89654437235 333133.909164058 341.032548811637 4.52487071173502 -215.73007889265 -286.639561173662
28900 1688.57093489665 199727.123853236 355.137092748012 4.34516197653577 -244.301032048906 -288.572378001215
29000 1554.33988160962 197427.419402646 356.406548746998 4.32968529139328 -244.363638654114 -288.2816621536
29100 1842.82876264409 322079.206250684 341.273999712203 4.521669371729 -216.059043874073 -284.664006524132
29200 1913.66085845527 319105.805989217 344.143896473696 4.4839621091001 -215.88393490366 -284.42714188523
29300 1877.82074948583 141579.736578017 363.257090135142 4.24803323533762 -255.205779977675 -287.305765922688
29400 2256.1898849553 208169.024877195 355.634413136336 4.33908568706074 -239.859209461989 -286.066396370151
29500 2482.94743275516 316558.055515845 341.541988012592 4.5181214785493 -215.667949122297 -283.149819941325
29600 2326.08014120625 252256.025999696 349.47987013258 4.415499500102 -229.608183840972 -284.632335803339
29700 1958.68279829052 176716.188120677 361.561849489964 4.26795081959816 -246.555151251835 -286.434547692695
29800 2129.50467069701 226717.966485535 354.127599265889 4.35754850812262 -235.087715878624 -285.19897963887
29900 2191.4967525097 307422.239398804 344.077124512475 4.48483227140598 -217.573906660445 -283.594697842644
30000 1705.36736033944 270718.110428598 349.721563741666 4.41244793531235 -226.11857303419 -285.210664893157
30100 1914.00901327938 204298.126259316 356.923580754902 4.3234134001524 -241.440797551362 -286.953148260533
30200 2013.88970478549 239782.240007525 348.637927334185 4.42616270600692 -234.534465341925 -286.711727439935
30300 1789.83049597672 337064.77436168 339.009899612604 4.55186764053054 -214.48351200073 -285.804178181577
30400 1571.07927254835 233098.15955952 349.548682103765 4.41463026717416 -237.203590339759 -288.058882796516
30500 2082.24373874855 161348.615198368 357.813187762446 4.31266438645244 -253.092215519783 -289.126112125546
30600 1900.2934599114 257732.264290911 347.309934139884 4.44308682297755 -231.08943213858 -286.959041845501
30700 2272.96633196054 325112.245327088 340.642347953172 4.53005388536793 -214.596053832208 -283.718899284346
30800 2232.32126020826 231892.578428127 354.189692705379 4.3567845808255 -233.511081967541 -284.775072604101
30900 2466.12153347025 175234.284008517 362.587349838238 4.2558798384846 -245.560763010189 -285.217901059243
31000 2016.19948541331 279804.594891623 349.965337510493 4.40937437645479 -222.228529880577 -283.346583658193
31100 1924.81657925319 322024.716091893 343.168613010801 4.49670550674036 -213.569798249401 -282.543956325276
31200 2215.27518347879 215253.706438547 353.205468838194 4.36892496863642 -237.841800483388 -285.295240414498
31300 1990.68689973974 174691.629855898 358.259298661673 4.30729417946914 -247.822239041737 -286.884664931917
31400 1703.04804765719 285569.478927036 347.099784078361 4.44577687065845 -223.75421114758 -285.620743626957
31500 2103.2617297686 306191.862411318 342.715645722355 4.50264880266441 -219.579938026801 -285.076306149305
31600 2178.1328628738 187957.444304997 354.860769059291 4.34854547589703 -245.569055164689 -287.199127280021
31700 1772.60668973526 219861.387639369 355.630166117187 4.33913750544331 -238.150098418835 -286.95205114311
31800 1974.71775322893 300180.604331986 343.390657997636 4.49379782450792 -220.423491937236 -284.760483048819
31900 2366.81183132376 313148.516277316 342.690447372303 4.50297988665452 -217.541773425578 -284.521288564545
32000 1904.65376395204 166023.790104245 359.783599383058 4.28904539982427 -249.909018334088 -287.191200906934
32100 1672.87164883397 213138.015145928 357.253001761741 4.31942680469137 -239.035359571968 -286.560832389989
32200 2227.27820423287 345001.490757387 339.740151396166 4.54208366460254 -209.863095464092 -283.020365403963
32300 2441.64170743975 277590.512291186 345.727694824441 4.46342082212914 -223.578591326676 -283.478813255763
32400 1750.3121044258 161718.99754093 365.821907661347 4.21824980830465 -248.590151694397 -285.515142284075
32500 2477.93753586659 184639.869512714 359.627971299151 4.29090147324078 -242.281416823516 -283.726077691902
32600 2618.21860932609 354965.364333911 340.384480139511 4.53348575479601 -204.248445437417 -279.661298519665
32700 2349.0768170796 244423.550792331 351.396148226327 4.3914203375736 -228.625887404562 -282.233897685718
32800 2075.19965370258 153832.263511388 365.118014788911 4.226381962441 -250.482402428257 -285.53904610251
32900 2276.3080987248 238448.665577365 350.050370005992 4.40830327315382 -233.264494815458 -285.361778487258
33000 1956.13967355716 373359.761318678 335.216456458167 4.6033783906987 -205.496833790126 -283.613281118691
33100 1868.65030455591 234292.045939219 350.187690750696 4.40657462447673 -235.661370363116 -286.870578917049
33200 1719.03230647948 152474.535295753 360.83065713793 4.27659945556192 -253.768349720432 -288.107566883813
33300 1928.7867117245 276443.214795131 345.758608372995 4.46302175707924 -226.236489851616 -285.89447462528
33400 2377.58298469348 330091.614824045 339.80082749299 4.54127261328684 -214.184055956517 -284.192200418571
33500 2248.4913649094 234505.67014213 353.251420758636 4.36835664681016 -234.036682226207 -285.741011401965
33600 1778.61239745341 200990.189356089 359.247941851099 4.29544059157259 -240.433130734114 -285.500145422219
33700 2647.57726278795 262661.374707378 350.579629583275 4.40164818960074 -224.627545081232 -282.101691937553
33800 2534.02192350796 279785.663446887 348.831157712317 4.42371089207217 -219.385975573474 -280.30183402695
33900 2343.70991419164 234849.982673728 357.651516090982 4.31461386975798 -229.437351344954 -281.862569388783
34000 2387.67420693689 194228.050026127 360.353868926155 4.28225787186524 -239.979097111967 -283.663940374178
34100 1834.88561874509 249876.0675893 352.788888684215 4.37408388235092 -229.121374111454 -284.142465853601
34200 2430.18257727043 294183.254561347 346.097150297289 4.45865616212272 -220.315186579193 -283.863731991552
34300 2178.22910092893 230431.922610518 352.257901427891 4.38067729811309 -234.718349714098 -285.381597789935
34400 2259.20910340646 195664.528051831 355.78695970156 4.33722526862851 -242.850438858942 -286.300637733411
34500 2276.48482585687 254331.295886552 348.107844770443 4.43290266234512 -230.227215120393 -285.486245114118
34600 1907.12980594145 296409.710249294 343.983771913977 4.48604939494652 -221.647004106612 -285.285517193953
34700 1788.3526850126 240598.289720413 351.625233178729 4.38855931332368 -234.26200640525 -287.065445804931
34800 2101.80119263709 179328.714514527 354.89707587255 4.34810060937297 -248.055430200098 -287.778417274986
34900 1654.8437451727 303998.557657786 345.421871374037 4.46737256598079 -220.81840464513 -286.359093003223
35000 1615.43031888309 314110.51039792 343.458971110326 4.49290401959085 -218.195668252537 -285.531615769061
35100 2007.04507899922 219618.174932998 355.110026364444 4.34549316352569 -237.676934272355 -286.353603722049
35200 2008.34247008959 205184.41504163 358.686500259403 4.30216412033943 -239.257930788569 -285.193493904776
35300 2507.7876426393 300442.158498395 347.188862187081 4.44463621944938 -217.234400861487 -282.339694293321
35400 2519.22624854955 303149.45567855 345.39137507179 4.46776701226364 -216.694248574289 -282.046104221329
35500 2211.06219338703 208740.436504489 358.471473168919 4.30474474921179 -237.719978421134 -284.423629225953
35600 1831.31878526716 168948.235463118 362.270524055557 4.25960184281918 -247.49721713647 -285.698355275424
35700 1788.2289124929 324689.85708531 344.680935586598 4.47697575509923 -214.470407591762 -284.321890069281
35800 1818.56498496262 327477.734840791 341.574452271052 4.51769206275881 -215.372435261598 -285.18873072543
35900 1730.69760060407 189312.162667445 357.258699536108 4.31935791590194 -246.193867350807 -288.407329501162
36000 1886.94056266455 189202.25595105 357.055920568556 4.32181096285682 -246.24260434772 -288.40761280481
36100 1799.50776020808 328484.189836697 340.221886463483 4.53565232944457 -216.036354748883 -285.789912324887
36200 1637.7708126843 329850.589418121 341.959647913724 4.51260317198434 -215.494272407096 -285.89574903689
36300 1707.59853047045 186082.506243296 360.36681086678 4.28210408210034 -246.242596609017 -288.096886278722
36400 1926.43364355509 195182.570784363 356.812175194696 4.32476327643278 -243.230412983548 -286.698481352833
36500 2113.93926493203 340926.974413147 340.943692744621 4.52604997453928 -210.755811243629 -283.305184931652
36600 2330.58199154148 273085.551726902 347.894937259702 4.43561554537421 -224.487669199951 -283.785181605458
36700 2102.86279770014 156771.010987419 362.748329022359 4.2539911790221 -250.054485109194 -285.548965445681
36800 1705.70040840498 248284.054873348 354.226420857702 4.35633284533006 -229.422873497471 -284.316184012151
36900 2729.15185659977 311030.563018496 340.734982418954 4.52882231495899 -216.376968146366 -282.523858593121
37000 1914.28474879985 259222.201373356 349.282647926411 4.41799270884833 -229.412188320011 -285.92395022452
37100 1483.94452944991 168497.375267114 358.223794164559 4.30772108666028 -251.098641225823 -288.77224901807
37200 1816.56691295884 269507.851059615 345.857479280481 4.46174590492138 -229.563749593594 -287.741675692109
37300 1641.76216660149 322525.167873305 340.302351207461 4.53457987107873 -218.352267440061 -286.856625699508
37400 1532.05816909353 250763.47587774 350.167722125537 4.40682591330591 -233.176424100015 -287.982667444859
37500 1942.92067740578 202267.369666804 354.167678880345 4.35705538332724 -242.710529941166 -287.422560624505
37600 2065.97247331644 284083.894426049 346.208502692188 4.45722210710147 -223.541815936922 -284.928473229803
37700 2084.3947663728 284475.421464914 346.346015856334 4.45545241238236 -222.660836329366 -284.156513511889
37800 1849.72620650491 221127.967226221 355.34024552763 4.3426777892124 -236.391349455158 -285.434426898369
37900 2029.54630446387 230499.741628225 354.808844112766 4.34918186925374 -234.225249357417 -285.270403805383
38000 2278.08914757838 266375.320317707 346.898117677922 4.44836138689816 -226.558293111994 -284.233023214492
38100 2057.43157526433 259748.095279384 347.936551821434 4.43508502854301 -228.491681404753 -284.899859039174
38200 1777.91384806984 224668.570697739 353.942824206334 4.35982335657281 -236.834974694254 -286.467351915589
38300 2045.12209557154 227699.496459145 351.745333696324 4.38706087625989 -236.800712946498 -286.790358509585
38400 1629.120852191 265762.775015182 343.607665385721 4.49095974076673 -229.477866386388 -286.474162780323
38500 1790.98447901091 284553.234661815 342.921537996987 4.49994538365706 -227.186043733777 -288.090340402869
38600 1656.85035488741 200052.765425443 350.680496993709 4.40038212873242 -246.808374135073 -290.595437048779
38700 1508.90025802989 226862.918880161 348.288269962137 4.43060626771576 -241.015743633933 -290.33221627932
38800 1767.92580996387 306634.333562866 339.086487723095 4.55083952836914 -223.142516312452 -288.038961356518
38900 1729.44230862658 273035.813787596 344.573060926461 4.47837735114021 -229.214116390874 -287.934729319187
39000 1746.33223173431 154241.483264449 358.22259746913 4.30773547723801 -254.329477939687 -288.81555657864
39100 1839.26849208792 255061.261870312 349.837603162265 4.41098434793006 -231.123960185221 -286.816963117328
39200 1891.33090975991 338358.010261322 339.609737093174 4.54382788042014 -212.445956201556 -284.166940068325
39300 2124.50474547079 204508.420063701 351.891584512391 4.38523755549426 -240.897090080453 -285.813984057079
39400 2109.89808139393 171459.935202352 361.333292930481 4.27065045501637 -247.743690460404 -286.412453229246
39500 1921.05716365886 295412.135174836 349.472600278171 4.41559135290672 -219.5477325539 -283.984108342258
39600 2628.72208383985 309974.198576758 343.122045133655 4.497315791135 -215.782770373801 -282.166830403593
39700 2080.47030401381 211607.67526594 357.634620304179 4.31481770571776 -237.415776640017 -284.65041689169
39800 2372.92640287218 155380.926711678 362.48808924547 4.25704523168799 -250.506731608841 -285.661245002906
39900 2162.68706570754 301759.5467147 345.556895670563 4.4656269667883 -219.637430774718 -284.720829639754
40000 1934.43071040585 334416.390768338 339.974695755825 4.53895013696672 -214.413043655255 -285.374707808503
