# step temp[K] press[bars] vol[A^3] density[gcc] enthalpy[eV] etotal[eV]
0 1557.00896960594 186466.107762822 355.925456965747 4.33553757301104 -249.101835681128 -290.525508175455
100 1395.22131208872 215872.35545925 352.323731776528 4.37985878522907 -242.214085904629 -289.685106645972
200 1715.20761839894 240401.645762814 349.823798528503 4.41115841276988 -235.5831846889 -288.073167467483
300 1950.38805897805 186820.273956144 355.855983941942 4.33638399099643 -245.883545997878 -287.377796106382
400 1539.53367332578 193950.632171884 360.236200454726 4.28365663949994 -243.519845553482 -287.128049025067
500 2163.21228655166 174738.338336344 356.854131921355 4.32425479721278 -247.25952900737 -286.179147439169
600 2069.08209028908 261870.818232431 350.666471548581 4.40055812878687 -227.699555870823 -285.0149114706
700 1732.37468708631 197099.730829743 357.627517552334 4.3149034012471 -241.661205624793 -285.656537878683
800 1978.6121322722 148857.181422065 365.453817615578 4.22249848677006 -252.264061665219 -286.218139277884
900 2329.94453700408 190874.144976854 358.363423974591 4.30604266124975 -242.134538432703 -284.827907198334
1000 2572.54638629452 240499.534207964 351.799972182326 4.38637951644399 -230.473386933309 -283.281382459535
1100 2214.50009463392 192634.687160782 359.575563147389 4.2915268722908 -240.923131096576 -284.156024674506
1200 1945.19784172928 141036.215036379 366.816214230534 4.2068156531824 -252.411997398036 -284.702054373062
1300 2462.88577596017 204707.45425338 358.453163195686 4.30496463780318 -237.935920652373 -283.734891306892
1400 2140.7660902021 262913.08731015 354.493214487064 4.35305424420876 -225.766119367002 -283.937553944461
1500 1885.68083267947 144000.623255953 365.642357804112 4.22032119345655 -254.280024034842 -287.143274377466
1600 1803.87783260962 133250.669222331 364.125707200067 4.23789960816541 -257.919789264022 -288.203590184497
1700 1752.64066178213 290609.011796568 345.732941559184 4.46335308665392 -223.017147768607 -285.727534852699
1800 1677.55993886734 242365.087909572 350.055767243952 4.40823530494992 -233.241760792052 -286.19553760836
1900 2056.50232115327 125204.866862184 365.198437111386 4.22545124801688 -259.637320083044 -288.176386594635
2000 1894.28770425433 177478.426827857 360.525389711016 4.28022057781571 -246.551349053634 -286.487947173386
2100 2232.75800275292 260729.273420433 350.996023050998 4.39642642800518 -225.596103513433 -282.715239927897
2200 2269.48150087614 208872.387293323 359.681085893863 4.29026782998947 -236.086705778342 -282.977573966027
2300 2190.92917700204 137071.882051295 369.189744854576 4.17976992419971 -252.644837397605 -284.230329483685
2400 2560.83859283678 154417.577479429 362.715478345822 4.25437645755736 -249.205999367409 -284.164473343562
2500 1949.93736949691 277026.341074611 350.147267413715 4.40708334885516 -223.094969798133 -283.637623075655
2600 1863.87658274238 211176.928615665 355.614723829884 4.33932592904761 -238.88829685603 -285.760551659981
2700 1952.07279659936 151154.565158702 361.965851435421 4.26318721986246 -253.240598750127 -287.389639680399
2800 2083.11963674006 196113.050874827 354.702984561373 4.35047986352401 -243.468036655585 -286.885153594161
2900 1951.65633251037 244897.73104964 348.191008187652 4.43184388907158 -232.824820161094 -286.04691390485
3000 1848.62732168629 206374.106533858 356.54786798355 4.32796920254566 -241.271228793167 -287.19765930295
3100 1921.8403589585 127578.57246422 365.526740696471 4.22165609259081 -258.497808964082 -287.60407770261
3200 2320.91842963194 205526.27504053 355.97242388538 4.33496554318205 -240.132794776874 -285.796731489409
3300 2000.71487694129 277900.322504123 347.977454820627 4.43456370661014 -223.451774563583 -283.809074098819
3400 2087.67015203012 188499.941986291 359.140834415884 4.29672163115593 -242.29776495552 -284.55155313198
3500 1890.16671740137 131477.768359204 371.50041237229 4.15377248712098 -254.438555926603 -284.92461358831
3600 2554.4035495818 196340.222327658 363.471761107385 4.24552429372969 -237.283845803728 -281.825833771751
3700 2756.84333531542 286328.581253411 351.964229136697 4.38433245233792 -215.565298069131 -278.465620462239
3800 2840.4531678391 203590.54684959 361.2963310874 4.27108735707816 -234.602868759626 -280.513239821013
3900 2032.12859621005 109121.849985101 374.947774058013 4.11558168532389 -258.542378891887 -284.079512130956
4000 2534.08363423597 179535.162537999 362.028744122556 4.26244660657036 -243.454513174525 -284.022384079803
4100 2253.8441375935 299585.92521368 347.219466994322 4.44424445790464 -217.907486940878 -282.832958804742
4200 1951.12422418018 208018.237592923 356.718531216942 4.32589859181622 -239.069776671896 -285.384249628205
4300 1774.05331169971 141206.969498518 367.795119882678 4.19561899668043 -254.881584926725 -287.29701123898
4400 2089.29018960617 173870.43669634 356.930936978784 4.32332429608881 -247.965227722341 -286.69987267746
4500 2073.50951582525 295188.415576932 343.614422021446 4.49087143312573 -221.685249340598 -284.99350333502
4600 1675.75199619591 201101.956134684 355.413539488568 4.34178223510181 -242.769776271522 -287.380565424841
4700 1762.57728122035 119008.542655725 366.242958813054 4.21340029817146 -261.538989133653 -288.743258317642
4800 1782.54286522729 226654.725763739 352.623092537933 4.37614048688578 -237.43949411852 -287.323942141036
4900 2011.58248862211 291364.837094919 345.812852362835 4.46232169025064 -222.857604528159 -285.745623041741
5000 1906.3865056964 160889.581752795 360.516903598257 4.28032132880434 -250.70053193399 -286.903418341783
5100 1783.83789668845 143194.899785437 367.094445484693 4.20362718871612 -253.272063144837 -286.081215153352
5200 2335.30606284645 198017.129510235 353.935999103934 4.35990742895011 -239.715921649226 -283.459785432585
5300 2288.13406482493 290453.548899166 348.896491305658 4.42288251765258 -219.009647288015 -282.259997107898
5400 2172.42594752965 158566.289243541 364.287524934067 4.23601711901996 -248.64139386748 -284.694675791481
5500 2103.82066759212 108899.450242468 369.867339892337 4.17211260749679 -260.905213060058 -286.044983851178
5600 1900.05409348651 239668.777914588 352.590227385322 4.37654838964025 -232.730862131964 -285.474657152092
5700 1822.78085511858 295158.937915053 344.698249161789 4.47675088463195 -222.271893139684 -285.773491823582
5800 1677.73245266078 176773.71014704 357.897502653899 4.31164839213306 -249.361304195521 -288.849381443246
5900 1688.61427297153 132782.19313433 364.496709098713 4.23358607456785 -259.550047632953 -289.758125472301
6000 1724.553932242 211042.175354519 352.667608831461 4.37558809832059 -241.844877708069 -288.299022644578
6100 1619.01267808619 274313.867961574 344.258546883934 4.48246878932647 -227.591327025416 -286.532956474208
6200 1682.67229707746 197722.986491336 355.774714143514 4.33737455339124 -243.58034163576 -287.486140402973
6300 1591.6883281369 152885.176381442 363.3348311066 4.24712430450516 -252.729583721213 -287.400239381969
6400 2079.52474248254 212087.980178249 354.197151256405 4.35669283728666 -238.640152979219 -285.526971251027
6500 2452.66148269419 230617.366207029 350.918342130942 4.39739964145366 -233.729312328775 -284.240516191755
6600 2071.92710864258 183588.522386453 359.162360005456 4.29646411679297 -243.843323694119 -284.998643953924
6700 2728.39710567927 153038.76508 362.570254676357 4.25608050291818 -250.700672366209 -285.333126425054
6800 2080.12450290545 209528.320811497 356.402397292474 4.32973572453214 -238.469303947291 -285.078648072539
6900 2176.70152151238 242638.364548832 351.745054545464 4.38706435790604 -232.467489078167 -285.73680414617
7000 1715.46785416333 171770.592891593 357.377513851115 4.31792189507758 -250.285157460668 -288.599879615393
7100 1593.18460227652 167127.802381519 358.248068167976 4.30742920612924 -252.174638822482 -289.544561761896
7200 1574.82681308406 212811.615307684 352.021263635069 4.38362210262912 -242.126453505843 -288.88423190094
7300 1776.39883758724 248896.836397249 349.586998476683 4.41414640301346 -233.61247559348 -287.920535889244
7400 1607.02358416385 183215.873613758 357.363603302435 4.3180899722465 -247.011714947739 -287.87780228382
7500 1975.37993888527 173967.348938957 359.802179148418 4.28882391851657 -247.71216054508 -286.780160387114
7600 2168.02047275642 224701.117953212 354.300030674423 4.35542776817919 -235.528854938622 -285.218519581313
7700 2148.06254973746 219756.056792499 355.209968069987 4.34427051766204 -236.3535261165 -285.074464113313
7800 2250.77701491105 158552.841046947 359.717151058621 4.28983768865289 -250.147884409428 -285.745820263348
7900 2336.43447225533 187999.080364701 356.926450471626 4.32337863956874 -243.56271056349 -285.444391168905
8000 2209.24343320024 212167.298638567 353.608712520867 4.36394279107322 -238.403399151577 -285.229828893003
8100 1959.6941820178 169911.996553865 356.862007124419 4.32415936989367 -248.794520061192 -286.639998461811
8200 1540.14271795459 175246.391485224 356.96964051996 4.32285555045635 -249.25338579707 -288.298797692014
8300 1380.6123109526 231536.102205376 349.836774678687 4.41099479402481 -238.170069188423 -288.726199063754
8400 1828.95691248501 213723.33983439 350.821963184086 4.3986077093366 -242.546443866436 -289.344559841149
8500 1474.05613553295 164571.653144327 359.023539160071 4.29812539722672 -253.470187825307 -290.348208041744
8600 1604.87752614893 169010.658680073 357.911115280234 4.3114844048861 -251.644454503277 -289.399841217807
8700 1863.91812237364 253411.942112481 348.194176459365 4.43180356305071 -231.967218010098 -287.040153163511
8800 2088.15835180639 212669.700982523 352.562375230397 4.37689413357763 -239.989087241627 -286.787511084403
8900 1655.40835531452 114508.814702148 368.607333134125 4.18637409827281 -261.63008064392 -287.974736683818
9000 1755.93445805516 166681.571896847 360.502835835184 4.28048835813212 -249.327711937434 -286.832430893354
9100 2421.97845727452 318515.596447443 342.234979227601 4.50897273957457 -214.978444350971 -283.015379441367
9200 2458.90865123587 209844.71352812 357.174020943423 4.32038194656536 -237.57577775685 -284.356566330743
9300 1990.84207976266 69481.243984601 379.38815117768 4.06741271986489 -269.701480495563 -286.154324921157
9400 2072.51329263452 188728.440914989 362.792367795489 4.25347479397913 -241.771114507099 -284.506255079876
9500 2400.74955659982 324783.470534172 343.496118598718 4.49241813316921 -211.34056348848 -280.972006412221
9600 2117.36416367864 209009.307518372 358.16184831573 4.30846612815614 -236.794309513252 -283.517726000743
9700 1973.12031619867 104432.304411367 372.574481888596 4.14179786023975 -262.155204066299 -286.440176232909
9800 2018.59778227034 180462.350038406 359.512054088643 4.29228498548658 -246.491005935638 -286.984915406893
9900 1892.84339695419 276844.690718309 344.670440571016 4.4771120764218 -226.39173233472 -285.948330199953
10000 1607.9645237336 237581.38159853 351.672270821276 4.3879723250923 -235.325946665421 -287.47424866062
10100 1677.90347074693 126459.221378177 364.761692038255 4.23051056497534 -260.200939540247 -288.991450176088
10200 2025.23967206213 188283.669066668 357.199661720631 4.32007181762959 -245.567142933951 -287.544330152795
10300 2596.15793243992 251357.211902887 346.810481653296 4.44948544954525 -230.507190736815 -284.916499403538
10400 2277.21048893915 193610.352261369 355.487588688721 4.34087782799456 -242.190520792423 -285.148382969635
10500 1588.14251466754 161599.965641487 366.514883003021 4.21027429833838 -248.593756597613 -285.561464275501
10600 2081.05537862685 185354.860576904 361.071821998094 4.27374305568012 -243.010801731347 -284.78298926793
10700 2028.71854580632 259596.523401681 352.919373652822 4.37246665121916 -226.39372441204 -283.576339711522
10800 2201.80027393895 211666.461373928 358.062874366805 4.30965705281502 -237.384250670548 -284.688590464946
10900 2145.65820084335 152946.995446385 362.598302030252 4.25575129068689 -251.160244366051 -285.774608544709
11000 1882.29056864191 205096.564234134 356.77608401812 4.32520076594525 -240.253393892992 -285.924734742783
11100 1745.69692083128 239949.323823482 353.389119345792 4.36665451025436 -232.776801883575 -285.701982245164
11200 1766.16115222827 186361.383065187 357.062796666852 4.32172773604833 -245.089307069067 -286.622007509972
11300 1724.08597734442 183314.335851053 358.757736015551 4.30130987279736 -246.26750895843 -287.315069017586
11400 1795.25051918489 186348.587444348 356.44696945353 4.32919430969464 -246.021591485376 -287.479813632863
11500 1762.69107168197 237630.564952893 352.582527218782 4.37664397052945 -234.952805943704 -287.246910329531
11600 1875.45996501412 178250.742063353 356.518817537131 4.3283218611747 -247.815633935588 -287.4802675047
11700 2044.49605625116 172914.34504395 359.104978759138 4.29715064714027 -248.317610293851 -287.073891018327
11800 2063.42021074839 204306.311574066 355.653115622177 4.3388575105453 -240.145454535612 -285.497621573758
11900 2066.64330126007 227426.596115306 355.710137235338 4.33816197609568 -233.706724480351 -284.199254931985
12000 2111.53179039867 198651.500215484 361.852257566393 4.26452553383057 -239.252945199151 -284.118472699975
12100 2339.78960485667 165274.887644091 363.57465762832 4.24432275322019 -246.738567406074 -284.243649205588
12200 2446.83962123215 217245.063542733 354.648555637808 4.35114754405506 -235.660275524199 -283.74839066312
12300 2179.03402354723 214992.998660407 352.381285962369 4.37914342599599 -237.390347027898 -284.675717485434
12400 1796.56743569709 185442.757623489 358.976777353611 4.29868528889839 -245.995766072737 -287.545272956184
12500 1624.07983605266 188496.015492362 358.718154117619 4.30178449056176 -246.233631394358 -288.436811091443
12600 1875.39536212571 233336.214292273 350.50782098241 4.40254995606377 -236.4527229403 -287.499638200803
12700 1773.30800945148 250076.242560691 349.082274508388 4.42052863909892 -232.373579613521 -286.86020050304
12800 1825.5596044351 164082.16718301 359.647988627872 4.29066264975777 -250.504017704114 -287.336302659655
12900 1980.75111281285 153808.532612383 362.326692597928 4.2589415116002 -251.889535321678 -286.672804777188
13000 2098.82034814841 254313.415066825 351.83361927685 4.38596003144278 -228.6948922289 -284.541429269992
13100 2400.12968439469 219405.449362577 352.18275592749 4.38161200653399 -235.899676660893 -284.128330508969
13200 2574.71926636234 159129.710872116 363.620119212244 4.2437921070187 -248.873179779638 -284.98827973119
13300 1943.82775278735 148658.477424722 371.913219808836 4.14916198101076 -251.478120897341 -285.986212228669
13400 2047.4578037303 158151.540328284 366.799883969082 4.20700294440713 -249.378818761313 -285.585795110015
13500 1999.65916134633 269120.972032082 350.060103456234 4.40818069991529 -225.339668833426 -284.140004072267
13600 2187.9386283171 263395.084636249 351.128275503018 4.39477051415318 -226.948242135511 -284.673131899091
13700 1644.11428872719 170021.746038262 365.444668729828 4.22260419677089 -247.418993681942 -286.19970270983
13800 2032.6266144308 144033.18813085 363.443666942783 4.2458524723972 -253.45166299041 -286.124686253287
13900 2100.49330846401 251820.885557474 350.199828325322 4.40642189702222 -229.951068479109 -284.993462928758
14000 2004.92129560982 248611.169649895 351.62608206285 4.38854871860813 -231.012727985248 -285.574863643245
14100 1861.54338552422 175098.511935918 361.24223113791 4.27172699882092 -247.820362797112 -287.299769167545
14200 1843.45320788448 164357.503756442 358.705292196154 4.30193873755918 -251.496620745733 -288.294006308176
14300 1613.11278066367 238245.705914486 347.663328720043 4.43857049159397 -236.519931749745 -288.217915817972
14400 1452.53631908353 231819.209440504 349.058582115998 4.42082868300115 -238.906357888371 -289.411707676334
14500 1430.10445377136 179389.423072759 357.248498671472 4.31948125073911 -250.261682630637 -290.261396813365
14600 1383.10597700711 189272.065159458 356.921763093213 4.32343541759072 -246.984718277567 -289.149435586183
14700 1853.81923076639 223330.740951016 351.463606877851 4.39057746426197 -237.622692146842 -286.613941076874
14800 2204.49325641084 196122.812756014 353.275242603141 4.36806208240192 -242.743764465821 -285.98827233146
14900 1866.55874091345 187902.374442397 358.6559399895 4.30253069811501 -244.160993806226 -286.223964229208
15000 2182.90281365131 184699.031023333 359.142480903219 4.29670193285199 -244.365796965567 -285.767769982984
15100 2224.77821806296 223712.368649879 354.829474096421 4.34892900539258 -235.47633829454 -285.021280513391
15200 1860.25294547582 231771.552795781 355.409002620842 4.34183765882926 -233.853134994615 -285.266756661786
15300 1691.61181975001 177687.91302026 360.757340525661 4.27746858765956 -246.320078496548 -286.329539966457
15400 1805.93614034403 198379.164784372 358.389177936359 4.30573322763708 -241.77571602873 -286.150942969565
15500 2065.79934180592 216304.823065983 355.167495471902 4.34479002594481 -238.520844910516 -286.470894275762
15600 1909.97825539349 197713.628721581 356.776499774798 4.32519572572791 -243.560308443289 -287.587652754643
15700 1884.05704049497 190918.12143416 356.710314017001 4.32599824347264 -245.722035944457 -288.228253610435
15800 1772.18205325178 193562.022459497 355.731126332281 4.33790601282587 -245.0367406318 -288.013301743932
15900 1696.59285996275 208221.171183317 355.607157335211 4.3394182598285 -241.620683885958 -287.835903483492
16000 1845.00220715763 198974.960580039 358.905494803679 4.29953905473141 -242.689171969035 -287.261793450202
16100 2216.70229265728 171323.00182133 359.40426291478 4.29357231144478 -247.239812627881 -285.671419376539
16200 2180.78899334385 226987.332770596 354.552437096793 4.35232713248801 -233.336472153403 -283.567462324533
16300 2430.88753829241 205536.326588978 358.622920818728 4.30292684121582 -238.083166466325 -284.089357279691
16400 1759.08758167455 188682.207156958 365.713006701074 4.21950590651932 -242.399145741022 -285.46776975989
16500 2139.08664924501 162506.168261143 361.372892269429 4.2701824759883 -248.329615209631 -284.983082562418
16600 1991.40152198481 254613.46727453 350.372596925941 4.40424909198106 -228.606476155498 -284.286722209098
16700 1858.47647718007 228847.352178744 354.970483444131 4.34720142614053 -235.507196885762 -286.209510418509
16800 1792.85819327598 140973.786231424 362.674818382207 4.25485342144677 -256.942050968832 -288.85341798622
16900 1857.00183982208 177597.693636264 355.402296625632 4.34191958385569 -249.736354816882 -289.131907175654
17000 1726.74664027086 242556.18721889 347.531420583432 4.44025518405078 -235.348565445698 -287.961930025369
17100 1683.48217829346 229824.991841005 352.892398755124 4.37280088012582 -237.585784101439 -288.20660687886
17200 1959.848951465 137696.810041939 361.771850234583 4.26547336633713 -257.497782737986 -288.589756525064
17300 1858.279192927 207981.576897977 355.182111618925 4.34461123290393 -241.180288826324 -287.287153869256
17400 1753.40737288007 232264.12405595 350.631112662238 4.40100189669309 -235.392143108983 -286.222390743533
17500 1844.34524848535 202793.396915243 355.559195718122 4.34000360685221 -241.416155601556 -286.420596188551
17600 2123.22936439021 155790.756103296 360.359917895053 4.28218599027299 -251.433627698693 -286.473926990432
17700 1758.17916983171 226064.950032148 357.429427873044 4.31729474836143 -235.072647662631 -285.505459373537
17800 2058.12967460808 205600.232402419 355.367723688853 4.3423419995712 -238.91113024052 -284.513900334044
17900 2479.431438282 190135.621826126 357.956515078406 4.3109375772309 -241.614687747599 -284.094579682817
18000 2195.46479612166 153977.652748022 361.406178395482 4.26978918489184 -249.292015602482 -284.025064700361
18100 2026.29529674903 216839.112690863 358.795658611587 4.3008552495799 -235.126288223916 -283.685814749658
18200 2271.08075148307 188942.700892132 357.629747363678 4.31487649794661 -242.25191626207 -284.426751797521
18300 1862.4757349647 213744.971905838 356.751319862081 4.32550100294706 -238.233108052005 -285.826991023882
18400 1887.03261773638 210646.393821308 356.137964780366 4.33295055419824 -240.304377127366 -287.127669057964
18500 1884.42282923367 195085.196072609 354.816485065195 4.34908820987441 -244.490436539337 -287.693818662803
18600 1931.51196407354 205456.93698159 353.90619662836 4.36027457718287 -242.35382743458 -287.737393563572
18700 2043.8711252061 199188.434267019 355.250839276287 4.34377071426421 -243.214345993437 -287.380427849891
18800 1720.0979411924 199584.495071305 360.155117705256 4.28462103134401 -242.177325600002 -287.042156231677
18900 1776.47961268384 202924.820345744 360.767900709493 4.27734338013824 -239.971154354895 -285.664473061034
19000 2357.6596232544 222261.319794637 355.193252493085 4.34447496126397 -234.058925251139 -283.332972824089
19100 2348.16869332405 189580.579931811 357.728210793938 4.31368884338565 -240.954609468402 -283.283480014365
19200 1983.4356228598 165465.29185354 365.615839227364 4.22062729866169 -246.702019735279 -284.461112784037
19300 1914.55911940267 165137.925946798 366.331337268098 4.21238380361872 -247.395953281133 -285.154088696158
19400 2042.17779519659 262461.877806898 353.269656929047 4.3681311474086 -226.401043143205 -284.272206232788
19500 2016.77151338549 260234.13222616 351.444461077883 4.39081665175013 -227.475008181906 -284.558509502948
19600 1653.85225597329 181654.507059736 363.510662813955 4.24506995178816 -245.694052984459 -286.908831920754
19700 2103.85129229152 132164.595381874 367.0120772825 4.20457060512024 -257.705204601201 -287.980272731524
19800 1604.1579039446 238350.840862628 352.710615523187 4.37505457434885 -234.23813317965 -286.709800184582
19900 1791.62409813915 278619.715638317 345.992312516773 4.46000716212824 -225.637147460823 -285.805474562404
20000 1857.9219054319 163757.174984248 359.487415806085 4.29257916693951 -250.534053071345 -287.276973501642
20100 1934.70770295962 145490.661081735 365.760888012792 4.21895353614778 -253.858331723591 -287.072396088424
20200 2182.71141146275 228944.834263411 354.46210930094 4.35343623867001 -234.220477996541 -284.871744487195
20300 2014.31280034085 252461.087720672 351.444277170314 4.39081894942424 -228.175133929258 -283.553554775914
20400 2228.14183572118 176329.776206215 362.734297588884 4.25415573361378 -244.573271950771 -284.494502549376
20500 2074.09616242284 154272.049957115 366.266589323801 4.21312846119826 -249.840592594922 -285.108053805209
20600 2153.46023891121 202296.682199348 354.748734599234 4.34991880551574 -239.772118652174 -284.563995217485
20700 1703.64939099855 307150.928384973 347.087760430734 4.44593087912725 -218.177528229401 -284.717218361768
20800 1908.54136186759 158675.699973386 360.438577216883 4.28125147918778 -252.315618933759 -288.012587112546
20900 1595.06031728316 105591.477080231 367.336833784488 4.20085341284195 -265.067102635289 -289.276444655522
21000 1872.90863343973 229639.200467014 351.039033917824 4.39588775824672 -237.110254517775 -287.424513328588
21100 2309.75323696066 285112.90355574 343.443837449163 4.49310199690084 -224.64383605259 -285.760866356964
21200 2045.03970619732 141552.634276425 363.274676956356 4.24782757993207 -255.843079745904 -287.938474659691
21300 1472.68779285663 122101.914729961 370.13262759539 4.16912230054193 -259.387339106702 -287.595156743167
21400 2236.67582899998 266346.128232983 351.219611748278 4.39362763424524 -226.139134018966 -284.525949546871
21500 2472.72277576697 281975.127041121 346.685061234308 4.45109514200611 -222.535511918762 -283.550365266569
21600 2042.70090785159 158310.518097818 365.272336345201 4.22459638555213 -250.228366693304 -286.320802709941
21700 1907.32093540793 102132.75831442 372.292071141339 4.14493971664596 -263.348653808774 -287.080880641618
21800 2327.32917992279 230762.827691281 352.960894128854 4.37195229708018 -234.053091324023 -284.890345517688
21900 1736.34089593971 341032.644390463 343.090091267722 4.49773465087331 -210.430452554642 -283.459186335968
22000 2097.244276093 136128.889612674 364.896071124086 4.2289526086494 -256.06781110928 -287.071197431667
22100 1922.34768486149 83844.9671904245 371.818084861973 4.15022360313368 -268.636806897094 -288.094759954113
22200 1580.32096038554 291134.547976402 348.000042517173 4.43427587164725 -222.698613981131 -285.93436551912
22300 1826.01844187216 302187.135233296 342.801294770196 4.50152381396513 -220.941753584221 -285.597639637268
22400 1829.55550016279 134588.832008808 363.218298240233 4.24848692740004 -258.514748939317 -289.026447572008
22500 1523.52094090111 143636.041296814 364.763104815582 4.23049417963008 -256.845814371228 -289.547035732823
22600 1863.20824321933 249685.044084958 348.151699344852 4.43234427627371 -232.979287699226 -287.235652337687
22700 2026.71282605714 258824.779633178 347.083075860394 4.44599088572907 -230.00494588991 -286.074736343067
22800 1855.92179630152 149976.904481246 360.840683263369 4.27648062826615 -252.325281317554 -286.102938577374
22900 2363.08862972169 156601.020364933 362.285394120888 4.25942700674046 -249.585771341744 -284.996515652775
23000 1956.82515646984 223834.587219649 354.713229648657 4.35035420977837 -234.1640739624 -283.719843467044
23100 2108.48704512351 248196.157973713 352.713599949492 4.37501755556659 -228.985607506783 -283.625130912938
23200 2201.30858729304 150013.538727333 360.57020506807 4.27968858817606 -251.670841475554 -285.431424296423
23300 2069.87786188402 179132.227047201 359.747363122949 4.28947742235078 -245.786602320923 -286.008354625099
23400 1846.01293260551 220463.672441409 352.343966449512 4.37960725542107 -237.495633311356 -285.979083671558
23500 1819.81154125394 220968.183412128 352.730827680399 4.37480387527769 -237.840550747351 -286.488305989045
23600 1867.52982413998 179047.831002013 357.773900578567 4.31313796051271 -247.265043988799 -287.247306172599
23700 2089.94570368648 178615.871883481 356.366512830157 4.33017170892701 -247.101375269378 -286.830278669993
23800 1515.94342246236 240051.30363789 351.826257497557 4.38605180534837 -233.515893234303 -286.229406237601
23900 1948.69122648669 211140.951472127 353.413125261893 4.36635790117473 -239.843114547825 -286.417248877304
24000 2173.56523441441 154728.00004294 360.43125281004 4.28133847948919 -252.162128501587 -286.970282846798
24100 1908.61379080117 178799.771534604 358.27122094111 4.30715084458254 -246.476672846547 -286.459042112165
24200 1822.39037943123 248883.387250926 352.416036135281 4.37871161820163 -230.228476399439 -284.973067145148
24300 2529.56719635006 182361.896560197 359.05377948405 4.29776339935357 -244.162812982669 -285.030799870392
24400 2379.39862505575 170676.496184358 364.287275701329 4.23602001715617 -245.327851093372 -284.134609163564
24500 2425.77795811134 185590.149533377 360.745928321904 4.27760390545321 -240.54828701655 -282.335749746667
24600 2719.12965156855 241111.215928521 353.955358543939 4.35966896564037 -227.497635110301 -280.764305095128
24700 2244.79277056675 193656.313231781 360.471040646295 4.28086591671668 -239.208549528961 -282.778963124707
24800 1824.02361466329 158409.589168526 365.835243041141 4.21809604519863 -249.660217564709 -285.830895735007
24900 2112.24514189116 200939.568183377 354.960941072603 4.34731829142433 -241.56311056021 -286.081113552448
25000 1942.20218845651 273312.082624625 346.57096128579 4.45256055539408 -226.012583579166 -285.133430256319
25100 1740.62069775904 193259.666566717 356.363803487435 4.33020463011342 -243.973309963918 -286.95905456723
25200 1682.91778147751 120237.701468204 366.390499948502 4.21170361153745 -260.885482129689 -288.381798268138
25300 2378.95057170958 177301.751308486 356.315915315457 4.3307866012663 -247.38374036238 -286.814749245931
25400 1974.99462192095 272570.481985202 347.806707709385 4.43674074611437 -225.330778052889 -284.501438687366
25500 2094.78770903654 194923.119403056 358.60247152074 4.30317221552354 -241.33903172093 -284.967129108745
25600 1977.81683905306 118773.578487078 370.968604588827 4.15972719194523 -257.823165793102 -285.324048918883
25700 2253.16026478325 208955.611839372 358.320251422017 4.3065614788506 -236.095139815097 -282.827211700015
25800 2082.74316118189 323143.164404408 347.776453149112 4.43712671715727 -209.798419789701 -279.941493025356
25900 2499.35906638992 176491.071703359 366.478755793518 4.21068934412 -243.147494497237 -283.517721102428
26000 2175.22301534848 71551.4410010859 378.409850282972 4.07792817949158 -270.021532202363 -286.920900078969
26100 1878.2816285007 228950.910621965 354.094582274365 4.35795482086887 -236.041761624626 -286.641852849295
26200 1802.23301165046 346539.670486695 340.30707086981 4.53451698174226 -211.037703069328 -284.64376345251
26300 2073.6030060845 154700.125823468 359.684852341502 4.29022290435795 -253.119570636586 -287.849384682682
26400 1812.1970816733 109630.675177937 369.414323522243 4.17722890967764 -263.075094921249 -288.352673083295
26500 1966.92332669153 217020.209626316 354.097973380324 4.35791308584729 -238.156635621327 -286.120400169897
26600 2191.22339841948 280113.867885987 346.836404319462 4.44915289354916 -223.425604387838 -284.064171198419
26700 1877.89909137915 203289.961431164 358.556627019564 4.3037224125324 -239.574046392632 -285.069010822391
26800 2276.92099702085 158874.172650937 365.127020036671 4.22627772579289 -248.878776984952 -285.085308051179
26900 2263.09952853487 206271.669986787 355.863269591998 4.33629521145954 -238.025263771171 -283.840759695434
27000 2481.06082827152 243104.931803458 352.074876882891 4.38295457355057 -230.321881381612 -283.743672884811
27100 1817.38093157974 174734.427520007 361.3799666128 4.27009888326074 -247.163717785249 -286.576055678912
27200 1749.96460302607 163148.717466885 361.283011768446 4.27124481805179 -251.306116879258 -288.0953595205
27300 1860.67185724498 241576.139864827 349.644626145921 4.41341887297336 -234.648309501565 -287.36771907274
27400 1881.8581551469 239760.106745571 349.495090120398 4.41530721171083 -235.346758835318 -287.647476087331
27500 1364.55363649079 183740.805516888 359.79363024927 4.28892582338664 -247.489679243101 -288.75153237966
27600 1906.40654693416 169152.404676884 359.876232691827 4.28794138563618 -249.737183619884 -287.731705537963
27700 2081.34316341044 246179.278582096 350.125985327938 4.40735122936043 -231.185075626486 -284.982995194572
27800 2197.90521678847 226138.574367462 353.166572488008 4.36940614451419 -234.49949960971 -284.347057114567
27900 2235.0793656264 159761.469670711 363.760043725773 4.24215968323732 -248.950785261698 -285.223217913851
28000 1975.54622851316 200303.767936666 363.854845161248 4.24105439954292 -239.67224327935 -285.161299240295
28100 2081.46167136964 197450.179318617 357.27972637928 4.31910371042988 -240.654344730214 -284.685040499684
28200 2191.70134437603 248271.014078335 351.436887383162 4.39091127672005 -229.93481792964 -284.392983066347
28300 2017.74606786882 210760.13168147 358.837679605262 4.3003516062294 -238.843136264866 -286.04684734531
28400 2026.03444840291 151367.705799345 364.106947360621 4.23811795696874 -252.63167118708 -287.031147953578
28500 1649.09358800971 219540.962550138 354.328170849546 4.35508186709027 -237.43978190051 -285.992202739873
28600 2063.20300374163 250159.442600764 348.443117410946 4.42863731484238 -231.029905829643 -285.434858111489
28700 2083.49394275053 171264.195739157 358.026878869869 4.31009033940995 -248.593639826739 -286.864819976147
28800 1700.61482075474 168165.638426794 364.529542435868 4.23320475359718 -248.646878756323 -286.908170960494
28900 2044.84260054814 194962.85211639 357.547802412852 4.31586540723388 -242.246545993138 -285.755197709324
29000 2486.77118848242 232599.440346663 351.233408553605 4.39345504808552 -234.028342202195 -285.019412325006
29100 1945.00357150982 190418.301388249 357.159283122209 4.32056022281272 -243.529601641083 -285.977898702721
29200 1719.54662226446 160109.327289411 362.61975881881 4.25549947110625 -250.372544474991 -286.610003735146
29300 1823.67706807713 234211.362030582 355.506543077331 4.34064638728873 -233.849813695451 -285.818914268906
29400 2088.75410051886 239149.986242009 351.893732234342 4.38521079096255 -233.228099826893 -285.75376177643
29500 1840.76943972411 190190.764643157 357.334382929279 4.31844307624751 -245.137591474456 -287.555951450782
29600 1895.16891655783 170229.098580745 359.872793077479 4.28798236918646 -249.797568516342 -288.033568837976
29700 1743.92369656589 214781.725612368 354.614623990259 4.35156388786861 -240.060842045328 -287.599138149415
29800 1905.35886823519 229641.803776221 350.799989986788 4.39888322666211 -237.047695884684 -287.328262641996
29900 1814.51427620423 206639.637604029 354.501538478611 4.35295203086749 -241.166189360014 -286.887787099895
30000 1652.71942645949 185543.268209658 359.374107798774 4.29393258551106 -244.737105868696 -286.355146372295
30100 2290.13955633699 175924.71209317 359.187339823929 4.29616531758204 -245.462050928581 -284.90210596998
30200 2535.75370756555 216305.745867496 355.732739269442 4.33788634421222 -236.091411450338 -284.117977497939
30300 1940.58639921924 204767.283680554 358.671797904844 4.30234047081537 -238.533653770096 -284.373952757002
30400 2395.09441605322 161243.986189159 362.425727594458 4.25777773037357 -248.225357420592 -284.700096012025
30500 2538.19636797916 186744.167749305 358.372523480346 4.30593332569133 -243.130888826273 -284.901554318843
30600 2005.57202986812 206638.881417013 354.228884987901 4.35630254127589 -240.302850881251 -285.989116133235
30700 1883.4192261456 195445.038547271 353.22763153671 4.36865084747977 -245.059085122249 -288.148337811733
30800 1681.10245312899 183527.703307394 354.048983663318 4.358516089778 -248.501862082317 -289.057816329584
30900 1763.90531665218 201376.334962444 353.242934607013 4.36846159027319 -244.509070179125 -288.907903592634
31000 1813.15149047659 204559.992879771 353.63786713543 4.36358301888287 -243.309889242903 -288.461069267851
31100 1860.99403089107 188303.849002632 355.116335848977 4.34541595552613 -245.974241484138 -287.711074401157
31200 1672.33455097176 218635.490553213 356.220508354114 4.33194652097941 -238.097877545221 -286.708280699378
31300 2052.7531732015 194768.132943536 357.675161528067 4.31432863627862 -242.464116604805 -285.944796424475
31400 2301.86509122335 202208.664016262 356.623352141514 4.32705312930204 -240.14922174778 -285.158202714319
31500 2388.13396664887 182285.100500297 358.078684441746 4.30946677061187 -244.279875033956 -285.019711737639
31600 2091.23474926963 192469.094447531 359.20888653081 4.29590761734611 -241.876398023887 -285.028078945491
31700 1958.34186852639 178676.073595522 358.503802415436 4.30435655485164 -245.180830436939 -285.161476629575
31800 1986.30533283906 191478.937456127 355.472606373984 4.34106078554653 -243.348945677066 -285.832103408596
31900 1867.86028995719 214203.401166499 353.422706358992 4.3662395315899 -240.323320937173 -287.574260987513
32000 1795.1423708481 185796.273393013 354.482633949443 4.35318417343458 -248.029463086457 -289.137014202296
32100 1725.11283769486 205562.259080316 353.050795271284 4.37083901958182 -243.807667571642 -289.10474878964
32200 1689.97921893554 232877.58437651 351.280475380189 4.3928663846062 -237.25880889034 -288.317695689123
32300 1646.13599517276 217978.736648131 355.656380718371 4.33881767775188 -239.494369722473 -287.88200276405
32400 1825.58803696913 178490.674068112 361.171817816844 4.27255980600531 -247.115662071325 -287.352053765082
32500 1971.62768342722 185655.185637379 357.46512673287 4.31686359441513 -244.638819644851 -286.060756904872
32600 2062.61800069459 271852.916435644 350.55963386034 4.40189925712009 -225.163532064975 -284.645529740977
32700 2277.47532714651 198116.065865513 358.169280831958 4.3083767214255 -241.409929912098 -285.699113302509
32800 2016.49947373196 134246.728965491 369.260799003549 4.17896564170974 -255.910309260165 -286.850754586513
32900 2098.32895100953 157758.062790877 361.809857123093 4.2650252929431 -250.329164352692 -285.954716318024
33000 2388.08136262875 297402.745587023 346.101701619147 4.45859752970585 -219.135704859189 -283.380559476564
33100 2245.96452659182 225288.806196962 354.831914671999 4.34889909294818 -234.685836200908 -284.580250740778
33200 1833.41294706793 116893.829097261 371.015296524349 4.15920369408502 -259.542800391525 -286.611852187246
33300 2115.09983473566 173053.686253392 358.743813430421 4.30147680348894 -247.78329267842 -286.531794690984
33400 1977.77165946193 328121.304009586 339.844059646653 4.54069491010247 -215.264557823159 -284.86367877592
33500 1704.37361133132 211660.498038565 352.682415122079 4.37540440266061 -241.230948992785 -287.82315380554
33600 1590.20478990342 105269.953097304 368.856098258189 4.18355071029888 -265.572020323628 -289.807467643754
33700 1549.61414833172 193646.302388897 355.936401597157 4.33540426026054 -245.584687231569 -288.60477150749
33800 1978.98288502899 308256.022897831 340.876553691484 4.52694142543683 -219.870840914074 -285.454907800622
33900 2055.69914880652 196308.314151757 355.737918551632 4.33782318778073 -242.535716517091 -286.122868788221
34000 1956.54913773212 117324.390429942 370.476711553082 4.16525018643451 -259.135392031902 -286.264709152366
34100 2707.91466834022 178770.035563101 359.181146758022 4.29623939283683 -244.46335012026 -284.540599024814
34200 2413.27261238314 278078.279415168 346.232890106109 4.45690815622167 -222.657278845542 -282.750437344401
34300 2061.32887185039 196880.244661637 357.930569515703 4.31125006716818 -241.076891797679 -285.060471695481
34400 2165.19469465819 117120.537055293 368.410065765622 4.18861571726935 -259.698622996485 -286.629728751091
34500 2082.00311470521 193592.362428742 356.828248874398 4.32456846321407 -242.836731088515 -285.95259484067
34600 1799.65656848011 276554.578215657 346.384909863619 4.45495212962277 -225.169217334402 -284.959341985214
34700 2073.54830088113 204768.606446401 354.130168174036 4.35751689787625 -241.539320448735 -286.799465655974
34800 1539.12104232488 129921.08620831 364.410158510063 4.23459158815823 -259.318586507647 -288.868741324529
34900 1338.65702989765 188965.837971514 355.117211383024 4.3454052419941 -247.288389582867 -289.172053103771
35000 1560.13035598674 285476.379999272 342.023869687618 4.51175584112158 -227.909474263673 -288.851409307511
35100 1574.85412801395 202288.795260219 350.888377310874 4.3977751662574 -246.688978802034 -290.991705197677
35200 1375.62325737352 117599.738714251 361.842692879396 4.26463825920191 -265.52679359718 -292.086043553897
35300 1716.76609640844 206077.896470866 351.308143414164 4.39252041489655 -244.546510538365 -289.733069702025
35400 1886.41429496935 290245.869508598 343.245062792134 4.49570397113221 -224.810018016812 -286.991345545106
35500 1548.72549170967 176069.846719139 357.532229252504 4.31605339494107 -249.084661056355 -288.375366419741
35600 1775.40263361674 113675.657326927 366.179673490261 4.21412848276834 -262.303361883435 -288.284091898989
35700 2120.39062808383 243972.653080936 350.707039147357 4.40004909972093 -232.122645174439 -285.526828043767
35800 2094.04960927974 293149.79662024 346.348467119905 4.45542087914567 -220.412328623053 -283.783613057653
35900 1816.13915451896 122950.355611287 367.624199455235 4.19756967618783 -257.776488977998 -285.987816540433
36000 1641.74383222033 134377.024829175 371.690465141938 4.15164858016157 -254.603392184799 -285.777647245427
36100 2465.18908871603 251013.768523517 352.083105595622 4.38285213729752 -227.743203695412 -282.90423443642
36200 2471.06209745211 302064.780530044 347.230879033821 4.44409839401355 -216.785163312332 -282.249997722652
36300 1838.91928093436 133179.309485014 367.647571869424 4.19730282460341 -255.890780052135 -286.451114544254
36400 1777.92575095664 102730.572835914 368.320150758529 4.18963825000657 -264.640938753072 -288.25740053143
36500 1834.63944060806 325464.560523249 340.673188527193 4.52964378716567 -216.225302020713 -285.429318922756
36600 1621.66169615674 311325.624455033 342.094710688088 4.51082154635562 -219.707736585791 -286.181592261325
36700 1939.53193929728 53509.9466212426 371.940707477208 4.14885534399507 -277.027309025219 -289.449490603448
36800 2165.21040205076 103376.455931331 368.655767850268 4.18582408425215 -264.799947147406 -288.586544154043
36900 1723.47050600432 370786.233872316 338.262118798585 4.56193024908285 -205.142711162595 -283.425557709774
37000 2291.12589227502 277531.432643491 345.525386389652 4.46603419792119 -224.402702911331 -284.255132090898
37100 1788.94504369287 64389.5052696707 376.864618838773 4.09464862109088 -272.233850844453 -287.379576899399
37200 1898.05469231258 128251.155345152 370.618189473016 4.16366016481896 -256.899725831781 -286.567000936517
37300 2269.45715116288 301299.819881997 344.082498961999 4.4847622198784 -218.059438202775 -282.766413346773
37400 2301.44531281887 265241.636862879 348.379425242787 4.42944697664251 -226.302852268348 -283.977352550149
37500 1663.36304191534 138654.577469958 371.727720652393 4.15123249123817 -255.127078323217 -287.296911073184
37600 1491.5352423808 150440.241579117 369.182067259164 4.17985684765899 -252.555616777049 -287.220860827968
37700 1881.64655063456 297921.146010768 346.972478971544 4.44740803777892 -219.84308106565 -284.361839497945
37800 2299.84211325911 247491.639160648 349.199964013972 4.41903880552627 -230.922114244651 -284.863781400958
37900 2115.05739739358 117220.940559043 367.89488616121 4.19448122252488 -260.715664508318 -287.632165020389
38000 2116.90494651032 134580.404430297 363.346017375458 4.24699354904874 -257.282705086959 -287.803221376223
38100 1877.32998879303 258463.570034855 346.614475803575 4.45200157405025 -230.309007621101 -286.22495373687
38200 1746.10354987078 233440.935367099 350.451817710255 4.40325349700979 -236.491886901823 -287.553552159916
38300 1697.01895983067 154105.615657252 362.575165029466 4.25602286284752 -254.382007272691 -289.256360397266
38400 1773.35664879626 170768.255159816 358.153831778491 4.30856256431317 -250.304489481087 -288.47837664746
38500 1866.40237998792 270795.666663105 347.118065312391 4.44554273047521 -227.318905686059 -285.987889975291
38600 2086.73876341366 213397.403081656 353.017233221578 4.37125456393101 -238.527096761341 -285.5462365456
38700 1957.00901228178 156337.918986728 365.725754583399 4.21935882974364 -250.082130013877 -285.76908672022
38800 1993.57067108383 169630.366718646 363.577046189289 4.24429486965665 -246.484814305343 -284.978518136082
38900 2171.6439340202 262714.461258232 350.963325169708 4.39683602587233 -225.873961753003 -283.422640624124
39000 2141.65161744174 214604.763085235 353.630174950768 4.36367793580102 -236.830567459568 -284.197833122932
39100 1670.51623932169 171600.401922545 362.084285908611 4.26179277013861 -247.257135951939 -286.03801246071
39200 1934.79125297721 164209.888040806 359.029673384771 4.29805196132731 -249.709624117763 -286.507206949517
39300 1946.52403815179 252901.970703015 349.506868805785 4.41515841201853 -230.436499223763 -285.605811652964
39400 1914.18028986605 203321.237003695 355.262216713448 4.34363160299367 -241.502232706503 -286.58612537554
39500 1860.75837809397 139774.447389226 364.056311414102 4.23870742927696 -255.624172917541 -287.38457493721
39600 2062.92292420936 197191.497846877 357.393539551449 4.31772827735734 -242.36921189975 -286.356230424205
39700 2066.22491145707 237096.274362992 352.209137925862 4.3812838047119 -233.137064983966 -285.258335267748
39800 1956.12643491395 191904.968507299 357.315915198446 4.31866627325877 -242.837399551933 -285.635867419433
39900 2112.28068253624 165753.804614521 360.016285577092 4.28627329842189 -248.319649415132 -285.56527688351
40000 1812.73181929938 197841.430347035 357.082056868481 4.32149463179125 -240.96141920185 -285.054953766938
