# step temp[K] press[bars] vol[A^3] density[gcc] enthalpy[eV] etotal[eV]
0 2094.70944033152 134654.167734807 366.918459084605 4.2056433893131 -254.599164772443 -285.436653485188
100 2101.97884855953 152945.310905634 364.502414037291 4.23351981341953 -250.771544696489 -285.567296001534
200 2271.57501887946 139349.765906686 362.925614674635 4.25191314547898 -254.463406563076 -286.028967190417
300 1770.24333821827 148465.526414736 364.467452834114 4.23392590989042 -252.906914302088 -286.680254658818
400 1864.01268569485 134149.004101186 367.02542863017 4.20441765472615 -256.938654695992 -287.66941109552
500 1639.39972100783 162482.822211915 364.133004724691 4.23781467717498 -251.676470003366 -288.604585144346
600 1631.02467718454 171849.620800687 360.100341259905 4.28527278387764 -250.407808685623 -289.032209365394
700 1843.83858831737 140161.81329323 359.694005107785 4.29011373543384 -257.716951995993 -289.183749809225
800 2113.09024391046 138495.792585765 361.726395504496 4.2660093679753 -257.287986274532 -288.556441307162
900 1985.40698895672 133104.839717789 364.982767852247 4.22794807806052 -256.818767972965 -287.140628775897
1000 1722.86752633338 155632.345662272 367.701850363256 4.19668323763302 -250.017638241516 -285.735489225094
1100 2207.04131999549 142890.632632081 368.367060063159 4.1891047250575 -252.348897698566 -285.201833847139
1200 2402.68999961339 146261.955539088 365.445368312236 4.22259611332021 -251.123468983475 -284.484808518819
1300 2023.5915427121 193350.415874218 362.862132585463 4.25265701017363 -240.504730263762 -284.294877129856
1400 2274.45666786321 122949.717287528 368.596610703121 4.18649587939104 -257.520979598869 -285.806782741712
1500 1787.88012530128 105849.501928048 371.506640089489 4.1537028557401 -262.519406790912 -287.063389814278
1600 1964.67182997267 168098.813479636 363.4774620517 4.24545770501344 -248.311229573136 -286.446934408078
1700 1696.20478644226 214163.888637394 359.713318803939 4.28988339102116 -238.460579339594 -286.543673274447
1800 1293.44990117592 141384.723532976 369.256948735687 4.17900921607486 -256.333451193756 -288.918682352511
1900 1649.98430916775 103123.516640815 369.196967057095 4.17968815986368 -266.230834810873 -289.994065376326
2000 1878.41868035411 199503.241273625 354.647893086232 4.35115567284905 -244.725239168552 -288.886044286818
2100 1904.8157998216 206352.536404594 354.029826665977 4.35875193454263 -242.237407336116 -287.834726167969
2200 1676.616594284 117635.886827624 369.617047697247 4.17493782140183 -260.527076888917 -287.665303665101
2300 1529.58195730039 131147.965174645 374.983906697449 4.11518511676069 -255.756121396931 -286.450852181341
2400 2396.49185813753 154475.053923838 364.124019257879 4.23791925347624 -249.627721947512 -284.735013503608
2500 2127.93352212313 215216.818527013 357.904811775721 4.31156033977301 -235.335710629838 -283.41227081274
2600 2237.09714967745 136547.013649399 371.719123236134 4.15132850425306 -253.171646205632 -284.851761470253
2700 2220.76225638687 92264.9425817622 378.823693419852 4.0734732770684 -264.1085256329 -285.923941301519
2800 2145.07063685185 164974.082634596 366.395394200827 4.21164735225986 -247.965255642827 -285.692524791902
2900 1672.88848684544 190303.411819867 357.784896862137 4.31300539905328 -243.141613878636 -285.638608791796
3000 1515.37059698824 171669.704299743 362.015124079081 4.26260697199223 -248.671728080179 -287.460856058707
3100 1847.06138796844 94343.1676491491 368.223004935446 4.19074357436371 -267.23492670693 -288.91750954777
3200 1855.93552771641 136425.055898665 361.156757276552 4.27273797533985 -257.955063247907 -288.707499574139
3300 1747.68613701388 186047.7174314 355.824703598394 4.33676520000081 -246.623806277948 -287.942833183027
3400 1944.85054865623 173153.575445769 361.247791196851 4.27166125155694 -248.511722985679 -287.553206035531
3500 2080.77768947361 138091.52667673 369.421119225611 4.17715206726908 -253.83667122556 -285.677062306375
3600 2191.89839345219 126319.007503894 371.236043912883 4.15673051463786 -255.108113445416 -284.377153789441
3700 2148.20413162466 143692.798216837 367.803452081017 4.19552394936797 -250.764831510485 -283.751651141989
3800 2251.0411172979 176213.178406713 365.096956719647 4.2266257317808 -243.893074708657 -284.047761267964
3900 2162.58447471406 121427.677919031 368.042727201693 4.19279631905473 -257.576427412763 -285.470091899222
4000 2152.95764636819 150773.919517039 366.051005881126 4.215609756765 -251.964799598235 -286.412280821341
4100 2059.70870144256 150192.969843652 363.86452759351 4.24094154511819 -252.998847359093 -287.108631156338
4200 2140.73599093118 125129.601873023 363.871372688518 4.24086176514653 -259.26579059187 -287.684057866109
4300 2104.39135212099 131373.450108397 363.808402073845 4.2415958044666 -257.978568039035 -287.809716454247
4400 1684.00370810505 157843.750636836 362.097912659974 4.26163238702562 -251.743996600673 -287.41727768551
4500 1931.10850889066 149765.947072524 363.227334562505 4.24838123409618 -252.387976697516 -286.341218280689
4600 2159.49052333757 170598.064464275 367.289685434795 4.20139266922068 -245.339244966861 -284.447863419865
4700 2495.34071587553 94298.6507631648 372.573582389919 4.1418078597187 -261.463103373442 -283.391515211569
4800 2440.17857389764 135135.275300696 368.991235852188 4.18201854659841 -251.859280577669 -282.981776907149
4900 2384.07881501229 191938.573924191 364.007145182317 4.23927994900547 -239.700780137695 -283.308342940239
5000 2278.25783413442 130506.611323177 367.834375261438 4.19517123914627 -255.01458665115 -284.976839775913
5100 1807.86105874352 135444.49274557 370.404739807864 4.16605951820857 -255.150127996144 -286.463333559845
5200 2008.83095792091 166456.194818499 364.165439081016 4.23743723665886 -248.707829142687 -286.542358156085
5300 2144.74125565595 164246.416774161 361.750865206532 4.2657208048006 -249.433808831186 -286.518539118471
5400 2015.96498026671 146394.916692181 364.600812906514 4.23237726642641 -253.798025841489 -287.11252373317
5500 1520.50026300851 140174.984302038 368.333147425988 4.18949041825292 -255.071433874866 -287.297030217315
5600 1703.97532747235 158273.313788728 364.705624013842 4.23116094257858 -250.492117726449 -286.52008822162
5700 2224.83780662878 183779.597581226 361.77059552509 4.26548816004892 -243.31335943327 -284.810694129117
5800 2038.47297214331 154140.496791611 368.732660415475 4.18495120591536 -247.824897666768 -283.299538232108
5900 2331.64694748729 103074.265591652 373.773987502992 4.12850611187534 -258.052183411595 -282.098522413031
6000 2255.29983899123 217851.843146151 367.521162495827 4.19874649227482 -231.52754580096 -281.500293900144
6100 1947.21079979779 129839.063861315 371.308585643371 4.15591842346528 -252.849079714732 -282.939621651656
6200 2176.73664580936 140392.75998045 369.765300994044 4.17326392638171 -251.909886764699 -284.311043036531
6300 1986.71991605129 160603.024975276 363.998504889995 4.23938057749021 -248.532773370738 -285.020177206589
6400 1938.06594943211 177359.946537119 363.730143643647 4.24250840584154 -245.371997149242 -285.636698841332
6500 1985.92031167729 129477.902227046 367.090180569964 4.20367602715544 -256.824954792025 -286.490891415329
6600 1892.81810351576 138090.314687928 366.927740950225 4.2055370026532 -255.462720727569 -287.087930069703
6700 1960.02066860838 162662.733516565 362.20941668445 4.26032046872614 -250.095532706209 -286.86924260854
6800 1927.82090087765 170166.8745088 359.693003059574 4.29012568701689 -248.435401794722 -286.638330194516
6900 1957.16932082754 158642.305360613 365.291294145982 4.22437713845279 -250.910015741505 -287.079971443315
7000 1969.69498061593 101736.134173546 370.029193636603 4.17028769189922 -263.456864813217 -286.953239708207
7100 1939.3766780019 160337.348240226 362.275331622706 4.25954531586274 -248.894241980396 -285.148840649914
7200 2319.39423588496 205829.851820387 358.035783252821 4.30998314706568 -237.332122197161 -283.328585266819
7300 2585.53919976373 130971.676407539 369.199170815232 4.17966321121124 -253.587005154727 -283.767596575175
7400 1982.78083824848 83581.6844125211 376.442945751325 4.09923524741913 -264.981209356681 -284.619330057557
7500 2020.73610141011 159817.384227151 365.108969745471 4.22648666490414 -248.259331219525 -284.679014383391
7600 2044.70990257463 221187.617802654 353.484438797564 4.36547701255344 -236.417465015539 -285.217569715578
7700 1689.81343139922 176850.730860441 361.555378225813 4.26802720910528 -247.757993765941 -287.66703804774
7800 1577.20815554373 79730.8883569761 374.796480459441 4.11724301672868 -270.219977077311 -288.871390538998
7900 1919.19847122747 127338.453700657 367.309691549894 4.20116383358893 -258.996467469408 -288.189660698262
8000 2038.10076212212 208209.498632962 353.176947687742 4.36927778545292 -240.398372733278 -286.29518572909
8100 1753.75089014837 203368.276591532 358.182757045768 4.30821462371217 -240.724046343066 -286.189080941439
8200 1913.14453922186 91628.7204763007 377.094751477126 4.09214974703705 -265.292008929926 -286.858115770326
8300 1908.66534663096 91102.6222976015 379.177679200939 4.0696704381915 -264.280550146348 -285.84127138519
8400 2152.01798192199 188852.484270741 363.591070013751 4.24413116583902 -241.240698683968 -284.098072282166
8500 1931.09984473971 219931.804088423 358.832047937008 4.30041909784216 -234.544492738566 -283.801599972088
8600 2031.32722006292 126443.344707476 370.963606020862 4.15978324240071 -255.412845558268 -284.689195017908
8700 2118.55352161376 117561.793547892 374.874778630689 4.11638306930845 -257.33348535676 -284.840411923024
8800 1937.56230617989 144282.877375212 367.893758671939 4.19449407741154 -251.741222167074 -284.871635744834
8900 2133.37033027927 187371.787860736 360.778679316031 4.27721559043235 -242.544891174306 -284.737337615431
9000 2028.34904049626 162384.214876908 362.901723156664 4.25219306881041 -248.566134805774 -285.34704589283
9100 1851.45232098386 118149.905965923 369.31218959666 4.17838412956645 -259.241440782275 -286.475768880905
9200 1868.145785532 117839.886751778 368.562327052713 4.18688530704175 -260.005021688751 -287.112736026631
9300 1943.17415417569 144273.156466465 362.518898042838 4.25668344518628 -254.799188914393 -287.443373683915
9400 1790.34537217423 181616.463554643 358.809179999552 4.30069317587706 -247.11410465759 -287.78731036399
9500 1939.32259715577 140622.781531847 360.790177560281 4.2770792772159 -257.270312812389 -288.936810428535
9600 1786.0970434034 123595.336784126 364.200776590784 4.23702608849727 -262.036213043458 -290.131443275445
9700 1547.71226337931 147859.797238336 361.711578658676 4.26618411715891 -256.984818408665 -290.366034947061
9800 1411.22005735212 184031.970174171 357.82492781579 4.31252289013394 -248.173921203806 -289.275027382414
9900 1735.24543104695 156124.715701902 360.849697035562 4.27637380478122 -252.456994737326 -287.620134604123
10000 2042.90940011384 122366.423785013 366.924797111744 4.20557074368613 -258.707320722259 -286.731246438686
10100 2322.2329138753 112062.395846523 367.125627581222 4.20327015041934 -260.350159010189 -286.028339537372
10200 2103.50603320666 178948.776404129 361.060462826268 4.27387751011838 -244.682844288518 -285.010066682973
10300 2019.47969524286 165198.432103141 360.499640512153 4.28052629864994 -247.722596868496 -284.893267756724
10400 1985.06404768759 133692.39873761 366.70316546567 4.20811254766925 -255.214515492871 -285.813782062927
10500 2039.68351216468 113812.801864341 368.94415375942 4.18255222678595 -260.481811763682 -286.690264996411
10600 2149.95309490034 163430.275668926 359.814952064759 4.28867167139956 -250.214782441485 -286.917765418545
10700 1783.27795611448 210991.051408382 355.959936255306 4.33511762053845 -240.703335570639 -287.579794693443
10800 1574.02083498825 122027.008511229 366.157628062948 4.21438220481599 -261.74184559891 -289.629609522603
10900 1467.30478912238 94050.9748341237 370.810636697831 4.16149926444423 -268.490181750644 -290.257510044558
11000 1781.09514638272 182758.188380093 355.897844360201 4.33587394899851 -247.843912749448 -288.44071671184
11100 1801.57753619453 242311.145508699 351.208031305091 4.39377250608948 -232.639890589973 -285.756148616097
11200 1813.81785959573 102852.702758913 371.481280915461 4.15398640831459 -262.140520400259 -285.987988994698
11300 2018.63285403581 70391.686685131 382.822643223082 4.03092194044252 -268.944412574875 -285.763740256771
11400 1979.8982854472 152667.96207719 365.795274212596 4.21855693786047 -249.52500960196 -284.380856664692
11500 2336.90294121997 287257.751131214 349.700107079393 4.41271867130364 -219.864221024212 -282.562722924577
11600 2297.61939422113 123021.925593759 367.047041372172 4.20417008702011 -257.57519173311 -285.758624590287
11700 2046.37070552826 53051.7137671242 381.480079626882 4.04510818330389 -275.059362376528 -287.691036846991
11800 2183.54422165427 129483.851233281 366.210426144515 4.21377459979025 -257.775928420588 -287.372128551455
11900 1723.38087015537 251267.624942827 351.513282965528 4.38995698497531 -230.767636970354 -285.895088750232
12000 1772.65479668309 175621.131857113 360.62151223573 4.27907969854392 -248.056809166991 -287.586010943988
12100 1492.61878164103 70140.7217235497 373.97586627408 4.12627747143232 -272.574760447422 -288.946825053072
12200 1837.26732755393 143714.833388542 364.343649196132 4.23536459403312 -255.307309863835 -287.988844538945
12300 2331.88162555479 206851.225819303 353.606822309338 4.36396611860667 -239.944344653007 -285.597245349501
12400 2024.20278871024 164669.99920565 363.55332162362 4.24457184155147 -248.328203961462 -285.693828274995
12500 1801.81367442369 103905.228244313 376.602496031719 4.09749857774748 -261.035798055638 -285.459429476741
12600 2294.14469903091 136632.558261079 370.616248794323 4.16368196722669 -252.475207495967 -284.081117460252
12700 2474.2108852239 180041.261821342 363.88274737949 4.24072919911425 -242.14427678203 -283.034845950421
12800 1976.72723672403 164503.576222461 368.160933622557 4.19145012666703 -246.396093003484 -284.197040780655
12900 1973.47514254491 115546.54985793 373.514331171485 4.13137612960197 -259.10655624585 -286.043845795009
13000 2071.75889315829 126201.832687439 367.01322343454 4.20455747459288 -258.185663240125 -287.094925994861
13100 2014.47327571863 190134.605946287 355.245511240237 4.34383586291839 -244.539520693424 -286.697463525472
13200 1848.32319090192 198931.970133695 357.188966939195 4.32020116715646 -242.835734482176 -287.185595376549
13300 1973.76600122129 84240.5054749329 372.198464325517 4.14598215675745 -269.034090576033 -288.60383633861
13400 2020.43946927845 68882.5223129283 371.782078332553 4.15062554598401 -272.312874742488 -288.296935990602
13500 2058.24298240486 217440.578815032 353.427432700695 4.36618114240424 -238.11143966929 -286.077107331716
13600 2271.94294978197 201352.448744133 354.160871409422 4.35713913207033 -241.175103791269 -285.684031932234
13700 1849.23473906251 101681.565130615 372.902834926038 4.13815087292696 -263.491269178869 -287.157415759425
13800 1773.6899821403 95319.1755472496 376.550933382178 4.09805966487921 -264.505653681838 -286.908007306133
13900 2497.30325608598 173952.615196108 359.951517519046 4.287044551172 -245.538663109436 -284.619568250814
14000 2342.00854923193 227957.116341899 354.092816135357 4.35797655741267 -232.789238395604 -283.169441377983
14100 2119.88359772617 153262.211919121 369.650185802264 4.17456354990602 -249.193689653578 -284.553966821773
14200 2158.24481751787 65376.2885079923 381.371101952151 4.04626408232612 -269.483970476687 -285.045693663761
14300 2044.59491652718 171494.499120085 367.23957649107 4.20196593899417 -244.960599651865 -284.269356975049
14400 2007.09383555956 216404.932866697 355.731162111831 4.33790557651794 -235.830288828673 -283.878664432362
14500 1767.84544509981 180409.963520089 362.221534312303 4.26017794551015 -245.195955757539 -285.983205970903
14600 1618.38953972832 90131.5308687423 373.155933795243 4.13534410714439 -266.867530846086 -287.859672202372
14700 1897.36990369302 140148.337880299 365.502618708458 4.22193470820791 -255.807229429705 -287.779103004737
14800 1994.25902013081 183679.165463245 356.3960685711 4.3298126100352 -246.309345565654 -287.167848014992
14900 2199.67239828613 158915.551789412 360.042980907284 4.28595549336233 -251.703704147912 -287.415393202636
15000 1798.13069535853 105398.445556097 368.99133064733 4.18201747222346 -263.235941341321 -287.509866638505
15100 1977.48909920376 136961.194086992 365.31403257061 4.22411419842695 -254.228732672563 -285.457405741732
15200 2421.11852092716 201551.603471417 358.942131144662 4.29910021134913 -238.0126639072 -283.167091079022
15300 2495.17467858542 146427.304787145 367.833579871694 4.19518031062957 -250.511882950088 -284.129202709065
15400 2215.01721786842 102451.561034557 376.130927351387 4.10263575700199 -260.538575998953 -284.590358471437
15500 2321.34928378109 129098.489465114 369.566378878642 4.17551021970224 -254.639614687557 -284.418144874665
15600 2311.03972566841 188791.797291917 359.713521254455 4.28988097663012 -241.566943235439 -283.953635455574
15700 1870.0024945701 173726.846598228 362.263774369358 4.25968120757438 -246.172116407096 -285.453021574511
15800 1802.877883715 131439.329729277 368.561445170692 4.1868953252868 -256.511170902833 -286.747208765883
15900 2148.22061792811 127242.678614177 367.10606743072 4.20349410911694 -257.189297144257 -286.344361742572
16000 1685.00110331385 186592.21519658 360.520159778219 4.2802826693947 -243.78887665297 -285.775671014292
16100 2011.62872353691 168909.108088104 362.08475858349 4.26178720668328 -248.014969539278 -286.187676244584
16200 1711.90859102501 135062.417247476 367.869591116485 4.19476963883512 -255.73765214606 -286.748814903741
16300 1776.56164589476 157670.523209618 367.496317668538 4.19903035125902 -250.123856769647 -286.289245966409
16400 2004.93031568267 146194.269281458 363.917386459846 4.24032554992089 -252.096231204083 -285.302707764135
16500 2263.37673628511 207055.781796947 364.402666001458 4.23467865589091 -236.962139102337 -284.055376893444
16600 2218.40670343368 101402.307793908 374.240827465394 4.12335608147621 -259.636935015423 -283.322767116751
16700 2413.18293328343 125200.960718385 370.793232194073 4.16169459926509 -253.207534302685 -282.182911796096
16800 2534.257507229 183718.693544429 363.756990903591 4.24219528546492 -239.738835009535 -281.450193986814
16900 2389.58246682431 138609.476706105 367.40150935899 4.20011391504197 -251.589719162651 -283.374813347519
17000 2130.29171436422 127699.349497997 369.936647369588 4.17133096393244 -256.384045966941 -285.869354997853
17100 1958.10815016453 145306.053982994 366.781598900075 4.20721267504623 -253.111558277795 -286.376049930083
17200 2027.64360980272 180550.527689372 362.0488702557 4.26220965908904 -245.216106072816 -286.015677514544
17300 2107.67727821833 155840.234550685 363.169496726311 4.24905782499966 -250.945002209398 -286.269711785079
17400 2110.04081310171 123895.154970523 367.386869587259 4.20028128277896 -258.453389548774 -286.863151607853
17500 1849.1666691425 128364.093673844 369.243011803932 4.17916695112844 -257.235222375114 -286.818445294445
17600 1957.09381749913 169571.714288006 362.586206674431 4.2558932564462 -247.371829608229 -285.747354803467
17700 2278.0931893671 175474.913794775 361.85010963259 4.26455084795458 -245.271313593359 -284.902163749012
17800 1743.87255311083 153601.798894019 370.489912862834 4.16510177009173 -249.427680490951 -284.946811552865
17900 2001.75986506676 79680.4127163739 376.394779337161 4.0997598175607 -265.590621139679 -284.309714424266
18000 2697.9865754676 167092.082254603 364.9252884287 4.22861402264157 -244.247472851136 -282.305780603692
18100 2207.34755146757 215214.911447338 362.11647286025 4.26141395799371 -233.154266791727 -281.796139045028
18200 2414.70991569756 85955.0153222105 375.074084802345 4.11419571330638 -263.94183469668 -284.064148752684
18300 1864.93382375586 121599.728992902 373.038846188999 4.13664208870166 -257.789172658438 -286.101548105467
18400 2306.58201596026 179755.255052337 357.709955398247 4.31390898849353 -245.957558206588 -286.09061737165
18500 2109.92607828239 200450.44546148 355.535697474542 4.34029044854663 -241.815947476465 -286.297494257503
18600 1736.30081947899 111477.280954399 370.791532313155 4.16171367840962 -262.298877045908 -288.098051995226
18700 2111.67007917973 69078.2930381963 374.894652401078 4.11616485320046 -271.903336910821 -288.067025903272
18800 2276.48900318933 185484.576417642 356.962425581392 4.32294292418255 -244.529239616682 -285.854913976516
18900 2167.91952312462 265562.422384364 351.045398225397 4.39580806262363 -226.068430280279 -284.254570396315
19000 2057.1529808776 91662.350937077 374.062743849168 4.1253191269119 -264.513666026565 -285.914223642526
19100 2263.94806011148 35868.0919296758 383.383349984544 4.02502662655624 -276.36275584336 -284.94559877081
19200 2593.34141998217 216830.398837607 363.574055857262 4.24432977822803 -231.954839363645 -281.159098406601
19300 2671.51892241482 194975.54429695 362.624868088535 4.25543951246433 -235.909617883903 -280.038951344462
19400 2268.54722938912 124543.964624734 377.728784308879 4.08528091045415 -253.34350552392 -282.705963624329
19500 2103.90043793494 47672.6049518102 382.183059152148 4.03766769591898 -273.492876376524 -284.864695897179
19600 1975.63182083247 224777.872107023 360.499368577046 4.28052952757481 -233.345788393371 -283.922164319914
19700 1801.69504636358 254259.632688507 354.786149654876 4.34946007155922 -227.262125523258 -283.565408023169
19800 1886.23664750346 105140.787283042 373.679355582565 4.12955162979338 -261.830372736883 -286.352603363391
19900 1898.65176601318 86632.0471777764 377.868165488941 4.083774005861 -266.570454505867 -287.00234371384
20000 1774.9088224519 191986.581106455 360.046056048058 4.28591888716634 -242.474054001759 -285.617872015274
20100 2117.28781696918 245409.49138939 352.044704661575 4.38333021753458 -230.764356689219 -284.687948701288
20200 2152.96568611516 106884.769182109 368.732376784875 4.18495442499861 -262.556972922715 -287.155932514634
20300 2096.39950195856 55986.7486246256 376.167374184833 4.10223825287914 -275.00497560498 -288.149837122592
20400 1743.88658307235 178615.020601673 358.354344104529 4.30615176640918 -247.198068661708 -287.148391584888
20500 2040.6822928178 223131.631526418 349.896944757622 4.41023625666427 -237.395624318892 -286.125009720487
20600 2032.02831569733 138632.477211218 364.178107243053 4.23728983476823 -256.307131800226 -287.818587094444
20700 1763.34176152606 67872.1892406312 374.377712708273 4.12184844205342 -272.319313519601 -288.178886397128
20800 1897.84751394688 158150.765296469 361.965987659062 4.26318561543854 -250.365360065248 -286.095005306938
20900 1864.26275543808 230065.525104763 353.126033019638 4.36990775976095 -233.029028376524 -283.736379417327
21000 1983.12741720772 147647.829065199 365.941537728925 4.21687081888257 -250.751246617712 -284.474418571898
21100 2036.33364719997 84917.5274469008 378.246425058693 4.07969008993719 -265.201741873806 -285.249315397455
21200 1660.89012325539 146390.085527552 370.359921529527 4.16656366459213 -251.038629280167 -284.878234709834
21300 2089.99211249969 220422.693051256 355.83721817239 4.33661267866177 -235.166412514707 -284.12144207445
21400 2033.37587030302 181007.096620387 359.776182105307 4.28913382435762 -246.045033629252 -286.691018735168
21500 1911.88081535595 71596.6572267531 371.774725691193 4.15070763349279 -272.681264871566 -289.294807512394
21600 1870.19758414176 104883.120311348 365.857430742093 4.21784023556961 -265.118800298951 -289.068888772552
21700 1944.22220208098 224793.074110524 351.861424329825 4.38561344087448 -237.747833389977 -287.115684707237
21800 1832.38107179513 182209.621574072 358.17713143161 4.308282289543 -246.604431885164 -287.338595427471
21900 1758.09042589194 70126.4722232595 374.299072074405 4.12271444680303 -271.213972151248 -287.59685723352
22000 2093.20493140032 106386.286572717 370.098866229761 4.16950261854661 -261.491342100486 -286.066314984533
22100 2215.55048044219 199826.648066803 357.146059022298 4.32072020083463 -239.306083348233 -283.850052033764
22200 1876.8613478366 164008.294825062 361.030113079749 4.2742367906725 -247.418616111703 -284.37580105775
22300 2291.89711526261 106349.903402967 372.396244317173 4.14378022177856 -261.106210216947 -285.825274945932
22400 1876.11756233355 112098.277884208 369.93141400004 4.17138997518592 -260.037178337225 -285.919891287187
22500 1993.2011036685 216703.116780574 357.062113363719 4.32173600645841 -236.359782391226 -284.654382174818
22600 2168.25421587675 155212.060391311 360.217303712659 4.28388135706289 -250.558218784428 -285.454542565138
22700 1874.79484628314 102069.034038484 370.781962126581 4.16182109565328 -263.386291751069 -287.007507461794
22800 1998.23079323861 111957.923535838 367.536602909936 4.19857010063365 -261.59892641675 -287.281886368548
22900 1955.84791916904 197197.313727745 356.212680768382 4.33204171321879 -242.904094056597 -286.74706876212
23000 1529.61106449019 175043.712073571 358.513822842125 4.30423624850206 -249.221568790243 -288.39053074916
23100 1482.3183596717 98824.3683951596 368.121009668033 4.19190470344981 -267.803006110391 -290.509197515291
23200 1394.85888282427 148440.113645895 362.518666987187 4.25668615823489 -256.651625018392 -290.238631272906
23300 1807.30088174162 218299.48903999 353.087659797786 4.3703826770663 -240.2809993062 -288.389841072498
23400 1905.59442478911 163944.594668804 360.940034679144 4.27530349532403 -251.013475198697 -287.947088745779
23500 1818.81330090691 87617.4549224562 374.906603251474 4.1160336427338 -267.142240177994 -287.644577099374
23600 2034.9822567074 139361.268471077 369.59709535275 4.17516320141351 -254.26064610608 -286.409114162867
23700 2102.58167963808 210321.966181275 358.169316720425 4.30837628972734 -237.748211617227 -284.766049488674
23800 1908.89526488154 181607.076157127 362.203758060385 4.26038702671013 -243.990971530006 -285.046851125338
23900 1798.96385400417 97313.767347715 374.192869761738 4.1238845434139 -263.335937598796 -286.063844212809
24000 2105.31934096598 115553.182653247 370.526978063979 4.16468511936442 -259.092859555387 -285.816239641278
24100 2251.0134620738 214624.149695736 358.312140449514 4.3066589648071 -236.755634887821 -284.754365657892
24200 2237.12052014355 162088.451192418 362.236320843518 4.2600040445219 -249.04868952061 -285.695291322076
24300 1671.64626933097 101522.519202375 371.308765797154 4.1559164070722 -264.040813873651 -287.568934093647
24400 1857.39792565849 136868.063862632 364.931355906787 4.22854371620583 -256.853267363765 -288.028015043391
24500 1610.42869103111 218315.097863315 353.897340670107 4.36038368907829 -239.319377777414 -287.54198780943
24600 1506.70812797858 181806.795971483 358.817581612 4.30059247635961 -247.702699112856 -288.419483344252
24700 1774.99688232996 78634.9578738612 370.44406000251 4.16561731845738 -271.164809958302 -289.346235695679
24800 1739.14977189687 144511.891478014 364.471415978111 4.23387987155293 -254.873031366418 -287.747345596259
24900 2020.58187602114 220569.164425802 354.169301727723 4.35703541876263 -235.681295043739 -284.439235849483
25000 2316.17397695933 159573.458552417 365.417464227879 4.2229185600823 -248.194915772425 -284.589737805014
25100 1740.59277403436 99299.6703211647 383.034556977978 4.02869183407606 -261.872266687881 -285.611976532287
25200 1928.24420355006 110936.258400064 375.707772210663 4.10725650626379 -259.073883772451 -285.088255160919
25300 2510.42149916363 241093.122498747 351.596571412382 4.38891706385899 -229.831482105657 -282.739208103177
25400 2165.92662495409 194549.949371001 356.391610745062 4.32986676830046 -241.349062871073 -284.625174976513
25500 1570.52980814829 80567.4019728415 379.063098357263 4.07090059294492 -268.692140315217 -287.753791149829
25600 1466.30385830261 67942.9105120178 377.080033377997 4.09230947086302 -272.090290447601 -288.080984958268
25700 1959.2764773803 231608.371576727 352.576745113525 4.37671574558684 -234.681889115976 -285.64988533335
25800 2150.55877233437 226880.987469989 351.737083979723 4.38716377132153 -236.186380965533 -285.995161048835
25900 1911.03521499967 68308.1571027754 374.963892634398 4.11540476877521 -271.789559604891 -287.775995859535
26000 2022.6373010223 107440.03421976 374.753486491337 4.11771537154676 -261.681343639723 -286.811862913101
26100 2093.15127849191 184325.979410982 359.735892929334 4.28961419251331 -243.340534229113 -284.72715473783
26200 1875.07436752414 186696.098764547 359.976866619445 4.28674266309857 -242.648487642595 -284.595349703882
26300 1747.02144688587 114940.838947164 371.131914396786 4.15789678010909 -259.607238728688 -286.232403684505
26400 2199.76688144782 100463.826810379 370.444170964678 4.16561607069601 -262.913466800757 -286.14201810875
26500 2231.22355561517 187568.472056179 359.363001722939 4.29406528904675 -243.371629400209 -285.442630408334
26600 2005.37548307483 165068.317249475 359.378221101162 4.29388343884016 -249.766929544479 -286.792786691478
26700 1758.39743788896 129759.492533414 364.373244164048 4.23502059106012 -259.536466796294 -289.046877949797
26800 1756.35939526081 133152.20165846 363.307544099426 4.24744329405891 -259.471835954824 -289.665263068483
26900 1770.08630472555 162562.836523239 357.492917600753 4.31652800906529 -252.725973349885 -288.9985455179
27000 1764.15525554296 177408.850965521 357.756902324345 4.31334289245134 -248.778365898271 -288.392753555528
27100 1636.36559953533 134983.388687408 365.125833046107 4.2262914650338 -256.958473668937 -287.720329333326
27200 1924.23508653232 142591.72121057 365.634283879437 4.22041438645547 -253.955548314916 -286.496546058899
27300 1875.50576439356 152465.69293104 363.738685079215 4.24240878181559 -251.112924968046 -285.726883334323
27400 2225.20944038624 159380.353268132 361.916834697439 4.26376461088406 -249.231085384553 -285.233631276196
27500 2066.50805730907 165185.729677176 363.380616020983 4.24658917903593 -247.963876423914 -285.428720158651
27600 2040.81974476959 142765.236822776 366.598952438882 4.20930878716404 -253.324830417783 -285.991385110052
27700 2331.39427376151 110528.57119683 368.238247542931 4.19057010552988 -261.060124397455 -286.463597336264
27800 2076.59370423205 152035.437615326 363.837080326199 4.24126147473101 -251.977428476751 -286.503043930527
27900 1991.47827917712 167014.860474056 360.621506496953 4.27907976663937 -249.253656976015 -286.845739116487
28000 1624.77133410541 138699.689174325 363.93311990822 4.24014223342816 -256.897901382951 -288.403425656658
28100 1922.09347287381 98084.3076786862 365.499436652732 4.22197146457513 -267.253739285323 -289.629400893787
28200 1613.92770235197 178585.411774608 356.731335833584 4.32574331677437 -249.38223583803 -289.145028827908
28300 1517.38953543743 193878.108359469 354.090647592794 4.35800324678647 -245.555762639099 -288.403991247539
28400 2113.44610842878 106597.195534628 365.644403315402 4.22029758386601 -263.639727720039 -287.967052428867
28500 1771.70572979258 113536.767299361 373.359108392384 4.13309373517242 -260.538025341574 -286.995775913151
28600 2060.95541537646 151045.619932218 367.18894257277 4.20254537365405 -250.658071803466 -285.274908002948
28700 2023.48035802768 216856.635940383 358.231615987722 4.30762702954451 -235.363536928357 -283.850643767451
28800 2258.06713563158 163312.74808823 362.926719716762 4.25190019922043 -247.451726882581 -284.445503755224
28900 1898.24200733173 82753.9511336938 375.73660785284 4.10694129774679 -266.974710313258 -286.381866070064
29000 2026.82148863955 120150.418009938 369.127282164595 4.18047721321784 -258.699016492342 -286.380609157662
29100 2265.51568688032 203849.235756565 356.456524132239 4.32907826732229 -240.163367966019 -285.516292581253
29200 1888.41778102451 155394.405248436 362.298755087281 4.25926992626394 -252.523466796471 -287.662666234883
29300 1765.97254086659 98544.5930842274 370.266713347965 4.1676125242615 -266.340473852604 -289.114358377504
29400 1847.83133320391 145334.169224051 363.009397274841 4.25093180355822 -256.112558692727 -289.04130853612
29500 1486.25288833354 202542.881661677 355.845738668637 4.33650884127372 -243.668318017929 -288.65338760107
29600 1729.93387762249 163595.195046693 359.351083543371 4.29420770531745 -252.55850102343 -289.251156671867
29700 1846.45742671773 109410.38648196 366.491936723373 4.21053790613371 -264.107425879372 -289.134646313217
29800 2133.45718971744 138889.121215635 364.61717372227 4.23218735451426 -255.313878548292 -286.921731265152
29900 2384.54066450586 175364.454118753 361.708265422933 4.26622319526426 -245.538093199446 -285.128470736586
30000 2008.57068857904 138872.251861117 367.511541948075 4.19885640512521 -253.25367632258 -285.108565852716
30100 2215.17294530577 117835.596988307 371.230662238467 4.15679077412755 -257.686109999271 -284.989086110352
30200 2359.75314387199 148151.57735191 366.678316483475 4.20839772219163 -250.472762614545 -284.379121225953
30300 2062.23579766578 173423.931455756 363.367464793292 4.24674287430757 -245.173070318793 -284.504950612608
30400 1837.84902615862 153320.742045893 366.725467080509 4.20785664042075 -251.009321624914 -286.103220917477
30500 1716.44521130417 141848.416784072 366.866350189739 4.20624074971181 -255.25393409254 -287.734382373841
30600 1509.18741914861 189036.1230558 359.784354916909 4.2890363929874 -245.67892879517 -288.128833402823
30700 1782.23950901821 180148.467957973 358.01982969828 4.31017520221321 -247.765906139128 -288.021598204715
30800 1676.03803819727 142784.695418498 364.549276774558 4.2329755952867 -255.818737831595 -288.307079440206
30900 1798.79760633374 113084.482246387 367.572566058287 4.19815931426565 -262.388094427125 -288.332023401665
31000 1950.12464618653 161586.720438431 360.285757898203 4.28306742089462 -250.739111694435 -287.075554052343
31100 1896.34910892372 198380.375647611 358.557121787728 4.30371647388356 -241.72911034406 -286.125402832044
31200 1915.804496071 148077.673951701 367.557081413394 4.1983361766075 -252.688045572545 -286.658708392884
31300 2045.16098716247 110052.238464572 372.617323585545 4.14132165680657 -261.195592648718 -286.79038233092
31400 1964.55720159378 156697.43004568 363.215878625061 4.24851522931092 -250.164644799172 -285.6881933797
31500 2180.2355375296 199971.023977651 357.120753319839 4.32102636859104 -239.770099066091 -284.343092569015
31600 2216.54800084394 148720.650562169 365.993391061246 4.21627337966845 -251.177018939707 -285.15003952769
31700 2042.02388389811 83402.3547932544 373.166174252527 4.13523062468643 -266.847847096577 -286.273258505277
31800 1913.38033367707 149252.938718311 365.211680181012 4.22529802743793 -252.583983418944 -286.60577597505
31900 1785.49144770885 199692.991978178 356.699195668837 4.32613308525308 -242.388584278336 -286.847062866257
32000 1836.98169633525 161577.954821234 360.469971347335 4.28087861548728 -252.102040273808 -288.455089232379
32100 1731.92459006634 99820.2950902253 366.218283208849 4.21368419496986 -266.721251048268 -289.537724200472
32200 1751.61290522548 174950.841446994 359.764678808627 4.28927096727851 -249.200868050215 -288.485636788539
32300 1819.41163989354 183876.245900292 357.427901174721 4.31731318902212 -246.20333474517 -287.224096595083
32400 2275.26397818146 144529.242672793 363.777481775983 4.24195633092098 -253.415866206358 -286.23152911397
32500 2164.65873951994 99191.2119903986 372.001577284178 4.14817647584139 -262.889818344711 -285.920543931535
32600 2090.99576313253 140106.543767374 367.376953264554 4.20039465773153 -252.904190975756 -285.03043623131
32700 1902.77626550292 208315.524850032 359.697108136461 4.29007672555624 -237.568738047337 -284.336676453927
32800 2359.95285702569 136106.024706567 367.238227775837 4.20198137108985 -254.165273562847 -285.362420258516
32900 1707.97888218965 125999.586025604 370.840516126981 4.16116396337268 -256.949619798312 -286.113542445736
33000 1792.27631102034 149405.132295129 364.902997584728 4.22887233615508 -252.006647342728 -286.03434693078
33100 1903.32719697822 184580.28232222 359.295984739628 4.29486623120596 -244.884237808098 -286.277276777575
33200 1857.95645563562 161077.722512555 362.996402825881 4.25108397728755 -250.525630882202 -287.020133109293
33300 2026.96997682404 93035.9917261471 369.514092171749 4.17610105962855 -267.340606846394 -288.797737207491
33400 1556.25934650785 144708.019613018 363.655129643731 4.24338354137313 -257.081721101924 -289.926924881195
33500 1630.8549663907 191441.874816717 353.095380200114 4.3702871189976 -247.294058792677 -289.48494199102
33600 1784.19995912031 164126.269563349 356.573663133633 4.32765610983389 -253.156431074638 -289.683683318483
33700 1378.09035419535 110291.739544546 368.283468353116 4.19005555358391 -264.352510396467 -289.704663776675
33800 1849.0439003582 130277.346321489 365.006302504233 4.22767547102348 -257.866076648521 -287.545735837674
33900 2392.90359941085 189938.867477758 357.463073565734 4.31688838926283 -243.176791359736 -285.554226903319
34000 2149.81733162311 147870.59862332 363.773824767016 4.2419989751996 -252.376398073812 -285.950385229281
34100 2030.37646616604 98267.828136614 372.09123959288 4.14717689552304 -263.430937848956 -286.25276676946
34200 2170.26825816218 164406.490370385 364.754543719243 4.23059347289143 -248.034374960124 -285.463468683276
34300 1922.67341161641 182969.925366237 360.039146194714 4.28600114230794 -243.900790790969 -285.017568941298
34400 1876.28354083364 159710.581161188 365.73839636858 4.21921298717295 -249.42825328021 -285.886341285487
34500 2232.16444351586 92178.6216440622 370.729187461467 4.16241354621292 -265.686379863129 -287.015681287423
34600 1667.09612643108 170616.906524248 363.485941541514 4.2453586659276 -248.781202367834 -287.489076881576
34700 1583.83130192792 202145.98718513 356.480096312194 4.32879200782839 -242.934132878984 -287.911088277393
34800 1718.23784629305 165776.689673443 360.058830330686 4.28576682996187 -251.770300680838 -289.025472617209
34900 1765.92354604761 95721.0163810487 367.375238631701 4.20041426203232 -267.921131349718 -289.8697314166
35000 1854.27519525838 128455.215749444 363.463305239134 4.24562306461954 -259.942375599066 -289.083208267314
35100 1757.22465963066 202649.449173266 356.533093482157 4.32814855079742 -241.265573191649 -286.3612508565
35200 1965.78219021723 166861.923691261 364.594945331091 4.23244537980305 -247.811271233658 -285.782751870189
35300 2175.66168511761 78904.7872043468 378.583376039439 4.07605903885585 -267.233173154064 -285.877836039517
35400 2158.20191791198 133612.52879132 371.198262234008 4.1571535992087 -253.357067747829 -284.312919678019
35500 2003.10564471351 235091.688925588 359.958305731585 4.28696370467086 -230.094114697903 -282.911769954506
35600 2252.34449170652 124857.036310209 368.398798606767 4.18874382246092 -255.795782069507 -284.504967464675
35700 2097.28611145923 104771.199684965 372.43708145552 4.14332586281534 -261.045613875297 -285.400408638085
35800 2196.4756813259 162187.482630345 363.554489025521 4.24455821189928 -248.828130287064 -285.630559591208
35900 1874.89327421045 180594.997217612 360.217263441379 4.28388183598882 -246.080357471658 -286.683521785285
36000 1806.88653665305 141382.015611801 365.517404039381 4.22176392919409 -256.137376132934 -288.391991853662
36100 1664.84673245398 133086.682238111 365.691091645985 4.2197587721387 -258.129532362472 -288.5060945647
36200 1855.69453379331 185231.850541939 360.230086208498 4.28372934672916 -245.707533061415 -287.354683353085
36300 2019.99433760574 130589.327049601 365.599454617155 4.22081644919858 -257.554872296967 -287.353952952659
36400 1817.8008109306 104118.044337032 370.842462945517 4.16114211843327 -263.354971149291 -287.45430851881
36500 1785.71592857233 146163.498408534 363.53254454293 4.24481443279389 -253.348095942466 -286.512474833151
36600 1909.18796059801 231518.162764739 356.197561034507 4.33222559802038 -233.991914920279 -285.463275854602
36700 2012.34159561069 160645.829191323 364.468782260346 4.23391046633958 -249.663847431904 -286.208129376225
36800 2054.11689228824 88518.6484091165 374.19352207018 4.12387735450083 -266.421821484356 -287.09563914246
36900 2262.91534560514 117432.489750961 368.639502454143 4.18600877440712 -259.6697604889 -286.68941443698
37000 1798.55916041734 242884.266503325 357.028401538554 4.3221440793401 -230.992895858341 -285.117133374337
37100 2458.67849949767 132253.680134415 363.514438552368 4.24502585925157 -254.915772307814 -284.922530165357
37200 2521.6986785844 104947.021906217 373.259798783811 4.13419338727096 -260.28515962171 -284.734715759672
37300 2352.16015493807 125240.904609071 372.97633537317 4.13733538971632 -254.674905810643 -283.830179052955
37400 2154.69890396354 206257.827494591 364.520635727562 4.23330818785094 -235.448527431198 -282.375463634615
37500 2000.86461176615 197269.565825917 364.156246562276 4.23754420371373 -238.236538545809 -283.073636488598
37600 2059.29774372768 131259.397104788 373.529204334461 4.13121162672033 -254.7778358944 -285.379469460971
37700 1693.300607752 107684.62570377 372.364184749183 4.14413699025737 -261.782978849027 -286.81012027833
37800 2002.16988896969 190081.285892006 356.543523640669 4.32802193715153 -243.827053554659 -286.127169334716
37900 1910.60438430411 227190.673608551 354.445466232434 4.35364065527131 -236.070960676435 -286.331780399383
38000 1886.2934202354 91583.7891385448 371.475301446495 4.15405327314442 -266.599673829536 -287.833985828153
38100 1870.00502303079 93987.1645847992 372.028856075463 4.14787231330547 -265.659561456308 -287.483584793474
38200 2202.67516944148 180916.850269143 356.43930236218 4.32928743165965 -245.191819077495 -285.440740401392
38300 2311.45339746101 206027.100337032 356.132655237328 4.33301515368697 -239.115974302076 -284.911789116408
38400 1886.65109544719 120190.12768824 375.516008175018 4.10935395102227 -257.666814322311 -285.836817422177
38500 2251.45027394638 74741.1340550604 383.514815282332 4.02364688501046 -265.236432324581 -283.127302788053
38600 2546.39946260413 183486.135669483 373.097218180632 4.1359949007152 -237.423332877314 -280.151563376886
38700 1984.49059086192 183167.018377523 372.686084155767 4.14055758309762 -238.147046454193 -280.753962000393
38800 2319.50311249681 119749.811512283 375.354802443903 4.11111881829923 -254.991386446288 -283.046139991162
38900 2387.0867614044 143576.56244066 366.527278326159 4.21013191409166 -250.397001861474 -283.242775509259
39000 1990.93852821044 209759.37635638 359.637577751304 4.29078685690966 -236.726666491934 -283.810963398943
39100 1939.43182875999 145399.96045949 368.080346166456 4.19236780213273 -252.415487170057 -285.819339853278
39200 1662.84104539622 104767.627053679 372.259794533217 4.14529910166924 -262.910210919406 -287.252582262848
39300 1980.99054166175 148077.025040766 362.833174678591 4.25299641697061 -253.531151443957 -287.065070517481
39400 2042.35052443509 191386.913377042 358.333930173398 4.30639708363481 -243.551140215197 -286.355678200962
39500 1824.99415778571 141303.58076735 366.139549570968 4.21459029398576 -254.960977114001 -287.252568842454
39600 2063.44617060209 102560.737036656 369.65155074442 4.17454813528715 -263.632029290169 -287.294675378843
39700 1807.0550284815 199968.124275571 360.374183710027 4.28201647515291 -240.521102584414 -285.499511363868
39800 2211.60701956655 183472.302668049 360.050974348996 4.28586034145924 -242.509603796372 -283.740630054519
39900 2280.86262180943 131218.475964337 371.620643108097 4.15242861365281 -253.3045780653 -283.74035990677
40000 2093.06784930393 84554.2150806832 376.122625300147 4.10272631335246 -263.866839766763 -283.716558793561
