# step temp[K] press[bars] vol[A^3] density[gcc] enthalpy[eV] etotal[eV]
0 2739.85173270699 970059.91063224 293.087752051392 5.26507225588716 -88.9008589198895 -266.354890084607
100 2341.90571592276 866332.384442783 298.475865132763 5.1700266994108 -108.926838525274 -270.319361720496
200 1918.82791599826 864465.5612516 298.321291108914 5.17270552876075 -111.105165576479 -272.066509318425
300 2279.93637230558 969426.146643218 291.617701230431 5.29161359325978 -93.0984781213734 -269.547093112774
400 1863.94058689759 861492.686355215 297.469857360609 5.18751111644719 -113.832812170733 -273.782796786843
500 2187.42154427544 861342.753679386 296.949338274264 5.19660424513517 -113.954127028453 -273.596439053642
600 1887.95726617501 992866.747081398 291.155818521279 5.30000808399899 -89.6088536084539 -270.037745449674
700 2050.44850502637 815397.032299768 299.995151824597 5.14384376707649 -122.518199707934 -275.19498438309
800 2148.59703767073 866854.521639589 297.038280446461 5.19504822592811 -112.778558002328 -273.490549786668
900 1746.6648802677 1037606.26746202 289.588061410923 5.32870099805818 -80.4307894431294 -267.974663355991
1000 2230.09169191022 785208.708249883 301.807331913285 5.1129579327433 -126.136305481039 -274.048689186563
1100 2442.20665666494 866777.153620488 298.371360200463 5.17183750755889 -108.755925510481 -270.174769387189
1200 2447.96840240365 992899.765768724 292.693564025554 5.27216304534594 -84.7232505502151 -266.111113349966
1300 2511.06657988191 814589.053219245 301.873634713338 5.11183493494386 -118.166562200328 -271.647129599107
1400 1842.97165220636 901339.238415088 297.733571005794 5.18291634582279 -102.948988314041 -270.445484574576
1500 2056.96097920545 983818.814697946 292.583706558369 5.27414260355703 -90.0299106783809 -269.691362076642
1600 2223.81626877349 820403.193979731 299.37889616966 5.15443209795128 -121.473132711875 -274.771725362382
1700 1821.43839714997 886791.143238268 295.958544883029 5.21400114491037 -109.36456910933 -273.175120798208
1800 1893.36625360949 964733.587395192 292.763950239443 5.27089551361786 -95.0080841737955 -271.292791866415
1900 1868.96176467905 852694.086440062 298.372608799667 5.17181586498178 -115.700987487996 -274.497823591366
2000 1801.20620216517 924012.309125342 295.613629848948 5.22008471887654 -101.74870811782 -272.235937661912
2100 1957.23267642962 930228.728796067 294.858042402298 5.2334614287397 -99.7164488663859 -270.911958199588
2200 2109.11803100954 867479.391688203 298.448495860962 5.17050081761852 -110.661811921221 -272.253196915151
2300 2673.38109102273 905282.148001677 296.404071529574 5.20616395012021 -102.672639352431 -270.150638530883
2400 2481.66565568362 917931.354523708 295.86325308966 5.21568047316265 -99.7706714835263 -269.278935187546
2500 2515.02102633894 836431.938453591 299.650569717602 5.14975891192331 -115.310316562385 -271.745832179807
2600 2215.03735943497 894668.03655172 296.125453622966 5.21106231492977 -105.951114839733 -271.30991155523
2700 2156.50727669747 939390.272658227 293.219768456912 5.26270176116342 -99.5006890366054 -271.421696640649
2800 1749.72150875665 845870.210039854 297.590735889344 5.18540399873173 -117.962004659715 -275.075242978111
2900 1691.70263346587 923334.075120033 294.625265806731 5.23759626534672 -103.916086567252 -273.708582781403
3000 1834.30055861895 933535.450348805 293.12837868653 5.26434253408244 -101.866343845703 -272.662590705612
3100 1771.10088471507 858023.910422046 297.664956549759 5.18411105476625 -115.18918368802 -274.599616942055
3200 1863.42496359445 916723.873355583 294.791196157444 5.23464815768093 -103.213179733332 -271.885062745333
3300 1854.98022320057 948144.027999114 294.111240313752 5.2467501419529 -96.0145213240469 -270.065143131879
3400 2095.01574236791 845361.999822361 299.079403758099 5.15959364796057 -113.962265263625 -271.766578874907
3500 1970.56820208487 945777.675245431 294.730656274544 5.23572339359461 -95.1342746545837 -269.116151754203
3600 2321.90593214243 923037.655139553 294.797625850686 5.23453398721641 -99.8674830687703 -269.704769601137
3700 2080.66819401662 836562.42321046 299.438113331541 5.15341275262964 -116.553443964949 -272.902431539166
3800 2081.33830898136 945808.825632888 293.948692082483 5.24965149847686 -96.6925682415227 -270.218560699193
3900 2313.90242104665 926224.277693287 294.286919606979 5.24361801036544 -100.787265426619 -270.915643634361
4000 1945.79880224889 823286.052987545 300.058722054047 5.14275399596006 -120.123949007476 -274.310557626666
4100 1989.46663923959 946419.920382909 293.145162626448 5.26404112570166 -97.7499999838902 -270.913456989755
4200 2155.00733766907 940800.404998751 292.681040868776 5.27238862922448 -99.4526216041144 -271.315360687356
4300 1634.2026966398 813521.590406784 300.827559623867 5.12961044458671 -123.190160834096 -275.938447145498
4400 1668.1496498343 932162.53770703 293.703212733482 5.25403919658998 -101.798618378159 -272.678126418847
4500 1770.14088314531 995846.215319118 290.423101856682 5.3133796244199 -90.5553894190803 -271.070299496226
4600 1920.67866894517 780155.161677067 302.130280716562 5.10749266245768 -130.070117915656 -277.187803139455
4700 1804.37974773138 921093.01529296 293.943971749613 5.24973580060551 -103.276266869167 -272.264976456431
4800 1969.04726770127 1028996.8568451 289.251726478235 5.33489708308529 -82.8834390036766 -268.655179747047
4900 1827.05774475313 761448.672803944 303.897335513783 5.07779441125155 -130.863192093493 -275.293111515994
5000 2045.22493555071 932185.743485581 295.521072129955 5.22171965858168 -97.7258275098842 -269.667264885303
5100 2422.73454885242 985119.129946233 291.498997169831 5.2937684412241 -88.0826656471238 -267.314628213135
5200 2262.95845849363 796132.730602424 302.743467862666 5.09714776923323 -123.201212361012 -273.636563111414
5300 1829.45030781777 902679.424255692 295.929927215256 5.21450536073585 -104.240429545545 -270.969785717412
5400 2083.70781318477 1000046.38856809 290.874421423849 5.30513540624305 -88.6893412956456 -270.247312387939
5500 1765.19865136883 812049.927104916 299.63782242145 5.14997799475283 -124.638627419321 -276.507583090069
5600 1905.39703807296 902765.351770532 294.607930096544 5.23790446292615 -107.811515607505 -273.811848060262
5700 1810.85801842512 968246.930192561 291.223118945393 5.29878327467357 -95.8947894465971 -271.890312361819
5800 1709.80150715386 850975.685190466 298.402004258163 5.17130639153174 -116.912960563659 -275.405392599579
5900 2126.49280898924 888860.453668169 296.039523893202 5.2125749007177 -108.996985981199 -273.234712293762
6000 2159.26498929224 936112.504752574 292.95530624938 5.26745260777944 -99.6560959360225 -270.822709298323
6100 2008.92743574392 865815.577558835 298.176561884738 5.17521626150693 -111.837487197097 -272.971989009314
6200 2162.19119227017 877972.529833057 297.383092297164 5.18902463467604 -108.704690307397 -271.666876978914
6300 2258.14965921647 949140.359691784 294.701428567315 5.23624265877505 -95.5727811919845 -270.155930996056
6400 1952.02123873915 871145.078137451 297.754821704226 5.18254644218317 -109.805147213337 -271.702196270873
6500 2089.74269295771 906399.522371022 296.170558604744 5.21026870170952 -104.232000807054 -271.78460993576
6600 1747.2194530777 933270.73013072 294.036533558328 5.24808319970216 -101.093819685655 -272.370636165666
6700 1667.5355102237 886939.582224928 295.697095531362 5.21861125856901 -110.824196828225 -274.51743435587
6800 1540.26637990837 900746.054536863 295.145153630852 5.22837042344312 -108.773833909914 -274.70488623072
6900 1904.032004928 901660.3258148 293.935905783465 5.24987985987294 -108.474270855547 -273.893214759285
7000 1824.25079173793 909193.865468596 294.755400333838 5.23528386627822 -106.250401029059 -273.516492996621
7100 1854.42149899319 867468.42903207 297.235543423759 5.19160048657483 -112.547037974948 -273.479650521882
7200 2161.24719636548 907830.377052528 295.682385470363 5.21887088204918 -103.976485060009 -271.516984804794
7300 2196.57253123175 904477.801645278 295.733316716359 5.21797208714956 -103.739517770762 -270.690050484779
7400 2281.24341401714 856637.370132551 298.526611271516 5.16914785349777 -112.39689930117 -272.010432013835
7500 2349.46230505811 903132.784137419 295.343863308632 5.22485273463619 -104.074954910671 -270.557689832714
7600 2279.8360869421 915013.923668575 295.096756187106 5.22922790411054 -102.404644291906 -270.936413881981
7700 2134.70429796833 851581.047627642 298.126069128676 5.17609277302107 -114.88501255435 -273.343528375615
7800 1870.22885304403 930015.852557547 293.660135329278 5.25480991873762 -101.427022641376 -271.888005635711
7900 1917.83095291459 921797.533142104 294.102416362534 5.24690756013353 -103.512384999369 -272.72150889684
8000 1651.55367856744 832571.510862844 299.180246186959 5.15785454264855 -120.681581361916 -276.150688285027
8100 1735.27155794592 946881.200835536 291.951835327471 5.28555742811225 -101.024474325277 -273.567077728219
8200 1630.18762895023 954320.792403212 291.479309516357 5.29412600306549 -100.759766320668 -274.376571726808
8300 1569.24513756617 785280.339873166 300.206728058444 5.1402185482189 -132.455072595854 -279.596440255376
8400 1399.93198836876 964814.316954246 290.440856666901 5.31305481458448 -99.6578464029405 -274.558362507554
8500 1584.94533703614 988143.585108837 290.066905755791 5.31990434360441 -93.3009812312824 -272.199967812944
8600 1680.48200850253 740503.709238024 304.579136489623 5.06642775881235 -137.548195920801 -278.320439382792
8700 2150.51392195243 927485.652058978 292.860820078957 5.26915205472035 -102.493298567459 -272.027809074546
8800 2259.46091553265 1012171.56698685 289.795524514945 5.32488620881562 -85.3978743581108 -268.475575319314
8900 1694.58725509469 752305.737744497 304.941560673886 5.0604062904905 -132.872695787145 -276.058721653662
9000 2453.65781712968 932310.905549514 294.587148939459 5.23827396212471 -98.6561319829176 -270.07720300162
9100 2117.27864612109 1010672.36761011 291.252178134344 5.29825459761655 -83.9617422186691 -267.687148531044
9200 2141.01253154688 774273.535724913 303.493778248059 5.08454638106239 -128.123277621049 -274.790764476984
9300 2057.09851875268 904060.885565861 295.758246065881 5.21753226627665 -104.826770597855 -271.714414906535
9400 1756.23810081254 1001149.95446938 290.684210247833 5.30860685742261 -88.3706275847488 -270.010093557808
9500 1619.66330112165 821991.549390818 299.942391749247 5.14474857277321 -122.730264433062 -276.614753015906
9600 1532.55029952064 904173.993778318 295.107095155981 5.22904470002827 -108.193401265081 -274.734453901605
9700 1819.45800416082 985914.770771781 290.329642238796 5.3150900471847 -93.1206359827868 -271.777783104915
9800 1922.20584917911 820230.445605521 299.018850373587 5.1606385013459 -123.077301086842 -276.159289798059
9900 1871.7038035947 893052.910230753 295.846152443327 5.21598195251746 -108.601616452392 -273.506211807575
10000 2293.67140311718 964512.706770146 291.613393576366 5.29169175990546 -94.507478746482 -270.059188292071
10100 2084.84130844259 837748.615594909 299.377974158245 5.15444797234968 -117.463982749188 -274.003217590467
10200 1953.33090184547 874004.668512646 297.726051402697 5.18304724963058 -110.682829852494 -273.095621991058
10300 2161.81836930626 996399.800839711 291.074590530156 5.30148711729013 -88.0451653655876 -269.065586045673
10400 1963.87354271273 838219.826029319 298.755893117528 5.16518076267392 -117.299963065937 -273.601789209441
10500 2171.89832210256 842611.846012518 298.665777728698 5.16673923474375 -116.575350775666 -273.648758301456
10600 1921.2465998056 996191.376042752 290.488180563448 5.31218925628222 -88.4855310215264 -269.10347187864
10700 2182.77607833931 857703.21271361 297.587738396331 5.18545622941951 -114.269109458615 -273.578623289776
10800 1934.94620718937 816018.905147021 299.695050234811 5.14899458852283 -122.642426261604 -275.282804378867
10900 1836.26231015959 1034452.01025982 288.443775934215 5.34984049098727 -83.2654919004483 -269.500431597841
11000 2011.15516219869 858678.609012614 296.586462574206 5.20296232832958 -116.105159423627 -275.059214195489
11100 1894.66742976485 774763.843254356 301.484764178227 5.11842844222097 -132.210468104311 -277.999333798794
11200 1745.45160874444 1080739.88079434 286.410009748737 5.38782912377917 -76.0116166355067 -269.208009039312
11300 1911.96230999317 872084.924674516 296.745183145942 5.20017941152964 -113.13549969382 -274.65765451968
11400 2040.78883040625 758594.254615709 303.89884204327 5.07776923890485 -132.768581912666 -276.657794841698
11500 2004.33624841046 1085810.9273254 287.400141834899 5.36926732886789 -70.7090407892613 -265.48297145121
11600 1975.00991264878 874882.053832438 298.334351288459 5.17247908328891 -108.901047123333 -271.809047573979
11700 2354.09226279588 752862.767398341 304.650169482342 5.06524645789033 -131.958908848463 -275.114029201839
11800 2409.1134456399 1050429.93108512 288.158660003332 5.3551338413646 -77.1241724724123 -266.048726895026
11900 2083.2668179357 866547.759027637 297.343021269139 5.18972392652648 -112.028757197299 -272.848697287094
12000 1925.44935238107 776163.58988454 302.282372631794 5.10492285220279 -129.994168536997 -276.432823392257
12100 1797.59131306788 1047818.99846147 288.33104993748 5.35193206628534 -80.8092674321439 -269.376976402307
12200 1800.0599333597 881764.165207613 296.070994357167 5.21202083715286 -111.671269027255 -274.61511022174
12300 1690.40789537406 800661.5622144 300.925279066775 5.12794470657847 -126.729944320428 -277.112442158468
12400 1933.48046101573 1032826.72149039 289.071150834038 5.33822966219159 -83.2512723386382 -269.598038124664
12500 2266.42683291782 888128.205245634 296.270846039767 5.20850503008653 -106.949066110266 -271.179720323397
12600 2178.73661831284 786724.207148963 303.408892944833 5.08596889461213 -124.294424191773 -273.278709471183
12700 2191.45964944858 997204.888125303 292.168027618592 5.2816463335974 -84.971158029833 -266.818404756513
12800 1985.97130217986 937387.98963697 295.756044340495 5.21757110765778 -96.5921744056521 -269.630640409441
12900 1949.16986426049 788825.369100756 302.241078975966 5.10562031175394 -125.581796973276 -274.389016827411
13000 2201.9232499907 978843.332871387 291.221927201542 5.29880495845421 -91.919730190345 -269.840603344573
13100 1832.75017784024 926210.866783289 294.449353417889 5.24072535379651 -102.298341147305 -272.518158285405
13200 1647.73915625981 806443.712747375 301.363241871886 5.12049240737239 -124.940454246329 -276.629417141958
13300 1667.69074818128 989356.49411273 290.919208769713 5.30431867456245 -91.2574228408125 -270.902304948653
13400 1820.22103774143 932817.188387984 293.663251075827 5.25475416557201 -101.234749625097 -272.210998622275
13500 1934.52866133456 794444.715044893 301.720811325483 5.11442410978228 -125.904065233939 -275.513364818964
13600 2221.2749682242 965444.960176603 292.865738897943 5.26906355681251 -92.0935108518845 -268.569543066448
13700 2435.40360983647 943524.040245807 294.61208462569 5.2378305996059 -94.6161040468793 -268.113583501403
13800 2335.92378734115 821782.794917054 302.977282332699 5.0932141841962 -116.727150999131 -272.129204313319
13900 2348.92321694085 928223.165468932 295.861151271465 5.21571752571949 -97.6170843459328 -269.024650473935
14000 2219.70693832154 950039.627979446 293.060277166705 5.26556586510127 -94.750373036618 -268.525782109844
14100 2086.38238726839 826353.034427803 300.807464328043 5.1299531257086 -118.390831299997 -273.53800823463
14200 2033.75090654099 903607.408282343 295.556548240162 5.2210928874843 -105.158721457155 -271.848899821504
14300 2122.84403031982 987834.696769739 290.967908519123 5.3034308825322 -90.2085298502408 -269.60711401479
14400 2101.75788259105 801568.400580278 300.56951927961 5.13401423925026 -124.956197014064 -275.331033264715
14500 2109.30088002855 890435.925753447 296.256938478344 5.20874953947761 -108.711244625017 -273.360907926686
14600 1589.76468872671 1008308.36595441 290.727537854021 5.30781570695566 -87.0129199279001 -269.97841007929
14700 2081.85311474617 827144.696355294 299.636417911831 5.15000213465437 -120.355711061908 -275.046953824905
14800 1708.61018899462 890258.504440094 296.50710372054 5.20435487886499 -108.37797512478 -273.133837362251
14900 1861.42515637883 1001614.32776995 291.562932684203 5.29260759472985 -86.5559191679754 -268.828977612613
15000 2009.99316566354 831472.006936807 300.585384519993 5.13374326010678 -116.594171878502 -272.587180715363
15100 2208.19179596174 872095.528049215 298.824418066503 5.1639963087712 -108.303271692855 -270.959158024795
15200 2775.00645375245 965877.293363478 292.421453555596 5.27706901495426 -90.8056061413349 -267.092826732632
15300 2098.42428095656 879516.483612586 299.178988559822 5.15787622417731 -107.460991835378 -271.69561391909
15400 2034.26648757787 821260.009039937 300.493366252174 5.13531533528473 -120.188921870985 -274.218883416858
15500 1954.80572594026 1017049.76884495 289.38292184108 5.3324784408444 -85.3913600774647 -269.08949431308
15600 1547.17820430542 885760.255099975 296.665342853268 5.20157891388533 -110.094744699676 -274.105619759341
15700 1593.31507176057 802570.843015964 301.310834642175 5.1213830186315 -125.820050070674 -276.75428894424
15800 2094.11657891978 1048014.38343967 287.409413470366 5.36909411989468 -80.6088185440377 -268.608829312453
15900 1705.68680805881 896394.848998717 296.580330660299 5.20306990160319 -107.695493202771 -273.627948658351
16000 2135.1678531432 734980.317551683 304.126727823074 5.07396440592961 -137.447594255048 -276.962285046829
16100 2174.00542136141 1072287.06930439 286.854513216491 5.37948026183403 -74.4150951372619 -266.3979292967
16200 1716.04665277017 903041.188903402 296.798939326519 5.19923755579352 -104.10874915152 -271.394729837598
16300 2037.80724779138 767543.083749064 306.03682259827 5.04229582167556 -127.720500226481 -274.331342763393
16400 2892.73532519803 1058431.25615548 290.185495620172 5.31773026273493 -71.1163027497415 -262.818901463028
16500 3145.23954812947 871569.730307651 297.772635054768 5.18223641196008 -104.815574969555 -266.801233370912
16600 2755.13595804361 743464.469683062 306.342052183165 5.03727183672279 -130.542416500605 -272.695563402946
16700 2226.12289001307 1034712.32568333 290.773415208834 5.30697825575919 -78.0607293021705 -265.847054153157
16800 2320.88747902927 942069.671523361 294.77063040491 5.23501337207988 -96.3735305007847 -269.69680103951
16900 1958.95045185804 762378.269183079 304.295083826588 5.07115715594511 -130.89901469306 -275.69452213474
17000 1849.65293747023 1012564.22666261 290.384956874579 5.31407759022661 -85.3726219384737 -268.893862758173
17100 2006.47223457044 934024.944324875 293.044240261368 5.26585402425857 -100.48157976569 -271.318332267584
17200 1783.24005448105 774783.146631249 303.016604152951 5.09255324862399 -130.771654489096 -277.304922232781
17300 1794.65429813188 980462.816487166 291.055346695917 5.30183763804318 -93.3673150927995 -271.480615952678
17400 1619.21094084227 976640.011976009 291.467548074698 5.29433963423826 -93.8256715592903 -271.495778218757
17500 1700.87742911667 773385.300496105 302.742386280029 5.0971659793907 -130.936132957383 -277.072661227575
17600 1998.65823727931 966566.354093912 292.967608291198 5.26723142147618 -93.3319126817233 -270.074383323152
17700 2016.53214558227 934200.070685218 293.666721371443 5.25469206949841 -97.2969161498721 -268.528657386308
17800 2310.17157473293 802232.326613231 302.271020457912 5.10511457409457 -121.529610197874 -272.880965064024
17900 2417.43903294403 926498.326227398 294.550531277768 5.23892516904312 -98.8994360443886 -269.230591331114
18000 2301.05824744098 936847.78777945 294.423126739425 5.24119218811179 -97.7528919483786 -269.912235789047
18100 2121.63490816105 807122.764652545 300.034017940436 5.14317743854122 -122.867782057149 -274.014853587592
18200 2105.65785437141 947359.298838202 293.305112350816 5.26117045658727 -97.6809254301802 -271.110835045213
18300 2418.13047961289 913566.962369972 294.424756706216 5.24116317231398 -104.373594746344 -272.255679292345
18400 2144.54816201894 824602.881327959 298.239051830252 5.17413189988418 -121.04062316568 -274.537308121267
18500 2257.99376117779 943210.961125606 293.298698557165 5.26128550674548 -99.0715658929818 -271.738277308979
18600 1842.70408007214 910589.982756633 294.914213918487 5.23246462543387 -104.938839658928 -272.552038932991
18700 1732.4290545481 859294.657254858 297.955549950335 5.1790550373146 -114.145037090405 -273.947413527555
18800 1962.81890248519 950425.648898725 293.751592524049 5.25317387595027 -97.2132175533333 -271.469329748028
18900 2063.67024670284 889744.447813097 295.385613642443 5.22411424455506 -107.986146742009 -272.024072465067
19000 1962.06541662018 879222.935469977 297.461590311028 5.18765528770493 -109.551833145317 -272.789187221369
19100 2183.73951105344 900461.145283634 295.08643763057 5.22941075929088 -105.528167159011 -271.373735101427
19200 1968.33557840584 914157.316517006 295.176521506485 5.22781481396453 -102.55056452534 -270.970071863759
19300 2200.15531743583 851802.49735631 298.277911524066 5.17345781315629 -113.602791037889 -272.18324078386
19400 1998.05138830247 928131.139182423 295.601463688821 5.22029956350477 -98.991012019214 -270.231148943889
19500 2169.41303437853 914490.929018839 295.470219833378 5.22261834961345 -101.337537631209 -269.986145217718
19600 2394.99661184062 854233.447472829 298.12638202093 5.17608734056211 -113.165231389208 -272.117461119416
19700 2090.83282977584 929193.880428155 294.686990206614 5.23649921153353 -100.39126244864 -271.297119538528
19800 2331.41469258 884574.484616556 294.89517648281 5.23280241566133 -109.365365126151 -272.179355191035
19900 1824.92289310246 886582.443301598 296.586920407365 5.20295429665819 -110.109378980495 -274.229097716888
20000 1768.34248477703 923599.943786358 294.042498192325 5.24797674265713 -103.72696356422 -273.232404944262
20100 1663.66688583976 921941.325908053 294.590253181379 5.23821876386391 -103.854171237431 -273.370406569574
20200 1671.6341432039 859893.555692363 297.218106903116 5.19190505566719 -115.214085054327 -274.73204999831
20300 2019.77836434872 939411.517412706 294.455519125234 5.24061561641104 -98.6991523367085 -271.34861138943
20400 2094.95009421767 902245.313893223 297.140570886739 5.19325983409487 -103.603881380666 -270.934813802979
20500 2576.95308498087 841797.456170402 298.992691166162 5.16109001142287 -113.95407800317 -271.047436217585
20600 2400.46502206554 936653.947296684 294.699031377725 5.2362852522859 -96.1854551068154 -268.470475517772
20700 2140.38898429329 900552.007219102 296.935370792729 5.19684868712821 -103.468474089412 -270.370025935754
20800 1780.5539098713 861768.050190625 298.147201235893 5.17572590139864 -112.18392670418 -272.549362271888
20900 1413.92432453958 972848.304446703 292.807532737399 5.27011097508225 -92.4805361799643 -270.27450067314
21000 1987.35200709484 898155.893929782 295.897943280345 5.21506900236918 -106.645932164238 -272.521840192437
21100 1979.29326688077 827824.205197194 298.861844970043 5.16334961400241 -120.236105766134 -274.654217176514
21200 1961.44418108947 975024.292419471 291.757482947491 5.28907836836475 -93.0469077328108 -270.59952654164
21300 2382.0491329027 875296.773428224 295.773469630331 5.21726371805686 -111.147792846639 -272.733962431014
21400 1892.43192851193 845549.768090788 299.307703195607 5.15565812503543 -116.709719270487 -274.669568903054
21500 2136.8617951519 962094.610148185 292.503359502716 5.27559134530827 -95.0091157627137 -270.655123320433
21600 1950.67432143277 886692.979050682 295.689611848304 5.21874333771922 -108.456571997029 -272.100154838316
21700 2256.2521674478 847390.596054228 299.632299594291 5.15007291922651 -114.241916803847 -272.717336303699
21800 2431.12661785927 961957.739280754 293.841185039085 5.25157217719792 -90.8540877529586 -267.27834692027
21900 2065.44832183733 916374.214157009 297.07347322076 5.19443279514694 -98.4352835261882 -268.348192977529
22000 2528.97429136773 828458.701748327 301.370234618974 5.12037359567748 -115.568280167855 -271.401793715222
22100 2384.1852041449 967867.799896081 292.50737527642 5.27551891779775 -91.4923743304498 -268.194797416899
22200 2176.63603819712 922307.511978262 294.424302587283 5.24117125626428 -101.556510057611 -271.044544606371
22300 1863.10036493484 798337.617326393 301.809450859541 5.11292203564651 -125.517775958345 -275.904351897883
22400 2072.34842306209 994539.525717468 290.164237997668 5.31811984314388 -89.8227123129864 -269.940073688822
22500 2103.08686002553 919545.929928494 293.831418682848 5.25174672873129 -103.655268958283 -272.295543693887
22600 2260.92390941286 740838.076342879 302.891600703089 5.09465494679987 -137.072591951742 -277.128091957698
22700 2160.26193539725 1006561.54535273 289.460509998546 5.33104910190987 -87.5445196108809 -269.397029782343
22800 1772.23584454019 920808.796671747 293.987126390564 5.24896518705402 -102.287890921601 -271.249258217077
22900 2204.2226913294 767803.993662053 304.315044136133 5.07082453398464 -129.370950523494 -275.206509976006
23000 2260.60774147681 1000535.12541124 291.597209714742 5.29198545272674 -84.2497735531759 -266.347845015032
23100 2245.68605489797 932729.036945243 295.031117610287 5.23039130368774 -95.9661816127653 -267.722595589329
23200 2452.22057684105 753811.647695253 305.515746185453 5.05089577585771 -130.072417902272 -273.815212799651
23300 2361.1756888615 994388.946505636 290.750309124919 5.3074000041841 -86.7413134584966 -267.195148343053
23400 1905.92642226399 965734.567585563 293.321101638575 5.26088366382701 -93.1357907966624 -269.939237392372
23500 2020.2916841483 727025.234550973 305.437902282901 5.05218304713491 -138.657859305311 -277.257484595024
23600 1711.52707482814 1030845.54102564 289.72932497187 5.32610287900938 -82.4342486467335 -268.847033225474
23700 1814.30500349923 959498.492435948 293.095019780342 5.26494170055366 -95.2901496160151 -270.816522409351
23800 1863.47582736009 743837.244987422 304.670247398278 5.06491265571094 -135.817990149094 -277.266249722476
23900 1981.58814242704 1006759.47623102 290.449872756184 5.31288988775522 -86.407019313326 -268.916974844056
24000 2219.76630385799 941600.202248757 293.938191225233 5.24983904076516 -97.9723156378035 -270.719987511853
24100 2195.49267194144 749339.216180327 304.078119764495 5.07477549868191 -133.333869417132 -275.551446520475
24200 2184.83724479256 1002702.30485695 291.228590095095 5.29868372937644 -85.0608172097072 -267.322620780408
24300 2374.96294695199 947806.048247826 294.268332030159 5.24394922559309 -94.1227917362747 -268.204302048019
24400 2337.20813856003 778510.375793114 304.370754980551 5.06989638989701 -125.399608773117 -273.295793020197
24500 2084.85429086698 955278.271271017 293.996692665796 5.24879439246035 -93.1154624025135 -268.407418269535
24600 2037.89897884936 967005.899785598 292.80796518153 5.27010319172649 -93.0419964251122 -269.768486817872
24700 2065.39705880373 796175.555131051 301.188814663647 5.12345783355007 -126.315733778972 -275.986616927048
24800 1868.82846727716 948045.802151128 293.072839303958 5.26534016434625 -98.6350842361658 -272.053228258768
24900 1703.46525020375 940230.849971041 293.011704058773 5.26643874797779 -100.558617828573 -272.511360587341
25000 1852.89078980172 818656.446839335 299.869276004958 5.14600299311959 -122.481687045165 -275.704453706955
25100 1761.16391376626 943555.619017933 293.214899334751 5.26278915350886 -98.6657014276146 -271.346155701586
25200 1911.34200135476 970059.560792171 292.692298029407 5.27218584928765 -92.8207018452858 -270.035235995336
25300 2012.07146274132 812454.222681186 301.359888703542 5.12054938201861 -120.78932621414 -273.607142555801
25400 2340.28864958264 916473.397475202 295.451390350065 5.22295119355421 -100.676823725714 -269.68026342346
25500 2293.90608869746 962174.091055336 293.430827188815 5.25891640851068 -91.5747317243356 -267.792233003385
25600 2286.61503900575 829048.491492867 300.929438946587 5.12787382074646 -116.14730006704 -271.863663029836
25700 2336.35520792676 883561.302010073 296.665211588117 5.2015812154226 -107.207085379649 -270.810721191241
25800 2019.44360965469 970035.525160628 292.150289756099 5.28196700798893 -93.5723504304644 -270.454335498519
25900 1727.9436464823 854573.392870367 298.174518888366 5.17525172043241 -115.720505743517 -274.761666485744
26000 1722.19482480731 879691.444350568 295.943017505976 5.21427471028256 -111.780238538834 -274.27078843474
26100 1883.22828938686 955546.700947642 291.55593572572 5.29273461034185 -98.1943958813448 -272.07992754681
26200 1681.37295181625 869105.744435249 296.727938834812 5.2004816193772 -113.54062078295 -274.501636111639
26300 1547.48323766982 874562.238873143 296.796544758704 5.19927950347497 -111.726393190884 -273.735416961976
26400 1903.08200473198 971911.710058432 292.447260990645 5.27660333230299 -92.6618464745607 -270.066094715202
26500 2080.41256700371 879986.558821007 297.84472218098 5.18098215931611 -108.020008414382 -271.609570572508
26600 2082.1011614566 853786.15850952 299.458966984484 5.15305388048733 -112.386130246377 -271.965253428443
26700 2387.22718396095 968435.537377711 292.994421245845 5.2667493985195 -91.2604062441044 -268.360875379615
26800 2456.00974409186 873237.134324719 297.574860143025 5.18568064225734 -108.953810093773 -271.141570380092
26900 2053.05702075838 830013.176278755 300.271509784581 5.13910957777241 -118.0476676578 -273.604380405938
27000 2314.78752050056 980940.423268162 291.520745644521 5.29337350744775 -90.6506712723078 -269.135678151379
27100 2014.33733910925 897600.278820025 296.631316667685 5.20217558011544 -105.996679990839 -272.180837945762
27200 1700.14476693268 798857.934265532 301.920203671377 5.11104647221863 -124.950113865601 -275.489926562856
27300 2160.85257277823 1007131.47585511 290.412904785192 5.31356618951736 -85.8466658800122 -268.400821058096
27400 1776.95621205 887620.533966507 296.452533453023 5.20531288396174 -108.1991363422 -272.436569633286
27500 1642.46662790181 813439.918659907 301.839101412175 5.11241977810856 -122.381560688594 -275.628081344152
27600 1955.49100770521 994986.866341478 290.945784003099 5.30383417361939 -88.7762956923222 -269.460030537084
27700 1776.36210533377 905142.014569537 296.145694169265 5.21070615662617 -106.156006773541 -273.462112078707
27800 1238.16612556578 814216.451923993 301.357162946038 5.12059569708134 -123.765688172273 -276.91358415989
27900 1598.40702491007 1021733.51910701 290.282529979898 5.31595267539174 -85.815998512947 -270.933799761216
28000 1640.89736596754 903538.172783514 295.203112899677 5.22734390131768 -107.481204707465 -273.959293251005
28100 1731.70059757547 815732.648947863 300.662490514693 5.13242669288243 -123.013909520073 -276.093304846876
28200 1822.75913391135 982021.100444286 291.521736459187 5.29335551650077 -91.2073882624033 -269.889634844525
28300 2143.98607613898 911813.027759158 295.099535520446 5.22917865371972 -102.557097758231 -270.500892323448
28400 2044.81619941358 820698.525375552 301.419574883597 5.11953542652978 -118.840299922823 -273.239394296192
28500 2277.45828736751 950538.88755734 294.239411870253 5.24446464210094 -94.5026650709908 -269.068952389945
28600 2251.20141968736 915277.085743166 295.167156649062 5.22798067842222 -101.326565883269 -269.947023707267
28700 2207.80901432019 846114.757947314 299.631916126147 5.15007951027638 -115.480516233729 -273.7171313547
28800 1879.11750549934 914093.479843048 294.46405238568 5.2404637488483 -104.9844461679 -272.985705912947
28900 1816.38006731405 946697.210867838 292.281433467578 5.27959704302359 -100.054558675364 -272.758388654277
29000 1762.33253367888 833215.424552646 298.464168585281 5.1702293081965 -121.199143865615 -276.416093397416
29100 1884.86686538818 898781.77004303 294.932991241196 5.2321314932318 -108.967740622932 -274.417924115105
29200 1953.40687873232 944486.838964067 292.785411560828 5.2705091542634 -99.5493912832529 -272.147084396265
29300 1814.77930943637 860247.756575504 298.055126761435 5.1773247742229 -114.294440093396 -274.327528914978
29400 2041.25124868353 896843.49779706 296.464307294846 5.20510615914184 -106.745606019801 -272.69616535349
29500 2278.09736231576 942915.719903255 293.742008883181 5.25334526625306 -97.3857788489987 -270.259340389761
29600 2179.61607279974 852350.895430401 298.229885268329 5.17429093491992 -113.641861477551 -272.298856978711
29700 2332.43405025695 889899.07124728 296.571684411711 5.20322159186275 -106.801903234343 -271.527117039578
29800 2226.58715806852 921177.548047949 294.896820378706 5.23277324551834 -101.180470167231 -270.732532579576
29900 1763.41787728505 881498.604907472 297.744191519177 5.18273147157845 -109.442866375249 -273.258207221565
30000 1844.70831272976 888076.423384659 295.580743262894 5.22066551031587 -110.18430441471 -274.022863586118
30100 1851.53273938539 935092.48316642 292.539762908558 5.27493485509002 -102.5622261553 -273.299803022192
30200 1876.4049165348 859819.074907356 296.114627306112 5.21125283781032 -116.735891405083 -275.647849555061
30300 1905.48584750976 870440.712855965 296.224280413938 5.20932379246489 -114.599950070763 -275.534574819506
30400 1618.62071519428 948384.360111087 293.070734862674 5.2653779729634 -99.0818182436147 -272.560646169266
30500 2338.11641737498 872754.783180365 296.497875121854 5.20451686620664 -111.359817872258 -272.871323449461
30600 1813.77056442905 857648.728523701 298.681945337828 5.16645955991999 -113.54656967363 -273.431695096436
30700 2095.13599925255 938116.976477398 293.605740359897 5.25578345292085 -98.3407689076131 -270.254743068908
30800 2020.05885035987 908457.69652519 296.370685418498 5.20675042366996 -102.858022646786 -270.904570697441
30900 2127.98324108168 830428.52493273 299.402230670489 5.1540303771632 -117.902573823315 -273.086570578518
31000 1760.77072762191 985696.971262823 291.819624563432 5.2879520840131 -89.9937364414685 -269.528088672468
31100 1905.99472061324 900705.129759236 296.171131414093 5.21025862479686 -105.506018577354 -272.006311991513
31200 1821.40990690607 815565.315482396 300.277669094348 5.13900416411341 -122.960506178088 -275.812612002416
31300 1963.58166414413 985565.580165398 290.424544147326 5.31335323740174 -93.1255649630075 -271.77781354288
31400 1373.86113151895 907404.016321172 294.162359253773 5.24583837232169 -108.17821170264 -274.77914876381
31500 1699.00510600585 805554.10341271 299.374316304426 5.15451095108958 -127.597015167359 -278.118639317636
31600 1834.14317567359 995156.91957267 290.497571865811 5.31201752205672 -92.0683577683604 -272.504576100936
31700 1692.01451646256 892465.396259778 295.70532843977 5.21846596410058 -109.74514981405 -274.462815515755
31800 1504.52090204848 803390.634236152 301.007407104923 5.12654557809014 -126.092851195958 -277.029113027163
31900 2019.67032238974 1002333.27962543 290.478755225049 5.31236162407326 -88.493196663831 -270.218820143039
32000 1866.17506064249 895819.515079701 296.004190206016 5.21319711991956 -107.09571662266 -272.599536040753
32100 1752.93833162345 803133.685287617 301.819774378488 5.11274715198417 -123.79665341554 -275.091861957965
32200 2397.34177221599 991794.300381355 290.909749163943 5.30449115679684 -88.1564492739243 -268.238126383886
32300 2351.99558648436 899407.91123064 296.76302041642 5.19986684897866 -104.187822144708 -270.780584130188
32400 1942.91798974479 787639.22083811 304.438623019685 5.06876616560687 -125.308570656255 -274.972356030869
32500 2141.96443968317 1032961.96058004 290.286222445268 5.31588505602284 -79.216565657005 -266.371117896685
32600 2144.50527286892 899165.111501236 296.256004456473 5.20876596137595 -104.315583806159 -270.578828386276
32700 2036.50397073699 777805.852483667 303.34416719478 5.08705410800025 -128.244708295927 -275.508676130235
32800 2000.20180995299 1012577.64695355 289.868331692869 5.32354873971245 -86.2965690804243 -269.493734456346
32900 1583.65303921942 925236.042106384 294.437079769657 5.24094381411925 -103.342876086079 -273.376451248016
33000 1445.5423417754 796078.131588039 301.124982272673 5.12454390273337 -127.541505437413 -277.16235761076
33100 2011.17962740447 988891.336709302 289.750966463263 5.32570507253777 -91.7689124772344 -270.608272896432
33200 1858.97805607923 924006.863626984 294.2767501575 5.24379921635067 -102.963777963591 -272.678997823184
33300 2171.85467883925 798161.399602954 301.47740593121 5.11855336919751 -124.891791401913 -275.079756502339
33400 2442.78878336016 950918.021898668 292.720991550044 5.27166905145681 -95.0355721024552 -268.770280015713
33500 1845.41740218032 923981.611741245 294.888314106373 5.23292418874719 -99.2159928630829 -269.279266011619
33600 2245.48613904906 835951.734308391 300.754331974644 5.13085940187294 -115.561088017814 -272.482691483453
33700 2501.27918845334 927382.74115456 294.243794483504 5.2443865284392 -99.1621065904049 -269.478308766527
33800 2132.47716728515 933874.833918945 294.216834759728 5.2448670828993 -98.5651004156519 -270.057877707916
33900 1992.25764498711 821945.748833176 300.385940348473 5.13715185895838 -120.018479205567 -274.121942012994
34000 2179.00600578147 917074.659626066 294.244231848361 5.24437873317896 -102.904612618411 -271.327959714856
34100 2095.62654677417 938154.497439311 293.745682738278 5.25327956306006 -99.5081362641918 -271.510929567112
34200 1699.41006265032 841889.211272743 299.154034138718 5.15830647682515 -117.830395029751 -275.025656506938
34300 1525.68440084622 937424.535084765 293.465901316338 5.25828787925424 -100.504492891237 -272.209755142119
34400 1683.67683527149 948745.703955954 293.200575042877 5.26304626667414 -98.5300882790069 -272.151899589649
34500 1808.54790847 834807.362679996 298.984370620306 5.16123364129228 -119.490962948212 -275.275518470076
34600 1944.11500380864 931183.056487609 293.974290770286 5.2491943694217 -100.617229078485 -271.47473360951
34700 1943.16894196255 945265.361305177 294.076625899191 5.24736771291406 -97.1753112253649 -270.67707462784
34800 2100.80055029338 841294.461874031 300.149142292586 5.14120473601712 -115.209891356945 -272.81662890864
34900 2250.20202382908 923147.128237272 295.559078616008 5.22104818803742 -99.0256743757436 -269.321840028418
35000 2070.71156434721 942255.268008281 294.50720472574 5.23969589573592 -95.5029334513248 -268.705427133651
35100 1897.67512112633 830469.10065129 300.684432230549 5.13205216651499 -117.119934872395 -272.976128003643
35200 2167.91326875997 902505.760273175 295.115869320985 5.22888923396975 -105.057494414752 -271.296215311117
35300 1902.91996731898 968838.559654196 291.859097889187 5.28723689967689 -94.5270447108056 -271.014683882228
35400 1954.39754175718 817263.620636824 299.262150923698 5.15644289497729 -123.478111811191 -276.130499974083
35500 1863.38981265283 910029.648225029 294.806295917124 5.2343800428873 -106.021584572466 -273.47034553481
35600 2000.02815126657 955855.749627952 291.637533997445 5.29125373786641 -97.2552474688523 -271.24569963113
35700 1738.69663153464 819977.856712601 299.573263222225 5.1510878349695 -121.835913881588 -275.154504127644
35800 2031.54562740655 909689.582408241 294.968367913289 5.23150398391109 -104.594961951215 -272.073171393608
35900 2343.90310846528 986552.538123809 291.298130110521 5.29741880348028 -89.5052913872551 -268.87436190555
36000 1846.77813818855 798521.257893697 302.446786614434 5.10214775015393 -124.080753359609 -274.819569272378
36100 2041.9891639594 902348.168266381 295.363519810395 5.22450501963382 -104.258381134023 -270.607551199631
36200 2240.35337915783 1005458.46351142 290.753293588373 5.30734552589718 -84.7259808874974 -267.190497020552
36300 2381.97530792281 748205.730587093 304.423199946175 5.06902296585464 -132.382715700581 -274.546317977477
36400 2213.21779007207 928449.898293539 295.368299500957 5.22442047597299 -97.8074371009045 -268.971268071337
36500 2320.81882851611 1015848.53986889 290.682503774489 5.30863802199556 -81.8824994416291 -266.187659968417
36600 1702.9834958248 776899.963416392 303.790877344948 5.07957383497705 -127.752440540551 -275.061505113352
36700 2085.13074613015 894058.075667108 295.178298915732 5.22778333479947 -107.321930861951 -272.039452250693
36800 2096.69560122201 1033658.42065457 288.574629865264 5.34741461017073 -82.4411346521977 -268.617624038671
36900 1584.80089205782 771090.514162218 302.794789436609 5.09628383875865 -132.176975152334 -277.905108021787
37000 1818.06902838373 898709.637095862 295.150251258326 5.2282801227078 -108.353395860577 -273.912168690614
37100 1938.55704473426 1022717.26881072 289.068484971901 5.33827889268566 -85.0826291987847 -269.603705028892
37200 1924.11737758697 799789.472932995 301.299746089815 5.12157149779385 -125.417595970005 -275.82322551208
37300 2397.2296453886 885710.765918515 296.848141719621 5.19837578543321 -107.442415913156 -271.545181722025
37400 1701.2501021362 1008457.14380847 291.35278424961 5.2964250739546 -83.7128906020856 -267.098926188681
37500 2642.94515521753 821582.925392578 300.417825325076 5.13660662511066 -118.265719547654 -272.317508330383
37600 2422.19520139409 858045.421324008 297.975759137593 5.17870378561086 -111.909730682129 -271.49061068727
37700 2207.18176559757 996804.077859979 291.214198465187 5.29894558712801 -87.118937884465 -268.299663329398
37800 2036.80609507499 835029.283740085 299.446931878807 5.15326098746158 -117.844457905884 -273.911506102463
37900 1699.04998742453 872525.655604996 297.45369345549 5.18779301053469 -111.534901363274 -273.524531653307
38000 2107.78957951892 1001001.15797856 290.659238918865 5.30906293433484 -88.2271876030096 -269.824055822554
38100 1758.49625180443 838540.303539595 299.218189090482 5.1572004915767 -118.36338550532 -274.966925193051
38200 2180.08099166879 850523.239140889 298.144585187297 5.17577131543984 -116.03243886481 -274.303951601276
38300 1896.02980562424 1006762.21902028 290.057979813113 5.32006805280921 -87.17748026484 -269.441678623254
38400 2162.00573931853 859148.986617985 297.922155385281 5.17963556577559 -113.690364443946 -273.447743166147
38500 2042.14697998069 842675.369782738 300.216456045958 5.1400519884556 -115.41806634976 -273.31890506097
38600 2341.37137454149 999999.627782885 292.357076019646 5.27823103471738 -84.1495241062239 -266.624405743383
38700 2614.95728964088 856517.6422853 299.636617017667 5.14999871252429 -109.683309472321 -269.867938787703
38800 2386.23891352598 834615.277600566 301.045334130265 5.12589971315881 -114.549356529959 -271.371676115527
38900 2005.21513231096 1013000.04672182 291.950436161247 5.28558275903324 -83.0204618018654 -267.610490098871
39000 2302.32304628851 875977.962123316 297.298018042218 5.19050951643743 -109.789261187788 -272.334718562755
39100 2124.78944815176 821220.554817539 299.651164382481 5.149748692104 -121.164608318842 -274.7554863937
39200 1888.80487170153 998038.8116496 290.764466062692 5.30714159388859 -88.7616604141621 -269.886662671491
39300 1717.00799759312 874737.24597164 296.940932098456 5.19675135711661 -111.595887919754 -273.716161909577
39400 1864.52274041488 823457.630592291 300.108755986093 5.14189659943687 -121.271731612362 -275.516189151409
39500 1885.41755430811 1009725.38383352 290.072333095806 5.31980480660474 -86.3108539095562 -269.120549267495
39600 2287.30346129308 870730.841860195 297.073031608501 5.19444051690206 -110.97893218545 -272.428467181395
39700 2523.07530528688 792373.664812914 302.391232017278 5.10308510459044 -124.15302387074 -273.703868438003
39800 2521.49666257242 1019504.14040866 291.348125753899 5.29650976086799 -80.0712094693156 -265.46315630314
39900 2926.86857882832 836372.995731122 299.823350878137 5.14679122672244 -113.601347965678 -270.11603543244
40000 2428.57660755307 804463.395714591 302.712588275298 5.09766772719323 -120.105547991784 -272.099536600093
