# step temp[K] press[bars] vol[A^3] density[gcc] enthalpy[eV] etotal[eV]
0 1872.32965202637 8832.98090403972 568.271695605605 2.71547607209543 -285.330769096371 -288.463715457518
100 1880.09448915533 -17970.8076634195 575.882843683979 2.67958701807225 -294.958757369423 -288.499369267982
200 1788.29779838586 -22406.5683482169 579.382814622728 2.66340000586822 -295.893451395531 -287.790735723677
300 2110.89606132009 -19912.9838588201 580.97994694003 2.65607823470266 -292.90502007869 -285.684189973072
400 1921.51782521503 -12351.7407612896 575.033422088592 2.6835452211826 -289.030974380968 -284.59783997991
500 2369.80597416383 51632.805000134 569.438973608828 2.70990968898128 -265.959170808843 -284.310289729774
600 2240.45258834714 6843.20761879556 580.819039628248 2.6568140618355 -281.931060180589 -284.411851327585
700 2233.86451137115 -1461.5209555233 578.903465046887 2.66560538161771 -285.360653237676 -284.832571877482
800 2193.74639665834 -36316.215902767 577.61947871258 2.67153073733854 -298.492868725015 -285.400082943567
900 1993.02555927913 304.082485006437 576.433471734936 2.67702738916539 -285.659223911532 -285.768627165497
1000 2115.48712617147 -5463.98733754994 570.905466623154 2.70294870531467 -288.507450522299 -286.560461385604
1100 1916.41297711758 -31521.9693991697 552.511549756723 2.79293381748414 -298.623238475928 -287.752867974227
1200 1786.79812002383 38892.2278155112 525.989930550887 2.93375994907346 -275.777806192773 -288.546012571814
1300 1658.10968435912 773.507323992357 526.148748750844 2.93287439251683 -289.729807852227 -289.983824754028
1400 1520.93032180327 36601.9932837438 542.842429632689 2.84268161003971 -279.02848744703 -291.429814618878
1500 1412.65401725211 -29351.4466401012 571.773436921326 2.69884554304409 -301.828425645627 -291.353688608838
1600 1634.97222878023 -22968.516373403 583.240323343317 2.64578447357759 -298.678278130006 -290.317048941873
1700 1610.76481438693 -17315.8278110468 579.493088102272 2.66289317948479 -295.694370928266 -289.431388958882
1800 1636.65912132704 6114.05758106667 564.87942726883 2.73178331051475 -286.461295419249 -288.616928924473
1900 1589.5629833299 -4702.96373437724 555.150687193891 2.77965645627881 -289.329590336934 -287.700023588834
2000 1996.54444523053 40047.7404530518 559.754049029946 2.75679683700433 -272.588701053619 -286.580221259474
2100 1844.8596933504 32077.1485091455 574.688992038473 2.68515355826202 -273.846802099833 -285.352640653943
2200 2280.17873787554 -17487.7082900266 595.611666716447 2.59082935761357 -290.610357753324 -284.109274332319
2300 2056.34301315266 -53779.8215955084 607.082033059129 2.54187755168801 -304.146433018388 -283.768675991145
2400 2262.66442362782 15224.1842615376 590.829997129461 2.61179730102294 -278.093353874434 -283.707532302056
2500 2207.75616092258 19064.5548941335 585.606349362372 2.63509470747086 -276.98563450805 -283.953858292241
2600 1701.86715756398 30825.9254126527 599.385569658635 2.5745167551247 -273.459527159552 -284.991724057782
2700 1744.81727984255 -27379.6213884194 621.635720602278 2.4823673105063 -296.767048855871 -286.143905480839
2800 1913.00517943175 -45835.7705433332 627.252513752838 2.46013871293017 -304.996964004158 -287.052247992468
2900 1825.05677221041 27484.4751004378 602.828127507364 2.55981451669617 -276.823239589864 -287.164431499943
3000 1471.6101476811 -9584.19034569702 595.55656829143 2.59106905040632 -290.707387705653 -287.144779271355
3100 1784.78759656605 27603.9861639485 590.493702816669 2.61328475562967 -275.480111461306 -285.653759622073
3200 2445.255851375 20494.1583009572 600.454034274743 2.56993558837519 -275.16562416549 -282.846301063993
3300 2250.75582672416 40985.0535542021 618.913865333192 2.49328424890817 -266.456263187382 -282.28861244236
3400 2295.39777119691 -28555.6575508501 642.536174128879 2.40162072424673 -293.420506219259 -281.968557602825
3500 2005.09253406651 -40713.2499878193 645.11784931625 2.39200975992473 -298.554486637199 -282.161258880571
3600 2008.05788420687 -2617.74086977372 621.830038050691 2.48159158844032 -283.331281436315 -282.315294805218
3700 2205.11326332258 27122.1466534523 594.208698984458 2.59694648446485 -272.305479939633 -282.364431295251
3800 2159.34191777974 12744.3019775368 591.347534910286 2.60951149834459 -278.524596882766 -283.228392974251
3900 2065.57231690698 22330.2535288269 602.694965626898 2.56038009254154 -276.79548997646 -285.195520424413
4000 1605.1503192591 -17523.7677104544 611.488818734757 2.52355913074426 -293.012723272625 -286.324578728595
4100 1787.62850483738 6818.701655867 608.890443109048 2.53432815267517 -284.005194548282 -286.596570887075
4200 1639.79998396735 -3277.95646388733 607.490725525914 2.54016749067274 -287.791398478623 -286.548509102522
4300 1844.33531672148 -27264.1221945184 612.156574638519 2.52080636849705 -296.469156385016 -286.052132010284
4400 2052.58784441646 -2806.72510859945 596.601046008191 2.58653282992221 -286.33054932043 -285.28541157459
4500 2318.29411479265 18090.2231797601 576.296444071733 2.67766391366809 -277.588035532139 -284.095016062037
4600 2228.67313512164 6885.71981123433 574.963107007629 2.6838734051951 -280.617658915894 -283.088694320951
4700 2509.89588608101 35917.7574606241 590.738736868868 2.61220078447075 -269.261536276505 -282.504778000155
4800 2178.5403985809 13992.6427317799 627.162449088562 2.46049200507573 -275.690295658893 -281.167632322415
4900 2238.17078448657 6339.39390806579 659.115036093445 2.34121224272503 -276.918107803871 -279.526053835114
5000 2417.01738238598 -35886.4476735515 675.967390638576 2.28284413307031 -294.349321856885 -279.208625190083
5100 2302.97838465004 -35048.8838743256 672.503092571441 2.29460385968737 -295.113872762512 -280.402333305616
5200 2106.41060123294 10599.5444411964 652.175940794462 2.36612253740352 -278.118945042324 -282.433555740914
5300 2209.61642706286 5211.19103959323 641.0188259669 2.40730557256021 -281.382746237768 -283.467704768922
5400 1945.0801359407 6316.70076179122 648.95513667442 2.37786574858457 -281.612864281544 -284.171418477165
5500 2303.59716939043 -29144.0006544339 667.950377851514 2.31024375916913 -296.536277852627 -284.386089499949
5600 2094.43280375393 -16397.1436436756 668.743120828167 2.30750514480825 -291.37626593291 -284.532152932289
5700 1931.45586154148 -16361.2530212373 642.357420136282 2.40228904266215 -291.669474907 -285.109790452186
5800 2091.2767379907 24835.4293582683 618.550789653636 2.49474775180581 -275.248964973095 -284.837156062494
5900 1746.2169684876 -12171.0578386497 621.908874652233 2.48127700819357 -290.456962243938 -285.732583323287
6000 1796.13337140732 -17047.5375564373 621.5372739453 2.48276049812891 -293.709156202688 -287.095852349893
6100 1970.14215290534 20138.5632314329 611.119641649896 2.52508361161489 -280.175968952972 -287.857439468447
6200 1913.56940100911 -10587.3317246439 602.751950875154 2.56013802962496 -292.459218676919 -288.476177575273
6300 1817.72004257883 10058.0167038102 590.108917979514 2.61498876707315 -285.134633066183 -288.839172081769
6400 1724.15220794643 33613.6264151384 580.04097863266 2.66037788485869 -276.186271031317 -288.35551752896
6500 1627.45311907392 1949.42287375624 577.845581046558 2.67048540731471 -286.273336045067 -286.976420501237
6600 1966.26935067023 6587.72843453956 579.676900885018 2.66204878874794 -282.681713646032 -285.065192621542
6700 1902.92340171551 6160.78976232633 594.770102377826 2.59449522714215 -282.154077379865 -284.441124754275
6800 1717.91519041926 -10808.9053668587 621.503467514519 2.48289554688618 -288.464013368376 -284.27110942456
6900 2085.74333326034 -27152.079955242 636.193079938431 2.42556582353184 -294.614964328625 -283.833402263859
7000 2080.98986198354 -5012.60140604936 619.554856413019 2.49070469853183 -285.820674687235 -283.882322986046
7100 1845.23565628599 29576.4812275894 583.020703830558 2.64678112068315 -273.751983097113 -284.514655563062
7200 2416.03777874749 19280.7374475434 556.132217191284 2.77475057938489 -277.947891213086 -284.640436800782
7300 2139.45859484497 18091.9340857759 552.338082762388 2.79381096474197 -279.549378768484 -285.786434540055
7400 1937.61118824235 -10542.891229577 566.789295250891 2.7225782222705 -291.03896446583 -287.309289308369
7500 2006.77998236748 -10746.6606018515 578.024863924083 2.66965711715265 -292.107985762588 -288.230861717876
7600 1381.16907372336 -9738.91816658955 577.222773865841 2.6733667861566 -292.520151007459 -289.011470560222
7700 1850.87350408434 16334.20854017 567.94134590965 2.71705556036698 -282.528693836572 -288.318862636747
7800 1794.37275021995 -5412.18382140511 567.292056814866 2.72016534222286 -289.49347436031 -287.577150602032
7900 1976.65601865956 26881.9468923113 561.502284459076 2.74821355954534 -277.263529414399 -286.684635385395
8000 2125.98440536725 6371.29201984067 572.897362384512 2.69355087522713 -283.898719128447 -286.176930295037
8100 1857.7822283573 -25011.8833966797 590.854353513901 2.61168963669118 -294.963852087925 -285.739911907483
8200 2226.87324608956 -110.293569227278 594.292207570927 2.59658156746393 -285.556821320203 -285.515910341458
8300 1747.93155084456 3449.08379584608 594.018167572465 2.59777945542023 -284.453433481855 -285.73220547496
8400 1882.6033127068 6908.04844773294 589.895655355243 2.61593415353573 -282.922583011746 -285.466015502674
8500 2267.63245256283 17671.2233832777 580.512342584557 2.65821771333199 -278.834807795895 -285.237575083121
8600 1740.21641719004 26050.9193509311 574.277797293403 2.68707618358041 -276.122949189062 -285.460537514893
8700 2285.92867017213 -18914.9511123173 571.67784969258 2.69929680272891 -292.746779590115 -285.997673871158
8800 1652.20414334396 18166.0132328214 571.233002204454 2.70139887911064 -280.550280238304 -287.027111147427
8900 1665.66272205891 -6036.23750814503 582.800174057934 2.6477826544244 -290.376141698469 -288.180428385733
9000 1764.1515744673 -4715.07997291097 590.433169891542 2.61355267718035 -290.249812220381 -288.512213638266
9100 1602.03418816801 -15534.5315175653 582.139563245323 2.65078735288744 -294.445695081288 -288.801332307988
9200 1755.21538676286 24769.325629626 568.650307745406 2.71366808537278 -279.897084899668 -288.68830399565
9300 2122.18186992898 28497.905754031 575.022090717183 2.68359810305981 -277.183163761793 -287.411078943263
9400 1918.10283483666 -34859.4445210922 597.552485202813 2.58241448254101 -298.188791491511 -285.187509980786
9500 2025.82418180512 2106.18899574537 607.446877410234 2.54035085083495 -282.783784261145 -283.582321706115
9600 2642.20253568681 39695.9109644941 613.85798261555 2.51381954062257 -268.270262173353 -283.479355442884
9700 1747.62597093456 -62046.8530647536 623.195789027293 2.47615311116702 -308.667945320545 -284.533689480225
9800 1837.12007369112 3257.24418684529 611.498829281913 2.52351781879652 -284.13756068737 -285.38074519728
9900 1542.85833870968 -17301.1967173669 599.278088854966 2.57497849590089 -292.338844002624 -285.867504481861
10000 1701.37301700339 -14673.0413143736 590.2817520018 2.61422310046511 -291.310883407774 -285.904969306398
10100 2068.11631387278 -7388.56706090451 592.856036734701 2.60287168595815 -288.299658078546 -285.565654312497
10200 2232.99657630805 47225.5073161669 598.053217861666 2.58025230159878 -267.298426356284 -284.926550733082
10300 2403.59507055685 -3508.56792795381 622.976767717097 2.4770236577536 -284.665784420887 -283.301542524272
10400 2407.17055465689 2224.75050592742 641.614339755152 2.4050712339986 -280.296005525742 -281.186938470384
10500 2288.0797688731 -29982.966341847 645.241232428715 2.39155235950703 -292.624076398055 -280.54909829528
10600 2485.56044483977 -16836.9039756765 624.823549272409 2.4697023562301 -287.681068418078 -281.114941589454
10700 2147.4743124807 -9989.93964133154 609.303838661488 2.53260868215773 -286.242925151013 -282.443775324848
10800 1987.98939574923 27339.099897399 611.72800919783 2.52257239927537 -274.003682851312 -284.442041642304
10900 1939.42948810978 -21876.07797681 637.073592826621 2.42221339770095 -294.512896896613 -285.814309947147
11000 1688.12351356141 22821.9362546889 637.415658393447 2.42091353035701 -276.958243515924 -286.037804677629
11100 1689.09793643426 -47534.7993587404 624.699663275062 2.47019213004868 -304.666799738799 -286.132653748484
11200 1835.95312030612 30463.837758897 595.692890436391 2.59047609370604 -274.352652881913 -285.679177499133
11300 1876.83082064035 33990.5882323523 595.392348216433 2.59178371453503 -272.411295507686 -285.042697943634
11400 1978.03289970935 -15439.7298410516 615.337609657991 2.50777486642463 -290.551305530372 -284.621467928736
11500 2072.30741726752 -7716.66632865508 632.637822954803 2.4391968609445 -286.516337640038 -283.469323165273
11600 2109.19564583495 32229.8860048664 639.856829279461 2.41167730225499 -269.424761863489 -282.296322935014
11700 2165.58591397747 -32635.0429551862 640.43230607728 2.40951022804885 -294.421876012178 -281.376786523772
11800 2154.90807985678 33211.5437755049 622.335149271819 2.47957743295024 -266.939781269532 -279.840177107991
11900 2502.77599478205 -28369.7350842891 635.013287060459 2.43007228873811 -290.057147321794 -278.81296871294
12000 2491.35618438067 -23441.0983051056 639.181707881525 2.41422458252223 -287.578498831782 -278.226769325528
12100 2768.99379072092 36360.9530576048 626.949736289127 2.46132680587728 -264.324201169069 -278.552652235906
12200 2295.24318444014 -5172.02541964832 631.786727018931 2.44248276494717 -283.293055323216 -281.253569029453
12300 2308.96714332301 15408.789887431 645.168364826278 2.39182246990928 -277.069843483594 -283.274692809262
12400 1862.35937895012 -38587.1248017515 666.639511962577 2.31478657381584 -300.308846866606 -284.253373548979
12500 1831.23826317077 -51878.1891827863 653.069880996375 2.3628837231198 -306.139706144203 -284.993419929227
12600 1769.18604070034 21572.3779017497 609.539521834484 2.53162942941236 -276.855632133946 -285.062728487603
12700 2284.68405918589 19957.5472091921 583.205693074224 2.64594157805954 -276.956851802108 -284.221566490033
12800 1735.02713488519 39730.7207470944 584.259207014117 2.64117051702505 -269.638276877222 -284.126717693697
12900 2046.92298131169 20491.7312694529 595.371988492717 2.59187234483908 -275.825290546876 -283.440058828369
13000 2131.48853077797 26458.814736232 609.076269786452 2.53355493952696 -272.27654432056 -282.335009279018
13100 2035.38546023437 -16593.5106498129 638.030990718902 2.41857874353 -288.002308726817 -281.394313890165
13200 2209.30019758051 -26554.5685648897 660.144452262958 2.33756140277528 -291.545383633317 -280.60411023407
13300 2263.93439936392 -40138.8188993265 643.854633381451 2.3967027833003 -296.691678173585 -280.561392573471
13400 2773.25904507048 46521.0889202131 601.079574149116 2.56726107196466 -262.845138028292 -280.298194116129
13500 2467.68829172484 2569.34143174333 589.811505934091 2.61630737335693 -281.051182326311 -281.997037629466
13600 2137.88884440164 13282.9696391222 598.177397318553 2.57971665058475 -279.748243772432 -284.707480290625
13700 1853.09161348473 -20164.8834430416 610.879619207698 2.52607574937192 -293.652475398532 -285.963986446751
13800 1848.89192743788 -1156.47002970277 614.416491375892 2.51153446160034 -286.772044403145 -286.328551281113
13900 2003.54077416754 2252.49252887817 612.095912591343 2.52105619417257 -285.102733774016 -285.963276585666
14000 1795.45572645138 5787.82051406733 609.123032817229 2.5333604357876 -283.170709862141 -285.371150815388
14100 1929.6424978926 13185.9449159473 607.147407383105 2.54160385616605 -279.70484187279 -284.701677283629
14200 1926.80816115181 2294.45206877123 613.500016003263 2.51528631069818 -283.043646736396 -283.922230575886
14300 2066.30527531924 -9024.06363014967 627.726926187321 2.45827943248946 -286.041400020673 -282.505804707502
14400 2144.53094619632 -35577.2989517443 626.32864864668 2.46376753674031 -295.472956312444 -281.564949563534
14500 2366.59880299433 -31725.9130382564 606.491544169159 2.54435236022964 -293.506250353121 -281.496650918384
14600 2565.10517061755 8677.37160902797 590.093875305975 2.61505542836888 -278.988384928966 -282.184327348694
14700 2185.09375352922 28333.9979845622 584.365659158807 2.6406893828899 -273.334881040269 -283.669207756991
14800 1778.54057016009 3362.0870108794 595.102232774177 2.59304722261341 -284.644684576972 -285.893476758705
14900 2043.08098291108 7382.06366839498 597.608202203204 2.58217371544946 -283.999777041323 -286.753270053747
15000 1980.71214194294 -1477.89406551087 595.083751577114 2.59312775349094 -287.370991041584 -286.822068532149
15100 1644.1241779023 -9007.6128221226 600.549683421696 2.56952627645057 -290.04279079628 -286.666434303278
15200 1986.23060201737 -7044.99601499296 606.669049393053 2.54360790847985 -288.594098888823 -285.926489524066
15300 2182.09905911779 -9964.81696591026 610.66169020231 2.52697723899282 -288.772970758159 -284.974929798902
15400 2077.23077938113 13538.2416948468 603.076929300761 2.55875845500391 -278.92401929985 -284.019962992358
15500 2114.52729734877 -9570.18551375728 593.333574663267 2.60077679363061 -286.94263328303 -283.398509161207
15600 2686.66099209124 -21451.4875187963 579.470571132381 2.66299665373962 -291.042531176615 -283.284019099977
15700 2003.11018475231 54044.932075608 569.512164818851 2.7095614232524 -264.427769091854 -283.63866518468
15800 2047.64440836513 -26797.6901911863 593.277920906933 2.6010207652885 -295.420471921294 -285.497421669505
15900 1470.1096946617 -37407.2221049724 612.242964602243 2.52045067250164 -301.445383837601 -287.150885972301
16000 1773.16492629268 -28520.9555021164 609.222712051718 2.53294593477848 -298.590075565594 -287.745069499592
16100 1595.37734543658 29272.2965817162 593.352742978108 2.6006927752975 -276.915494986348 -287.756246595194
16200 1928.3960026117 -13760.3680728885 586.473274590851 2.63119950852436 -291.759587166204 -286.722633919616
16300 2236.65071931334 2942.37104308643 579.329118176058 2.66364686920011 -284.822079985189 -285.886008473554
16400 2250.44718668896 1231.02280663555 585.935045658554 2.6336164789934 -284.798080660944 -285.248280376401
16500 2017.71253035511 -2193.35943863575 610.018084370303 2.52964335222788 -286.008747623568 -285.173640553222
16600 1823.19079491026 -47311.8090397277 630.017089600727 2.44934338661206 -303.238405077989 -284.634182487685
16700 2016.03288433465 6591.03041225315 619.421702990408 2.49124011060041 -281.774808954904 -284.32298469111
16800 2227.59633897076 25847.4332759318 601.967182587046 2.56347561213269 -274.572498794508 -284.283854931749
16900 1960.60879977718 -5898.08771160097 590.475756636739 2.61336418053054 -286.865401652219 -284.691684958573
17000 1882.97587751791 26029.4373894267 593.184458536883 2.6014305831146 -275.486649246159 -285.123700921719
17100 1830.55672017982 9628.87508843873 621.961542836925 2.48106689173662 -281.997374736996 -285.735283766238
17200 2094.23228282362 -45559.4985210926 656.59531634287 2.35019677030457 -303.97329251343 -285.302344996799
17300 1897.44763255902 -6355.66906995925 658.313915056317 2.34406133088362 -287.837953075183 -285.226489613918
17400 1964.53319769143 2926.88457488911 638.982602165745 2.41497685013003 -282.945320660024 -284.112625461899
17500 2353.99208324883 -30355.7670006187 625.250181454194 2.46801718358105 -294.126549209535 -282.280195936148
17600 2245.45640010775 24358.6098547717 602.774267082837 2.56004324692589 -271.544137620845 -280.708385880863
17700 2343.53121272494 20439.1767768727 608.171291897317 2.53732494845656 -272.625165044488 -280.383686372013
17800 2310.13509141819 5102.41205761806 638.736575572489 2.41590704349918 -279.85862213634 -281.892790784328
17900 2060.9899139295 -44458.4002852718 653.85932939488 2.36003085448704 -301.25766352598 -283.113882365479
18000 2005.1794995803 31501.8921636772 628.596516543172 2.45487868808471 -271.506378152066 -283.865802771393
18100 2703.18862359025 -41197.727147712 624.266227339697 2.47190721567967 -300.230660703888 -284.178528057159
18200 2419.82118073364 -6939.24509392708 614.550873857233 2.51098526991047 -287.650296523571 -284.988592812161
18300 1934.53147658229 14338.4039999244 605.817315721376 2.54718403026932 -280.602542071462 -286.02420031134
18400 2016.7046098083 25070.1411922567 608.858877756345 2.53445954102299 -277.287623649381 -286.814775015981
18500 1387.04282236383 1123.23971716468 627.684181811907 2.45844683772601 -286.963154244069 -287.403205513606
18600 1727.68658843132 13118.6780843676 642.113562458808 2.40320136823946 -281.508354928039 -286.766003582543
18700 1911.56115171724 -6146.46971484188 648.337954629414 2.38012934588746 -288.344315831601 -285.857080746632
18800 2284.65056042102 -24614.5564522327 648.818428020568 2.37836677446714 -294.027549155768 -284.059622511131
18900 2001.6803867198 16591.37835313 626.856841816461 2.46169155208477 -276.313173439592 -282.804604961541
19000 2528.28938907204 106.081458811607 615.674559790709 2.50640239608193 -282.55531969201 -282.596084024439
19100 2200.11834085231 20511.2154810804 604.431945098599 2.55302222918478 -275.438652451816 -283.176647528866
19200 2056.61218844862 27681.8046745631 601.631808991509 2.5649045958072 -273.719443548551 -284.114212303746
19300 1747.01903253372 -240.704115429341 611.461043862531 2.52367376034024 -285.432072523833 -285.340209243051
19400 1963.91961763847 -6930.62808073573 622.841919264479 2.47755994601073 -288.783840828474 -286.089577309121
19500 2121.54245946572 -13305.8732939504 637.70766386829 2.41980499733312 -291.402323683791 -286.106242150943
19600 1939.49123696549 10235.7712352562 641.931702098316 2.40388219933992 -282.051421069181 -286.152508590647
19700 2206.55496390373 -17641.3232738465 638.053756568562 2.41849244829311 -293.510098801382 -286.484585329103
19800 1690.67760023195 -18474.4439831135 624.232727379355 2.47203987260402 -293.117543986597 -285.919615072775
19900 2421.49924427622 3071.18514944907 596.583966643126 2.5866068787417 -283.325439207329 -284.46902096549
20000 1950.24745661062 27710.4879436419 563.077791815383 2.7405239814041 -272.966002466093 -282.704729979218
20100 2845.89687917176 72061.8984216915 548.900823167806 2.81130602603299 -256.905421788434 -281.593610238771
20200 2113.35347329306 7726.00857242861 568.732589979291 2.71327548140385 -279.980730289264 -282.723270119052
20300 1764.33251980153 -28263.7641186848 602.40360100732 2.56161847187791 -294.460081516785 -283.83316663998
20400 1754.81475250083 1000.72129645145 613.029533379523 2.51721672096143 -283.986514855656 -284.369413811799
20500 2265.58192068389 -48383.8243497376 608.400369265824 2.53636958460144 -303.260719136636 -284.887751738304
20600 2053.94403583968 3385.09870606741 583.663309689654 2.64386704843008 -284.613509429856 -285.846680628166
20700 1877.52791182035 40748.851874679 573.799208800976 2.6893173922123 -271.846502765305 -286.440187646614
20800 2108.34557888549 -39670.2809492291 592.038693815236 2.60646509761354 -301.057409140066 -286.398386668781
20900 2002.62946154742 14678.7256044476 595.560809073297 2.59105060030269 -280.535678691624 -285.992052379011
21000 1902.68923832189 9960.74753756218 597.613883537876 2.58214916750394 -281.748704742773 -285.464076313173
21100 1926.32905256043 -1789.00864980909 606.181120294223 2.54565531687481 -284.924417727152 -284.247548938003
21200 2013.34888910326 -7630.49031375564 624.78339690919 2.46986107425388 -284.39671649029 -281.421136921928
21300 2540.57576690037 -8501.85947404565 637.87714118486 2.41916208033376 -283.838142185004 -280.453283016204
21400 2631.9188800901 -7102.7937998078 640.366168916352 2.40975908280328 -284.217928807211 -281.37904753902
21500 1836.88427184527 -2382.21125853014 635.427113407495 2.4284896871823 -283.217391168415 -282.272600364446
21600 1842.86536794914 56175.3016804565 634.875234378917 2.43060070436631 -261.323634737931 -283.583546689383
21700 1487.23663775691 -27239.2619385644 660.078167813554 2.33779613856581 -296.012956415279 -284.790695875943
21800 1668.82387447529 -40427.9709154539 673.492808805954 2.2912318761086 -301.977265744028 -284.982916066465
21900 2058.66901672871 -5771.12317895535 647.844457518246 2.38194241527899 -287.380516063138 -285.046946593643
22000 2008.16597882914 20486.8546620212 615.285292106968 2.50798810188014 -276.431255282985 -284.298840630214
22100 2234.41634373175 17459.4238246134 599.710864777276 2.57312028595516 -276.834364291962 -283.369603175051
22200 2120.23760901023 26689.1180472928 595.066523118328 2.59320283013009 -272.890929797619 -282.803570933909
22300 2232.02269996921 -16879.7312584724 601.87415650138 2.56387182469527 -289.154969629639 -282.813924174807
22400 1836.37017154275 19067.6633956235 603.288176969866 2.55786247895125 -276.218579706669 -283.398372874913
22500 1937.28572069747 4782.22378247885 616.679582877561 2.50231762930362 -282.52883440128 -284.369517851203
22600 2050.95506857136 -14971.842343072 627.698619230837 2.45839029207524 -291.027806496843 -285.162157633507
22700 1777.32316563805 -549.937089072274 620.751734398557 2.48590234445539 -286.419973881355 -286.20690472084
22800 2110.24315237613 -21093.5020243251 616.731704908683 2.50210615018504 -294.701599422737 -286.581999949173
22900 1846.17809990292 22513.1460530208 604.314996450124 2.5535162968498 -278.19355384011 -286.685147479832
23000 2019.7445363898 20713.268439971 602.569354924478 2.56091382552889 -278.81563350382 -286.605774479081
23100 1830.33451951115 -3135.59972686582 613.411388828379 2.51564972540452 -287.615362110026 -286.414862300382
23200 2046.13205263088 -19604.7955743637 615.609432153461 2.50666755781845 -292.158160153447 -284.625346464682
23300 1992.98496082139 3284.39837770756 614.133966202246 2.51268986375839 -281.50384014264 -282.762790453227
23400 2015.59785063432 6994.06927556446 617.291987891077 2.49983512201103 -278.913778242793 -281.608476939573
23500 2438.2714469285 -6206.40578467576 624.386010653466 2.47143300063869 -283.824312187641 -281.405606790083
23600 2377.24381500299 -26104.6831819294 635.076156283559 2.42983172427138 -292.484835498819 -282.137372621802
23700 2369.58207972553 826.681193989209 632.898187151572 2.43819341434858 -283.404773272127 -283.731332193087
23800 2028.64483622877 -8042.1075522663 631.953988606448 2.44183630404635 -287.866427549104 -284.69434136231
23900 1673.79474851499 10465.5713842378 625.421136386723 2.46734256661249 -280.874256332279 -284.959567499973
24000 2101.86738987354 -15412.5723255229 633.628032224943 2.43538497886138 -290.956541278836 -284.861184197924
24100 2099.88526100157 -30208.0207328484 642.135309500535 2.40311997959806 -296.614588064838 -284.507534476993
24200 1832.13261470919 -36297.1136497359 638.312728984477 2.41751123202753 -298.449872453715 -283.988975250428
24300 2286.93104835146 11160.8536398583 613.309886524362 2.5160660634562 -279.178635266737 -283.450987207597
24400 2434.5210475673 27488.320448377 603.503112346698 2.55695150579378 -271.960752708172 -282.314972074003
24500 2158.69631082565 -5657.70755289745 628.364420918917 2.45578543356967 -284.770202099094 -282.551281692881
24600 1861.61524702399 -12152.0070506294 642.344048124794 2.40233905236765 -287.422219907473 -282.550241444587
24700 1803.31163765614 6913.85427510791 628.555815959566 2.45503764770731 -281.172275570849 -283.884675431486
24800 1906.05752569859 38636.3856128041 610.166466455229 2.52902818608001 -270.323234477851 -285.037360472064
24900 2040.80925241423 -6051.34062182957 607.796508464229 2.53888953025622 -288.081558949318 -285.785941892473
25000 1900.24379013908 -34023.1800633271 607.588463968623 2.53975887196207 -299.440335061125 -286.537829179904
25100 1770.67417891357 17105.1776187704 603.011703944168 2.55903522563966 -280.629775098322 -287.06765650662
25200 1702.89243021407 26930.083144198 620.011177466449 2.48887156868978 -276.606383654199 -287.027802617406
25300 1971.54676394516 -8437.78773086316 641.265917203137 2.40637799463354 -289.460905260712 -286.083708248774
25400 1875.69321911515 -36722.5416248419 644.067333605625 2.39591128341716 -299.348142081526 -284.585854987979
25500 2111.72096675576 -11679.6885670286 619.570099184661 2.49064342178042 -287.305584350935 -282.788987207037
25600 2245.41663393905 2331.18107173455 599.140886164117 2.57556816351776 -281.24158541144 -282.113340734982
25700 2046.58075900128 35969.4259325601 584.28538582805 2.64105217979942 -269.452833754845 -282.570246167909
25800 2264.27745171997 22329.5762325099 586.589165371981 2.63067966979505 -275.409751373784 -283.585060077499
25900 2128.87301571412 -28299.892678085 611.08252114457 2.52523699904852 -296.041532626769 -285.247734461682
26000 1847.25426863563 -17322.8281258523 647.029324985978 2.38494320469874 -292.878558225703 -285.882838472531
26100 1814.56634183577 -14379.5624031566 664.642523902527 2.32174159246607 -291.601952461693 -285.636774063278
26200 1956.7823323977 -27199.9386907865 647.485719252106 2.38326212607213 -296.908919140707 -285.916639659129
26300 1961.72606357174 33042.7828794762 608.87886730973 2.5343763344658 -272.896170442234 -285.453496187816
26400 1923.40437651775 12664.5211340319 590.944564526909 2.61129094757221 -280.249193065052 -284.920357525704
26500 2340.90787529498 8072.88657583545 593.9019296363 2.59828789041166 -280.952256964391 -283.944750559899
26600 2094.81328325969 -10819.2444702771 607.592711817467 2.53974111580474 -286.058125302105 -281.955147828954
26700 2437.05532826222 -16869.1072688027 616.764185922577 2.50197438030202 -286.722605991982 -280.228776372159
26800 2630.96419537758 -1527.00210179826 620.802466655428 2.4856991953974 -280.611803783466 -280.020129475807
26900 2243.12274852897 -39325.4193317017 612.941796216429 2.51757703813241 -296.572983324602 -281.52832803092
27000 2492.02615282339 20109.6518112344 590.158101189983 2.61477083641585 -275.882984412319 -283.290329313776
27100 1874.8841347208 8119.12888689129 589.995959134881 2.6154894249256 -281.909203470025 -284.899044623581
27200 1884.41532636351 15658.4338952046 600.292697135197 2.57062629485659 -279.857580947977 -285.724377468751
27300 2129.21690563425 -21840.8951535926 604.892488035969 2.55107845177003 -294.080907407192 -285.835003531814
27400 1809.38134347755 15608.5912477155 599.578406509979 2.5736887371384 -280.663813579335 -286.504976689748
27500 2102.46688547997 -4320.29103664602 603.161981818234 2.55839764173192 -287.886662569452 -286.260227963967
27600 1895.37823336873 3173.14442907721 597.47782208187 2.5827371909625 -285.095592656943 -286.278910114562
27700 2122.35754686946 16823.7643791141 588.035306528687 2.62421010223956 -280.133587679027 -286.308292802737
27800 2263.69869920369 24548.6007065571 597.675964044628 2.58188096008307 -276.643626261718 -285.801236920243
27900 1555.61983134276 -413.389703516319 619.616387385683 2.49045735923313 -285.616467663808 -285.456595742909
28000 2131.85757012779 -42522.8688844584 626.519559793121 2.4630167849439 -300.287401380426 -283.659140327645
28100 2167.22019891549 -16638.1982262788 609.345987284669 2.53243350094503 -289.016906362312 -282.689002211408
28200 2439.56446006005 34255.6215745594 585.760194249324 2.63440262246516 -269.988895830196 -282.512846560746
28300 2130.43217166431 26874.7251255334 578.360762748586 2.66810664079735 -273.50544742178 -283.206804620729
28400 2129.76215581714 -9345.61742066876 587.950439831764 2.62458888934188 -289.00791066 -285.578351012245
28500 1812.80810530446 -20445.4965403956 594.450076957049 2.59589198770953 -295.086599333567 -287.500776553204
28600 1764.79804156369 13431.2208725444 594.185364887102 2.59704846846795 -283.00033849305 -287.981459408899
28700 1605.59903213281 19309.9190873445 597.442572103841 2.58288957620166 -280.701942091591 -287.902501909227
28800 1991.87887576611 11570.224518762 611.823124502528 2.52218023488542 -283.180898366411 -287.599219891077
28900 1908.96817975976 -15681.3211871007 633.236369659776 2.43689128704848 -293.069988064841 -286.872179708528
29000 2000.09781137738 -3569.68971521025 637.631255871735 2.42009496500676 -287.05197911038 -285.631320564844
29100 2032.66091542993 -15370.1874255935 623.678947562962 2.4742348573668 -290.826495042223 -284.84334504755
29200 2008.62296606509 10076.4795925443 600.750653937117 2.56866668684084 -279.981930039685 -283.760197730295
29300 2366.4635578399 34270.8396996316 595.79290926162 2.59004121713794 -270.338360981906 -283.082477056185
29400 2664.33244594207 -20308.0315073824 610.103530021366 2.52928907297435 -290.880046253562 -283.146814795954
29500 2462.26964806147 -15344.8067732518 619.579111081586 2.49060719489447 -290.162265135052 -284.228261147171
29600 1890.82525591423 -6759.18233964763 614.795856700552 2.50998469662382 -289.140808507325 -286.547138398508
29700 1636.31699347699 -20131.0154946197 593.207634015837 2.60132895023553 -295.416112079095 -287.962581165429
29800 2027.10630943055 1699.85060581691 579.73935427816 2.6617620150826 -287.301136671277 -287.916218900098
29900 1583.62633831247 53784.9111479072 584.985103936958 2.63789313861301 -268.504502790747 -288.142396517249
30000 1593.29240501855 -30555.6202175495 609.54308531089 2.53161462914318 -299.451508650018 -287.826717610459
30100 1954.53003466992 177.340183446162 621.63095484613 2.48238634166486 -286.161665862473 -286.230472356369
30200 2150.99130505409 -36900.3324987897 616.158392012396 2.50443426864025 -299.03120551869 -284.840228721079
30300 1941.43610232517 9623.50440317817 601.037625929754 2.56744024881809 -280.639618839597 -284.249763065037
30400 2190.40384363862 4482.35143716958 589.870427389663 2.61604603352448 -282.632598917306 -284.282858147768
30500 1891.67319409027 -5418.35300999405 578.463388983882 2.66763328717613 -286.59573056849 -284.639442453621
30600 1894.50019935254 17589.9281382398 568.592800075485 2.7139425466894 -278.571828881731 -284.814278757415
30700 1860.47422499665 25734.5572476419 566.517189554682 2.72388591258655 -276.121325865252 -285.220865801313
30800 2153.29783716605 17473.7603626121 580.642355742248 2.65762250480936 -279.727075903683 -286.05971489859
30900 1811.76397657424 -8007.96826913878 594.95839381296 2.59367412564187 -290.704500089959 -287.730790302609
31000 1823.52302074398 -6228.88892958738 594.308265330538 2.59651140979484 -291.594254323408 -289.283722259881
31100 1814.3655428747 -20335.4002559287 593.309788039408 2.60088106243011 -297.273011951965 -289.742510777131
31200 1573.74418739375 -31255.8401218347 591.481448332599 2.60892069601885 -300.935060510614 -289.396225941442
31300 1852.37397842143 4690.83096749049 588.978854017603 2.62000610266392 -286.675249701453 -288.399654127321
31400 1813.69638913512 15122.0925948006 584.849319252453 2.63850557924651 -281.811010489676 -287.331092428053
31500 1767.73050178726 -22635.0480584462 586.345250779405 2.63177400996239 -294.892245823764 -286.608543665959
31600 2121.8876268907 -6021.46522287096 583.895675178334 2.64281490249918 -288.439981457437 -286.245524416112
31700 2112.67972873868 2225.26649379025 588.622738417117 2.62159120120944 -285.178259031263 -285.995798457963
31800 1962.074956379 -15112.1941058227 598.615175670804 2.57783005607384 -291.036247874354 -285.389935667535
31900 2035.78415738716 20593.6922006731 601.407676736006 2.56586048292744 -276.834653055639 -284.564890380817
32000 2009.18663005837 -11114.7462483162 614.45864683289 2.51136215564689 -288.498045720967 -284.235374323882
32100 1836.7741163419 13863.3615405626 627.057530645451 2.460903691369 -278.887528134786 -284.313350604452
32200 2353.01296427637 -29375.9500970574 627.119979797225 2.46065863244395 -296.327310028139 -284.829047988101
32300 2029.29708210326 -6501.18366137904 610.635448699682 2.52708583353969 -289.03627265281 -286.55848496703
32400 1734.49477837493 13952.5437721001 594.2521446984 2.59675662197114 -282.91582444837 -288.090865438279
32500 2188.45534095766 20962.7037252256 586.960126807078 2.62901706843422 -280.845103517736 -288.524826217937
32600 1705.13239182669 21560.0942764969 588.088753288468 2.62397160843031 -281.077607086157 -288.991372494554
32700 1743.84608088113 7613.84594014816 601.45549857704 2.56565647087265 -285.796254769086 -288.65448512387
32800 1874.03108670185 -9997.81512936227 617.849440467291 2.49757965419378 -291.665481037815 -287.810010380511
32900 1863.9357705502 -6756.20335972966 632.776252399753 2.43866324947235 -288.907812102787 -286.239463738908
33000 1760.96850602978 -22991.2558732388 647.56628970199 2.38296559967053 -294.271995334264 -284.979409741214
33100 1998.89107110849 -41534.0057904924 651.072395844356 2.3701330323871 -301.197925875945 -284.31985741156
33200 2118.5829162423 6331.49257255628 618.47776522204 2.49504230974596 -282.055489534425 -284.499594398524
33300 2112.02790311933 29910.7737001757 579.240256572315 2.66405550090331 -273.652715336119 -284.46645791215
33400 2099.75100576169 53663.4029498321 569.820719349753 2.708094211855 -265.035226039538 -284.120837937871
33500 2186.55731176218 -8539.13328791147 585.707499467043 2.63463963372549 -286.913788604239 -283.792138520319
33600 2113.30553333042 7410.34798604297 604.863253278139 2.55120175263239 -282.130334712126 -284.927933597617
33700 1848.77985592838 -22445.2067433988 627.845204271965 2.4578163237792 -295.186549213475 -286.39094185515
33800 1906.98292663827 -38418.3852688967 622.781102183525 2.47780188971017 -302.673490714905 -287.739902360642
33900 1901.78614628573 -12114.9038925643 591.920044510073 2.60698755884058 -292.839871421046 -288.364050903568
34000 1878.54223613659 50566.2300863838 570.627395022759 2.70426587529078 -270.054770383229 -288.064319362579
34100 2009.37008878149 6278.831863879 584.116674367781 2.6418149996083 -285.587478843433 -287.876596420207
34200 1918.90448862466 -2470.05995605289 601.305071246828 2.56629831620476 -287.572891469463 -286.645865278617
34300 1983.46138190944 -42029.0614832195 618.611752760565 2.49450189877558 -300.77915559501 -284.551435745783
34400 2400.54572829337 52545.8574676813 620.443820723878 2.48713604733099 -262.584373922412 -282.932789075462
34500 2384.98211796122 -48760.1776565596 630.475424861038 2.44756279311955 -302.154994544575 -282.967287244962
34600 2389.37858321832 -10801.5425755929 626.475318727459 2.4631907207464 -287.705688648733 -283.482121627376
34700 2166.99239520181 -21211.3575640795 610.563263566021 2.52738460360915 -292.360070754487 -284.276769258684
34800 1938.12326402086 29901.6320066527 581.661741836346 2.65296491220887 -274.447886475844 -285.303516524556
34900 2085.11686845399 19373.0770481928 577.92106375196 2.67013661320436 -279.482603901432 -286.470666262751
35000 1727.1871787115 7784.39154166007 595.43778592217 2.59158593618011 -284.400810396467 -287.293825532013
35100 1813.91409533007 -9819.20572765208 613.872600910561 2.51375967843684 -291.483243144434 -287.721022590762
35200 1579.86791554671 -44862.204584412 622.985672084928 2.47698825352079 -305.290675734654 -287.846585976609
35300 1801.74283443454 -1488.33508642003 604.628408037764 2.55219267132043 -287.921733269223 -287.360066265663
35400 2165.85055589234 -7585.26565810182 588.904436833184 2.62033718095969 -287.625723836003 -284.837643620987
35500 1817.13382539581 -215.218362393198 586.33828153248 2.63180529136343 -283.609089341195 -283.530327254271
35600 2577.92440916215 32408.0849700698 596.999353816379 2.58480713923979 -270.893988879129 -282.969815597071
35700 1949.23621263267 -18863.5318042008 615.448078932088 2.50732473573355 -290.83649076706 -283.590394965024
35800 2792.51513611341 -7048.48329991625 609.912246120345 2.53008232197659 -287.040877143994 -284.357679455604
35900 2153.77952499369 -11013.9917362343 597.008012768584 2.58476964942224 -289.442634102641 -285.338566093219
36000 1915.82361514752 8020.30675402351 592.802954503434 2.60310475874523 -283.393231302752 -286.360733035432
36100 1912.91396585081 761.751054227234 595.398672272111 2.59175618577946 -286.670605164382 -286.953686064825
36200 1957.93191879946 13352.0465802783 596.641846895611 2.5863559518917 -282.240503647488 -287.212733443328
36300 2082.86807553973 6694.79097809515 602.111868659162 2.56285961494581 -284.775147085685 -287.291107784212
36400 1945.13780240668 5212.98302249445 608.416486253104 2.53630239602707 -285.310934264717 -287.290531901709
36500 2012.95510017268 4891.15477155393 609.657087861351 2.53114123101454 -284.767789526985 -286.628962234427
36600 1703.09947028433 4772.54743365825 599.660987279895 2.57333430821615 -284.273392128304 -286.059656316992
36700 1976.36446617769 -5268.52068580592 589.219909416528 2.61893423356009 -287.541740208391 -285.604177598248
36800 1841.73057124607 -19602.2091552233 582.493764251007 2.64917547031655 -292.374843142051 -285.248184750506
36900 2259.71213539732 5480.87971071644 583.390098908977 2.64510521305039 -283.189606333607 -285.185323382598
37000 1923.10702520234 16210.1237913729 595.826045387923 2.58989717520898 -279.082052839434 -285.110361177412
37100 1844.74843615086 -39784.0434225678 618.841891723079 2.49357422712527 -300.22512622082 -284.858509189541
37200 1883.00064358683 23656.3479744661 630.950536711992 2.44571975468579 -274.767351518427 -284.083419661441
37300 2116.02856667164 -12586.0596555067 636.159501356188 2.42569385284103 -287.977203117277 -282.979787767292
37400 2479.91156323544 -22777.1763596038 623.074489869889 2.47663516474307 -290.694193390469 -281.836319404091
37500 2635.45804300416 -31481.6319089454 598.781818792714 2.57711263674878 -292.598099967497 -280.8324619039
37600 2211.05431822701 -3154.11036348925 579.220172723107 2.66414787422089 -282.477806661423 -281.337530075461
37700 2268.25264358063 22999.6449489848 564.320413981453 2.73448940288883 -275.341127945939 -283.442088831982
37800 2009.64543184985 10555.7116577427 557.325722014488 2.7688084918966 -281.712120473677 -285.38398160822
37900 1802.12041107716 26417.4553730483 557.230697586473 2.76928065619833 -276.912636368084 -286.100523648907
38000 1932.19517296834 -16993.5089562082 569.493579522385 2.70964984918757 -292.372060746114 -286.331718596471
38100 1936.53270576503 -7542.23638016399 582.342917877663 2.64986169573422 -289.123072505854 -286.381696670578
38200 1667.95738639444 9387.31778508689 591.346569713023 2.6095157575954 -282.73978025624 -286.204540955837
38300 2076.67878647148 -10427.1307077492 595.032674241243 2.5933503464055 -289.332456945027 -285.459922633299
38400 1887.43192152844 -3783.5019027965 586.486277355801 2.6311411731974 -285.799256787296 -284.414283317557
38500 2226.90017506554 25886.0264009633 566.800888409267 2.72252253555376 -273.59742788813 -282.755109804855
38600 2653.23104321467 3135.38392155732 559.77973911201 2.75667031878291 -280.283637760476 -281.379100335058
38700 2507.11584280236 -7106.38269951149 563.875768657368 2.73664568977743 -283.885459985275 -281.384414059898
38800 2358.80498927713 17440.7844681077 569.186718504315 2.71111068072896 -276.485367807014 -282.681353629764
38900 2120.86572659363 -3646.59782701766 577.425716567327 2.67242720161424 -286.159634328824 -284.845397499549
39000 2151.56763884983 -4901.89724754953 587.253171338865 2.62770516564087 -287.513712672952 -285.716997576831
39100 1693.82713430298 -29767.3385572313 603.054253283085 2.55885466931902 -297.297957553216 -286.09362386972
39200 2031.22216572179 -19152.8915363045 598.777331231863 2.57713195102334 -293.15804093758 -286.000079702047
39300 1943.32616412818 -16648.346705373 582.278718037767 2.65015385942035 -291.729150833857 -285.678645176676
39400 2279.44911697705 36243.436193532 558.902487816881 2.76099717840532 -272.289254072568 -284.932397106808
39500 2244.49331873348 29782.7637187421 554.2738336277 2.7840538344854 -274.041763924972 -284.345127270031
39600 2183.08756157927 31906.4035866214 575.316135931065 2.68222651076663 -272.830468025032 -284.287550826404
39700 2243.12856069156 -27424.6965266556 612.59510527369 2.51900183103274 -294.798751956489 -284.312869248906
39800 2223.79880933859 -38925.5347442063 636.640326636043 2.42386183737352 -299.357900533825 -283.890462861362
39900 2200.01687097805 -15701.805387751 638.320071946633 2.41748342200828 -290.487630358014 -284.231904135091
40000 1936.67732633373 3928.4252126183 617.408983910223 2.49936141533455 -283.155997960855 -284.669841796968
