# step temp[K] press[bars] vol[A^3] density[gcc] enthalpy[eV] etotal[eV]
0 1948.60450645492 655982.661452835 315.655467744957 4.88864711544594 -146.17513569038 -275.414650708529
100 2180.48807340233 665252.665670105 313.708752713752 4.91898354291113 -145.237179864936 -275.494728884578
200 1611.1889272487 676327.864847016 311.007169286561 4.96171260426568 -145.052968997927 -276.338638682693
300 1970.53335689232 651854.106595577 312.068704246075 4.9448348099953 -151.038340328426 -278.005167268382
400 1674.80608047619 623542.436964851 313.160409588394 4.92759667128533 -157.457006295633 -279.334218297967
500 2279.79386768883 661616.177805032 309.642872464951 4.9835740754562 -150.461340489247 -278.327860666539
600 1988.08190254224 665394.631705758 310.714244423939 4.96639024299341 -149.748884789088 -278.790591638614
700 2012.29776855182 614737.716846879 314.012143273583 4.91423094590858 -159.729200688709 -280.212248603965
800 1832.91448202631 668765.395476902 310.828200756235 4.96456945705615 -149.246338103006 -278.989312490733
900 2156.60815803405 681561.245083049 308.723335625456 4.99841772161418 -145.967186674052 -277.297199949792
1000 2390.64433458938 613883.81995194 314.391551310924 4.90830044710716 -158.209146426987 -278.670210784981
1100 2226.85731812446 633781.741566662 313.848591268739 4.91679183783492 -153.02464546412 -277.175453294933
1200 2323.58925512415 676132.677362381 310.066161271035 4.97677071738648 -143.256630351028 -274.107297415276
1300 2666.70598344664 605156.328402529 314.718093668237 4.90320773705761 -156.701115728784 -275.57294167687
1400 2201.61437466716 618862.513818755 316.16754537244 4.88072926665621 -155.150023945989 -277.274048307283
1500 1875.63583965353 692147.653591183 309.364940670223 4.98805129153618 -143.295206369488 -276.942290687771
1600 1677.76021736437 712443.503327336 308.568559027673 5.00092490540403 -140.520665943181 -277.732555650927
1700 1801.9954924056 574543.071543016 316.942095311666 4.86880163503898 -167.838745137286 -281.494690622471
1800 1820.70264728686 631575.874559544 311.049318265367 4.96104026355597 -157.123163702211 -279.73839692689
1900 1881.66951421969 779011.349315427 304.306458303676 5.070967604395 -127.78416694179 -275.744260407489
2000 1865.07767351543 567385.004740049 317.875115062835 4.85451084008601 -168.231501858185 -280.801854541969
2100 2173.7822315489 593516.336745661 315.914272756469 4.88464221132447 -162.522158236522 -279.550639113684
2200 2484.83335756176 773081.149022036 304.16555984588 5.07331662614275 -126.449413860327 -273.215179366551
2300 2531.92882724678 591226.854655098 315.948470456318 4.88411350634935 -161.012670249123 -277.6023346344
2400 2204.99724453869 561319.322881876 319.760490099391 4.82588762416042 -166.934922397709 -278.962368679044
2500 2558.30658321086 747595.489725122 305.949155017187 5.04374065612122 -131.133687321786 -273.893369776285
2600 1991.59148172152 666674.984772764 310.762669069036 4.96561635439974 -148.711003151831 -278.021161969878
2700 1322.49682466419 576825.555129067 318.108764609332 4.85094522234 -167.883796594528 -282.411293869141
2800 1894.50744130797 701411.668313284 307.594895751043 5.01675487201542 -144.291926998361 -278.952901612201
2900 1579.0393784151 705166.528696986 307.028635248678 5.02600739705032 -143.725629908625 -278.858255389578
3000 1923.61628097655 575982.848259998 315.385765079067 4.89282765022467 -168.475435051857 -281.856695650112
3100 1884.84118638564 656656.915305536 310.857935687089 4.96409457411902 -151.796728822309 -279.202799967736
3200 2247.774865673 693151.547085972 308.865772401902 4.99611264746477 -143.21814875532 -276.843119526194
3300 1954.4947038347 606505.843292912 315.524667662104 4.89067369375588 -159.132749103125 -278.574991977191
3400 2220.2225448784 639666.470537289 313.499619498403 4.92226495947623 -152.072870562794 -277.237105039661
3500 1810.74042146148 733145.673481345 308.543195527253 5.00133600168738 -134.28113781829 -275.468521906694
3600 2264.84555336499 616094.975437445 314.289955792331 4.90988707537873 -157.495160707687 -278.35104805475
3700 2439.82315179728 592716.337116682 313.761361384719 4.91815877218231 -162.561704310564 -278.635985045985
3800 2062.97836480446 691465.661109084 308.057482802288 5.00922158367601 -143.837213734374 -276.788340533128
3900 2183.59196662353 635524.439319915 311.762576406147 4.9496902728178 -155.008886042042 -278.673623710738
4000 1927.38131808226 601967.194718553 314.478660759161 4.90694086568851 -162.008415392932 -280.163835358235
4100 1931.33532443287 686787.125460871 308.830794932702 4.99667849575165 -145.978505195073 -278.361556566521
4200 1903.22576648695 673491.864574206 308.929305701708 4.99508516474677 -148.844349156482 -278.706055478262
4300 2052.83751317179 604139.050025254 313.878276955638 4.91632682208275 -162.570910491856 -280.92623780039
4400 1593.5124371223 654255.45112446 310.828360172604 4.96456691084821 -152.998537139594 -279.926593447374
4500 1715.91531955388 699605.739130181 307.772288554926 5.01386333094355 -144.008539868031 -278.400262264569
4600 1878.47938397151 620285.842047286 313.605522489232 4.9206027356202 -158.616452475593 -280.029458837822
4700 1900.95084282554 625578.48271632 314.709998327583 4.90333386313286 -156.580304029397 -279.460525558938
4800 2381.66570025761 675611.930470186 309.442197643898 4.98680594830164 -145.717146132551 -276.203918669242
4900 2299.53171999341 650418.300314565 312.354844627242 4.94030497176266 -149.827939761068 -276.631264574203
5000 2080.36191507759 595768.985129481 316.7383285865 4.87193387283629 -160.796472937461 -278.575551942544
5100 2238.4291478126 691447.720867913 309.935876733605 4.97886275099563 -142.712873265557 -276.471204874246
5200 1912.54750978935 691477.759157744 309.679017080189 4.98299241070808 -144.045395214599 -277.698680472985
5300 1959.03922908417 585494.211486915 315.419315054845 4.89230721840164 -166.547359228492 -281.813176169247
5400 1797.45172970284 688709.683101161 308.938938238433 4.99492942089146 -146.990393683744 -279.790517922117
5500 1715.52651102672 688999.863288709 308.325408232637 5.00486872201529 -146.710991584336 -279.303227284162
5600 1994.6478631574 572034.218166256 315.410304934898 4.89244697374307 -169.26877020512 -281.881511176551
5700 1843.94397075954 676224.401028636 310.14028547756 4.97558125830053 -148.664205042359 -279.563908528156
5800 2025.00363801508 704080.10960539 307.541053096387 5.01763317882145 -142.11885544904 -277.26847122
5900 2078.34915828165 588326.249275174 315.353700421702 4.8933251450755 -164.299034493035 -280.098298659091
6000 1827.17179130108 639453.631467515 313.224225716355 4.92659272550496 -154.18201382518 -279.194687895686
6100 2045.7081735051 713130.930972028 307.642518595557 5.01597828190581 -139.501284654602 -276.433386512686
6200 1777.1671393818 642263.163257415 313.324904681697 4.9250096906078 -153.383370299089 -278.985664683131
6300 1878.24217217992 601933.430508249 315.32820886012 4.89372072814029 -161.714363953009 -280.182329558043
6400 1872.05052341733 717790.688987788 307.254053789077 5.02232004048819 -139.014045216883 -276.666856229622
6500 1963.15328968912 656498.784353561 310.737007007091 4.96602643736896 -151.191116557842 -278.51695572339
6600 1688.14975175338 592447.052724881 315.746352635056 4.88723996013879 -164.871772454526 -281.627320939521
6700 1966.96160471327 686227.550503281 308.395546166663 5.00373047226884 -147.505676455546 -279.594444598176
6800 1588.0842773664 700000.24578182 308.327796529575 5.00482995446731 -145.329555790751 -280.039766152762
6900 1764.52846631246 570527.575329231 315.485400136658 4.89128242130281 -170.567354650113 -282.910233472602
7000 1729.13395563052 664865.440276621 309.533650517533 4.98533257785073 -151.362127890092 -279.811288660937
7100 1792.60645080927 718851.145139245 307.820595812987 5.01307648953948 -139.420991292729 -277.531360404752
7200 1734.61887091578 587919.358944981 317.436611298778 4.86121681287006 -163.994525359577 -280.478027033984
7300 1952.7054039739 658632.054430193 313.714875874196 4.91888753303792 -148.963362307233 -277.927102071444
7400 2565.78031629343 715489.090515677 308.042079331835 5.00947206697629 -137.579147464644 -275.142485325169
7500 1905.16376601316 619059.635631944 314.980030353794 4.89913024051981 -156.865619726031 -278.569703403553
7600 2263.60420530102 585999.010694449 315.654422066027 4.88866331023024 -163.739042348644 -279.190229563049
7700 1918.26631129779 728555.650745882 307.813471973612 5.01319250899587 -136.518946251475 -276.490568842421
7800 1952.7954606277 643368.366911711 312.101347471163 4.94431762108524 -154.678640195835 -280.005740071202
7900 1591.1188797188 605912.839209287 314.330309869042 4.90925673858505 -163.536954587823 -282.410730668228
8000 1679.40847586818 700697.135016834 307.256175388425 5.02228536144258 -145.847444301669 -280.223102545875
8100 1628.27904720519 654661.640658706 309.547900654009 4.9851030764732 -154.962588496907 -281.446241518039
8200 1709.65804539876 597215.563109532 313.352493432012 4.92457607394445 -165.621299523268 -282.424277108306
8300 1834.92988400339 695961.892766863 308.224100035092 5.00651374013399 -145.549522862023 -279.437535859833
8400 1611.52850412329 670435.447427192 310.566128908492 4.96875881890134 -150.342316232657 -280.299622178972
8500 2008.6840209216 600614.561868084 314.267198497324 4.91024261916173 -163.094535189267 -280.905185723075
8600 1937.97115147485 678786.460245383 308.964670486676 4.99451341616312 -146.937406168112 -277.834991434487
8700 2411.75300081956 663127.636225209 310.043956931466 4.97712713751496 -149.237859667485 -277.562495739649
8800 1848.34532529082 628085.266884049 314.91884898901 4.90008202690965 -155.484762753944 -278.939256883698
8900 2229.476419024 659978.879219103 312.051337171292 4.94511001252036 -148.749517590675 -277.291717382727
9000 2328.83993147724 674651.879851338 310.162043472471 4.97523221922892 -145.734284235268 -276.338749902587
9100 1863.59103582912 625921.369129476 314.173544285423 4.91170634808196 -155.658507550101 -278.396504882724
9200 2074.4887809275 621269.98226806 313.103311878586 4.92849527080221 -157.648762469833 -279.059661343259
9300 1941.61281045541 690086.495703985 307.385584272511 5.02017098660706 -146.173425844817 -278.569975588581
9400 1752.55540964041 641071.021427006 310.422159684214 4.97106325603787 -156.805201131526 -281.012896714588
9500 1787.82295898056 603921.342434726 312.641944016799 4.93576828508719 -164.255886015759 -282.102541819303
9600 1249.87308938501 726592.842557238 306.800116394102 5.02975099880303 -140.13380759525 -279.268770982668
9700 1844.44535329373 644590.673157848 310.664829780475 4.96718020175165 -155.251696686638 -280.23895730035
9800 2208.77335739747 588731.705363693 315.596893757399 4.88955443602158 -164.470199967511 -280.438632577325
9900 2025.93669395751 705532.721687072 309.047280390226 4.9931783574269 -140.71825456503 -276.809982825745
10000 2326.45679290102 663595.10102509 310.805681158739 4.96492916768143 -148.546394621605 -277.276985407143
10100 1789.80202121535 589672.363981444 317.350004116003 4.86254347519104 -162.9257330657 -279.724679459312
10200 1867.63417420375 675386.259742287 310.733477337599 4.96608284722916 -146.18312367787 -277.170640368919
10300 2049.48858259911 717872.245804121 307.236088638829 5.02261371280553 -138.578607231889 -276.239009155916
10400 2255.38188035576 567905.440979843 317.430543180752 4.86130974166349 -168.180387158505 -280.696413080453
10500 2133.57493540895 607166.807967305 315.081039770497 4.89755966588826 -160.454992565098 -279.859283645683
10600 1873.39255413887 736919.378675046 305.073947650786 5.05821032490299 -136.511689238122 -276.830127283344
10700 1955.37791362192 628793.763873794 312.542141887541 4.93734439313265 -157.703715075952 -280.364701407136
10800 1569.32798705388 561801.146570804 317.572583872735 4.85913542361868 -171.61218377852 -282.968605333296
10900 1669.82659481358 741160.348034447 304.742989355142 5.0637036642959 -137.9411680756 -278.914038450066
11000 1881.30723671068 686377.441241696 307.688933463229 5.01522162171144 -148.627147777429 -280.442052595268
11100 1504.35333478451 546004.961103069 318.201279520061 4.84953484220303 -175.360684317593 -283.800345770185
11200 2073.17973712303 680064.952399504 308.677793668664 4.99915518225623 -147.915052183891 -278.937413988638
11300 1882.51175395986 721422.003855937 306.687192754069 5.031602976338 -138.64388216441 -276.737836952532
11400 1978.5327332891 552798.8484068 317.777559651433 4.8560011397871 -170.284672767122 -279.927442477472
11500 2394.63646928695 640143.574892181 312.88336688958 4.93195981367301 -152.820369893151 -277.831738493925
11600 2460.98179191349 706352.022785979 307.275685421463 5.02196647856972 -140.308072661035 -275.776794084922
11700 2346.70906520871 608479.024684976 314.430199319373 4.90769714615972 -159.587063436327 -279.002234619624
11800 1781.79673555335 591491.537166784 315.059363264065 4.89789662455693 -163.795797103694 -280.109416156183
11900 1732.2423174388 739301.407452162 306.16209927006 5.04023259425379 -136.454942104243 -277.729059468256
12000 1666.43862972241 642341.268117259 311.474703096048 4.95426490988668 -156.100930140079 -280.976719900547
12100 1511.54857397926 595669.65529684 313.974775836138 4.91481580887081 -166.342636660541 -283.074623738254
12200 1657.5299064046 710160.623171039 305.509725064157 5.05099532115407 -144.972123808819 -280.38852564493
12300 1663.7376371049 672635.58732762 308.094393371843 5.00862146492779 -152.166173032787 -281.51225521413
12400 1831.56779489082 580285.991165433 314.21906143663 4.91099484802366 -169.247217570568 -283.052980861209
12500 2057.01562601196 684697.364907234 308.509824940368 5.00187698127407 -146.818160388616 -278.661227731485
12600 2007.93869892607 678346.067960921 309.791345260229 4.98118561243172 -146.552243651425 -277.714909528499
12700 1904.03309085065 594008.221855109 316.538962946476 4.87500236148511 -162.268263288732 -279.62533757343
12800 2051.65012838277 679936.339642898 311.847474384282 4.94834275927007 -145.036698469976 -277.379439896861
12900 2355.80933811939 697482.149460867 309.519523176315 4.98556012244531 -141.318309059653 -276.06272849479
13000 2029.42699216511 568915.070919977 317.790591585482 4.85580200523663 -166.716815828446 -279.560723443841
13100 1580.57333086056 659198.717919197 312.745795303652 4.93412929938151 -149.463984174014 -278.139961695084
13200 2114.71969683848 716570.479334955 307.090344389779 5.02499743172479 -139.372268902479 -276.717858029844
13300 1923.50911792452 601091.288082315 314.770340146719 4.90239388865814 -163.016421984643 -281.109346958203
13400 2065.49840103634 594433.026177576 314.107338535585 4.91274160947786 -165.275853421158 -281.814684062034
13500 1753.28818060149 750658.25651617 304.273874650396 5.07151063705073 -135.778637926534 -278.338272429029
13600 2047.92696740937 620704.15245221 311.702882778241 4.95063817861437 -160.486035950833 -281.243813681176
13700 1747.19511697696 571532.259268905 317.410016832892 4.86162411401949 -168.944151224673 -282.171416781922
13800 2147.17828921504 719944.559450813 306.499522237264 5.03468384094763 -138.041900137367 -275.768713324922
13900 2178.44517021885 696444.472795683 309.761310204314 4.98166859782551 -140.770647939417 -275.419703382275
14000 2302.18580050181 495543.612436571 324.25365816056 4.75901552081183 -180.042686147109 -280.332403984474
14100 2557.98190269881 687540.203901403 310.109280381244 4.97607872285866 -142.742272835996 -275.819120402439
14200 1862.01245471673 818397.776836541 302.720421156768 5.09753582519955 -119.059972943184 -273.690701628644
14300 1787.26344078572 519572.51121748 322.563049438418 4.78395834412126 -177.463525372207 -282.068039058862
14400 1651.71303190994 594762.95273945 315.50284789574 4.8910119263838 -163.768159257173 -280.889715722504
14500 1790.74232799247 839783.802458473 299.612034350624 5.15042126131775 -117.404240031858 -274.446446973032
14600 2011.97298847435 574491.732579821 315.983409201448 4.88357346281537 -168.256667095354 -281.558701058914
14700 1804.3808224665 546759.361479778 318.288669136787 4.84820334965474 -173.975301916236 -282.594614147739
14800 1914.5878919157 778633.553764736 302.831927393132 5.09565885324519 -128.470548295276 -275.642286127867
14900 2122.41351070627 663584.044141682 311.820048995837 4.94877797895132 -148.085058734313 -277.233632038886
15000 2014.44288286669 543810.617918325 321.702795130368 4.79675096152265 -170.15005294278 -279.342389620978
15100 2131.11064208597 715358.209860205 309.995955620429 4.97789782056248 -135.943742712862 -274.354306016302
15200 2602.62056473427 711087.166048484 309.016268339683 4.99367945952234 -137.242906731863 -274.392279798153
15300 2223.62732380145 555309.225806751 318.722422065599 4.84160537518919 -169.290597278817 -279.75876445297
15400 2143.10207529216 654197.693493002 311.237556225833 4.9580398027108 -151.139513580957 -278.223446850069
15500 2110.19572986333 736455.010902316 306.369788567303 5.03681580054728 -136.029654993347 -276.855316822411
15600 1852.41052973266 563482.781585433 316.575611968787 4.87443799687976 -170.138898091125 -281.478008616266
15700 1792.61467242589 639229.603297215 312.359509139234 4.94023119743818 -155.237466367528 -279.861342147247
15800 1900.59443192985 727802.650580576 305.795446717981 5.04627589595624 -138.12429342593 -277.034542488263
15900 1937.7606919098 588251.513184021 314.679298036588 4.9038122351687 -164.859824255502 -280.396766182754
16000 2262.4689128796 583197.445298232 315.972978469056 4.88373467675256 -164.911073729025 -279.926263270519
16100 2115.36893424313 724846.640777407 308.199557857711 5.00691241282879 -135.841721568629 -275.275432025775
16200 2478.02353816337 650356.050045536 313.871762616387 4.91642885936231 -148.0535010687 -275.460437667773
16300 2535.53949104181 566241.253172204 320.855863240762 4.80941247661788 -163.291155659102 -276.68804176316
16400 2335.33439450276 676426.919843168 312.194539517868 4.94284171097041 -141.718921153705 -273.525117760588
16500 2560.98256491863 719578.321113175 308.717666459107 4.99850951053533 -134.457755351818 -273.110731555514
16600 2540.51025054997 561648.654327536 319.229799148429 4.83391023013058 -166.671256251984 -278.578394518564
16700 2075.92717274602 603413.225223985 315.503259991982 4.89100553796286 -159.279091027099 -278.104226510264
16800 2502.78962300219 753398.753593539 304.823877685747 5.06235995546577 -131.05891772796 -274.397638220984
16900 1752.94452829526 593632.765015361 314.932101943131 4.89987582194708 -163.253590703746 -279.941118244314
17000 2003.47609980503 583693.741199456 316.017054353746 4.88305352703768 -165.997044451761 -281.126168327046
17100 2050.86108410101 748582.735426828 303.969938471502 5.07658158443451 -134.61142380739 -276.63488253901
17200 1673.10647021975 653133.653270136 311.227013349604 4.9582077572833 -153.275702080503 -280.148637880885
17300 2112.4281781908 527767.919049492 319.012569277952 4.83720185495766 -177.922607602527 -283.007534162401
17400 1928.34800915511 756008.277979486 305.24217096948 5.05542267297139 -132.603672743435 -276.636248456134
17500 2396.52288287874 694177.429447374 308.861984995561 4.99617391207369 -142.534206815574 -276.355305051775
17600 2026.7023540294 526156.327896296 323.534349709056 4.76959615958492 -173.903216474328 -280.152213005755
17700 2360.01140117063 698016.053199729 310.885478003383 4.96365478946344 -139.298642087049 -274.741306707977
17800 2196.31148957313 797174.676230049 304.302962270672 5.07102586301323 -120.739034417189 -272.147206627909
17900 2113.692539955 510320.111301347 322.027175736547 4.79191915507332 -177.940745423968 -280.511806829458
18000 1727.76967886665 648540.959123824 314.123430143248 4.91248994435854 -151.450640269918 -278.603866314844
18100 2032.19304991826 805966.014843908 301.693515395771 5.11488684084508 -122.083264788377 -273.848516811346
18200 1796.32250451217 568663.543199164 317.226621755951 4.86443471649514 -168.527842394498 -281.121688780861
18300 1887.25397570277 558472.304479167 318.113984939092 4.85086561712015 -170.815511481537 -281.700829207758
18400 2068.76358000877 803657.720237343 301.204459899339 5.12319170965073 -123.486855297966 -274.572138079246
18500 2167.3697553691 611405.581778365 312.612419164483 4.93623444644467 -160.369602928191 -279.665434573708
18600 1821.87214689318 527652.034843169 321.63695745363 4.79773283543944 -176.754619104977 -282.680773359002
18700 2233.8160449384 749646.03107774 305.149103273017 5.05696453082965 -132.543805563196 -275.320718191454
18800 2283.64968212775 708781.859343848 308.69099711494 4.99894135652923 -138.412432420463 -274.973278805261
18900 2575.92891726178 484361.609479748 325.102627448366 4.74658788204105 -180.981524708375 -279.264848597463
19000 2515.86641038118 687784.640904475 312.473176652667 4.93843410303791 -139.654700313197 -273.793636689017
19100 2284.55760565102 773385.671424313 305.416352525043 5.05253952222348 -123.958623141136 -271.385970166601
19200 2281.67813162116 547058.933457937 320.562829895676 4.81380886351769 -170.01000795318 -279.465339390751
19300 2315.62030944728 580014.88029813 316.392717543164 4.87725572146141 -164.578921527989 -279.118414644382
19400 2237.00779654375 818990.255546648 300.761810005457 5.13073183007551 -119.361887392058 -273.103370702444
19500 2090.67022066618 575684.756935645 315.896015792665 4.88492451541059 -167.079335398515 -280.585257541637
19600 1789.60806902785 533525.025903077 319.501207857217 4.82980393787975 -175.874281606799 -282.268233957296
19700 2164.50162923789 791152.298469815 302.169821080286 5.10682432265833 -125.972633586043 -275.183627802898
19800 1943.81473570621 637963.282831489 311.646989873863 4.95152605995229 -155.486055101891 -279.579334927479
19900 1921.086500195 520914.997278491 320.448000803084 4.81553384012021 -178.602757059133 -282.7898859218
20000 1988.99507958305 757125.368589093 304.681097729297 5.06473228357986 -131.895949281384 -275.87620889724
20100 2051.34592078119 722496.526895465 308.417674107408 5.0033714712754 -137.215376391141 -276.295370621353
20200 2434.97803403955 515025.496713832 322.738722696091 4.78135433819392 -176.517494336838 -280.263037331222
20300 2669.63467909766 668627.769801446 311.403963009216 4.95539034556363 -145.120993089533 -275.077547373149
20400 2439.25995277014 744343.976282945 306.858225681674 5.02879852230821 -130.507468009897 -273.06858525199
20500 1975.83989699112 571658.790640774 319.938154195121 4.82320777197774 -165.400511704421 -279.554887521957
20600 2001.08455711599 613719.131346918 314.702488153634 4.90345087806482 -158.806570217785 -279.354423505086
20700 2049.96631330038 770454.167362672 303.016443672212 5.09255594569449 -129.88689172315 -275.601350652408
20800 1848.75109817837 616492.252609693 314.015059223849 4.91418531225945 -159.819569930934 -280.647613042462
20900 2184.71732245956 530065.655139821 318.206107740667 4.84946125900181 -176.841426350499 -282.117049210433
21000 2116.42675973765 742183.915679189 303.957330851164 5.07679215219103 -135.310368887077 -276.113983227015
21100 1932.47957044602 702305.528216357 309.468586456041 4.98638071649743 -142.714419034661 -278.368324255078
21200 2120.91249436396 506270.209929018 321.912160428576 4.79363124962936 -180.821102433071 -282.541816124028
21300 2135.04447661411 710111.638606781 308.096551131556 5.00858638695767 -139.690247286958 -276.243833469958
21400 2378.64534334267 731593.14033633 305.848038661296 5.04540816616129 -134.437810855077 -274.095537123016
21500 2122.32864285131 545802.120565293 321.518830794899 4.79949553203775 -169.461260973858 -278.990803848522
21600 2200.16283904929 646489.258971673 314.923206875719 4.90001421989551 -148.212639701895 -275.286323934603
21700 2563.57993791086 779258.377979352 306.618685811513 5.03272717310752 -121.847707685953 -270.979329429026
21800 2528.56949833229 571112.287213454 319.867593324029 4.82427174266108 -163.530841212371 -277.550933773178
21900 2179.53155797848 574122.925208103 317.748529550503 4.85644479314845 -165.493205848267 -279.355015246988
22000 2222.21209268411 778425.421030919 302.522978454302 5.10086275016368 -127.470688012376 -274.452981707745
22100 1984.97052665947 632294.817796382 313.165640946574 4.92751435694498 -156.54780504183 -280.137816430963
22200 1921.75517715601 522956.675940551 319.912876543185 4.82358887375955 -178.707572500769 -283.128386629302
22300 2283.94025001627 747239.505497928 304.048008427328 5.07527807811624 -134.875457287631 -276.680485301003
22400 1953.67575934045 684667.935983136 308.704611736501 4.99872089109987 -146.679738323802 -278.600378369456
22500 1872.43207850001 529097.059430888 320.648627991519 4.81252080051605 -176.45975474022 -282.349615302313
22600 1843.94097275345 710641.732985289 309.154299934737 4.99144987532723 -139.503709762354 -276.628394505562
22700 2239.68263904579 720967.874816958 306.680418032742 5.03171412692339 -136.352458953616 -274.356436191481
22800 2048.72898458391 565753.27138725 319.963180209038 4.82283052336824 -165.945264217644 -278.929205703948
22900 2414.12651089829 619558.719048244 314.670037590228 4.90395654979908 -155.366611859443 -277.048939251128
23000 1868.00755128104 762974.711695399 305.955752068466 5.04363190243537 -128.899108711352 -274.598725280429
23100 1852.45473394737 602232.918601439 315.336824032926 4.89358702903976 -162.529235884314 -281.059382768791
23200 1764.14312169219 587404.437802213 315.270727553564 4.8946129691154 -166.556787113991 -282.144192418023
23300 2096.80965570601 724290.960650111 305.229326362354 5.0556354143841 -140.245888383809 -278.229963178051
23400 1492.09417997437 659727.342121336 311.748175428741 4.9499189201152 -152.233852709834 -280.602228595249
23500 1740.07198822211 563265.277303545 317.53776405312 4.8596682554204 -170.268309659247 -281.902699955028
23600 2153.92827171865 721491.366819055 306.965038598015 5.02704867926968 -138.339164045122 -276.571515639186
23700 1990.04936335751 689414.029237635 310.351482095046 4.97219533623342 -143.421121838584 -276.964876693943
23800 2035.06432219061 529501.144758801 321.081375660566 4.80603457205021 -174.333492973792 -280.447242596883
23900 2264.19837737747 696536.640846965 310.208496103965 4.97448719569869 -141.285928826316 -276.14721523168
24000 2235.48401061703 712201.940870537 307.823735390906 5.01302535981022 -138.48904387862 -275.323320121857
24100 2140.12870556474 553319.465539022 319.420296649802 4.83102735815794 -170.663598356547 -280.976955108806
24200 1895.93255442 638501.113991699 311.92133703768 4.94717099676868 -156.151307395042 -280.458536452727
24300 1822.72125730079 776257.021398801 301.871308445434 5.11187432754993 -131.325498088854 -277.582619410763
24400 1436.3421705404 591726.842957571 314.892965155494 4.90048480792235 -166.717001793859 -283.015437166621
24500 1748.65398049323 564620.801033359 316.330075872319 4.87822154630967 -171.773502447239 -283.250946305623
24600 1864.56496798989 784084.142720224 301.620596766318 5.11612339611431 -128.657396386963 -276.266556203176
24700 2181.12375728665 638469.770136046 311.278716024242 4.95738421044484 -155.114900733667 -279.159942130943
24800 1675.04816590734 530470.818347869 321.760016335855 4.79589791621403 -175.594809020832 -282.127578149142
24900 2073.17880392285 739991.617181804 306.301294621452 5.03794211439172 -134.233401971169 -275.703702123374
25000 2196.32292969824 743074.464839516 307.163643067238 5.02379831303255 -132.93274997329 -275.39237267425
25100 1794.03883356229 544489.794566892 321.540398899854 4.79917359419193 -171.931916218868 -281.205436172467
25200 2466.18947238727 639500.434021057 311.591350823432 4.95241022508534 -153.368652199546 -277.738722593658
25300 2150.8228724124 747747.81891223 304.886855121842 5.06131427427213 -133.230311544002 -275.523299196965
25400 2022.35275654165 550498.070090568 317.182911381582 4.86510507500098 -173.864537995674 -282.846651128197
25500 1655.16185089992 614539.413922357 312.684514605765 4.93509630245586 -162.501857829208 -282.436807785361
25600 1675.22312215474 750242.166800096 303.986537149339 5.07630438616441 -136.734834474185 -279.080898287365
25700 1682.49831900804 612787.664466545 312.783959835399 4.93352725848916 -162.742993831884 -282.374103282142
25800 1830.08666853683 592442.051619413 314.22661735651 4.9108767578252 -165.694299447787 -281.886904856816
25900 2081.19605067012 711400.115516535 306.605239393218 5.03294788738778 -141.447906011096 -277.587090877626
26000 1819.23338908791 656527.817156728 311.116268470525 4.95997267983534 -151.292930437703 -278.779811328105
26100 2090.08540489044 583673.06804421 315.403315847698 4.89255538648574 -165.076020733184 -279.977481984265
26200 1970.12604791949 679943.807594011 309.47970369609 4.98620159395485 -146.037812111153 -277.377154626904
26300 1975.56783147234 681621.277307802 310.320798749336 4.97268696808361 -145.65191217182 -277.673109099062
26400 1865.98013721748 598748.144209213 316.09460937583 4.8818554511677 -161.73906328915 -279.866535985394
26500 1980.37761532737 656133.721125802 312.044043232437 4.94522560303023 -150.586061397897 -278.376363678101
26600 2122.77883178673 699002.909929022 308.316551583261 5.00501249103196 -142.348059380553 -276.861433366491
26700 1736.05033982809 638032.491061282 313.434163056119 4.92329290725666 -154.247008044849 -279.065453352469
26800 1844.71252583528 629951.392141888 313.4808383277 4.92255986074975 -156.357301234178 -279.613191277716
26900 2065.61000583436 691037.917444242 308.829151648896 4.99670508314087 -145.035730089579 -278.237442760764
27000 1802.33104936267 631847.633160986 312.080345794841 4.94465035257478 -156.757791659983 -279.832389150667
27100 1784.51437546467 618126.710809843 313.223818445953 4.92659913132497 -159.758687439675 -280.601808433708
27200 2190.85953845139 662174.016256149 309.31315946981 4.9888863264375 -150.889125342017 -278.727186309084
27300 1803.96659035929 676110.814591991 310.000549053228 4.97782406056693 -147.456996736771 -278.275744698898
27400 1878.55580607217 635172.243355988 315.147265409268 4.89653048349358 -154.172992015654 -279.111034458237
27500 2243.32341362843 636335.232277557 314.083267696081 4.91311811414071 -152.896399224648 -277.640613800183
27600 2382.2783694524 698239.449855464 310.196900666154 4.97467314648283 -139.467286569431 -274.653212257397
27700 1903.14288578259 617719.846316867 315.82271505915 4.88605827980774 -155.267742265366 -277.03332739891
27800 2480.5614587963 613803.792673677 315.277892059282 4.89450174189811 -157.02662975885 -277.811553200274
27900 1579.53187041497 718630.388725306 309.336434858941 4.988510947861 -137.676829936284 -276.424691005012
28000 1944.34953587366 635566.069063932 312.409890256441 4.93943450573682 -155.99406241477 -279.923683082019
28100 1817.61671492147 610961.527061321 313.324008486185 4.92502377753206 -161.989032233562 -281.469573041453
28200 1987.42346569856 686303.167394543 308.424441963043 5.00326168070372 -147.279038101596 -279.394739100288
28300 1731.67113911716 664577.022240205 310.616723771083 4.9679494817007 -150.747558619843 -279.590253130588
28400 1749.2832344731 607327.419310734 314.99943470389 4.89882844811043 -161.347262823356 -280.752205888651
28500 2094.76432514667 671267.083707747 311.126814152955 4.95980456093859 -147.69409997629 -278.04752183695
28600 2215.09366449691 671959.73838761 310.881765852323 4.96371405905854 -146.603690593487 -276.98884482063
28700 1951.48492734956 627753.286327382 314.32815148506 4.90929044877313 -154.715666668341 -277.87346487594
28800 2167.09435955489 635662.675661802 312.935583718008 4.93113686060279 -153.175023260331 -277.332049939961
28900 2371.94905573961 672145.241068503 310.345732050808 4.97228746040395 -146.697064399882 -276.893336086473
29000 1733.3663100245 637048.447357943 311.505699195982 4.95377194012515 -155.587941947872 -279.44709355567
29100 1624.83886505345 654366.429275263 310.142074667612 4.97555255448631 -154.186485822294 -280.855777231991
29200 1740.65413274726 667938.113905055 308.924396802185 4.99516453811913 -152.012296809526 -280.801090640486
29300 1575.4775678521 649829.415118298 310.312458317355 4.97282062161994 -155.245543183738 -281.105686115736
29400 2097.43009973105 631899.998757864 311.432565711083 4.95493523081875 -157.953708853026 -280.783021282707
29500 1589.71063584269 671613.99796574 311.023992394873 4.96144422809344 -149.135266523005 -279.512953997254
29600 2004.98271403299 641954.757913815 311.692093853242 4.95080954024035 -153.750801170642 -278.638553957684
29700 2044.95808159596 638316.26015964 313.389704426677 4.9239913439057 -153.716767402282 -278.573013953252
29800 2355.76418040832 625687.644978295 312.781935123574 4.93355919438398 -155.862671119294 -278.01138093948
29900 2071.65360315678 676432.587559233 310.361331106802 4.97203754850212 -145.998905103084 -277.032232753878
30000 2255.52250094633 632425.494043328 312.960606130402 4.93074259711506 -154.804395119645 -278.339015648731
30100 1993.87473282103 611455.969181338 314.417383570346 4.90789718540123 -159.492951811577 -279.48746302708
30200 2203.28783814451 690834.803305938 308.189694071717 5.00707266190097 -145.403263495636 -278.290100048882
30300 1874.8215668176 660159.971368572 309.491224140288 4.98601598850713 -153.461077225111 -280.983680176332
30400 1534.26870259126 589031.50579324 314.245574962636 4.91058049759204 -167.927717676137 -283.458399975561
30500 1590.83640200167 689561.150286728 307.352999642127 5.0207032098691 -148.272264725544 -280.554000213052
30600 1548.36808073428 703055.463499828 307.387534989351 5.02013912802151 -144.984399347536 -279.869966503219
30700 1820.42238771385 564369.635867332 316.384380109519 4.8773842480212 -170.763148990305 -282.210132138867
30800 1613.09324318721 668257.54445672 310.341766690831 4.97235099329513 -149.323670111828 -278.76523098304
30900 1885.37547246543 731127.50300249 306.819042616667 5.02944073713857 -136.436544853803 -276.448485174947
31000 2013.49367624056 576492.373517418 316.692703639638 4.87263575741243 -166.312515490838 -280.264335653513
31100 2025.95045752301 633345.811536239 312.909223407697 4.93155227276744 -154.746979168538 -278.441057839846
31200 1961.72848025665 744989.310284158 306.543298872921 5.03396485109868 -132.585696154948 -275.123975052166
31300 1953.91210918128 585058.207093802 316.942589700986 4.8687940403401 -164.003709085852 -279.739936200733
31400 1735.93683298002 609027.129768116 314.650111028064 4.90426711379258 -158.979434036245 -278.58576579847
31500 2136.27832080439 772203.845871181 305.889610788115 5.04472246667775 -126.635734769232 -274.06589234714
31600 1857.80353322029 597480.662465406 316.735134327704 4.87198300605815 -160.703263115079 -278.819536749218
31700 2250.49086170418 579743.064182432 316.95316199819 4.8686316367304 -164.309653581754 -278.998264567586
31800 2021.66044322101 748476.236067078 305.805939792035 5.04610274383661 -132.051889761864 -274.912853446263
31900 2119.42449147703 620325.362078822 313.56984312149 4.9211626236272 -158.073642396541 -279.480570079813
32000 1786.19735703289 566222.027543379 316.539782675347 4.87498973691026 -169.847095878334 -281.714794315163
32100 1843.49166273388 753110.498724011 304.026173103675 5.0756425873239 -134.310428851431 -277.219342352073
32200 1921.19023143535 651521.241557002 310.299429750906 4.97302941582867 -154.052678070363 -280.235198988464
32300 1831.08109879122 549678.223175279 317.78630466488 4.85586750975131 -173.826303424241 -282.85312493712
32400 2432.8450698901 706029.072853925 306.927329108176 5.02766630899215 -142.09683856197 -277.350112844658
32500 2098.95118157988 688412.382465462 309.323615055626 4.98871769486018 -143.36555847202 -276.273641191541
32600 2163.40947148162 546454.179084011 320.060551628314 4.82136328271456 -170.059770795207 -279.222791222249
32700 2319.6083486232 679755.109517414 311.225409630724 4.95823330651915 -143.604294798682 -275.647838320968
32800 2174.15046342451 724019.885922767 306.922057274275 5.02775266649257 -135.748707595433 -274.446081383466
32900 2052.66307037702 570260.88055964 316.971306113888 4.86835294583943 -166.600034781949 -279.419275444039
33000 2226.73030339451 600058.09588216 313.883588939364 4.91624362102034 -161.478929069233 -279.036756629189
33100 2061.79213424797 731581.02560846 304.797986144606 5.06278998554148 -136.746608703231 -275.922550496825
33200 2071.00846735704 615979.300342972 313.503195235648 4.9222088173813 -159.663225442753 -280.193940290051
33300 1922.30447949478 569479.726031394 316.98408318473 4.86815671109526 -168.97632468796 -281.645564842432
33400 1743.82652882609 766320.307266238 304.124635453082 5.07399931467959 -130.832586750873 -276.295264606676
33500 2280.56938092362 653797.174491185 310.21560689374 4.97437317006006 -152.222209580288 -278.811313383893
33600 1697.70780822469 519256.340239556 321.619921670986 4.79798696501371 -178.488572312835 -282.723769542983
33700 2529.14768282588 711806.129606838 305.589469687207 5.04967724655442 -140.334728756607 -276.100331152259
33800 2055.12123665144 732739.592839843 305.070110642665 5.05827394435772 -136.478184773594 -275.998985796398
33900 2093.25698769957 468079.930318899 323.799790821794 4.76568619130269 -188.620094588291 -283.219025183728
34000 1940.52870160628 679560.409993306 309.875565900995 4.97983178305561 -146.630352167387 -278.063541089199
34100 1754.40141267575 827230.79182451 301.065260622184 5.12556044718371 -118.406038308318 -273.851118132758
34200 1957.12750641402 509669.439632525 321.325973638396 4.80237614903388 -179.855812368989 -282.073033083221
34300 2312.55543804991 599809.238434215 315.210061153026 4.89555500297616 -161.282413611515 -279.288080731835
34400 2300.19402309781 799377.814640157 302.446635523869 5.10215029898833 -122.10676358371 -273.007198429895
34500 2104.95038246102 588273.683708376 317.223122669949 4.86448837297289 -162.208021268197 -278.683337770795
34600 1755.49360735482 593961.759698 318.808787833622 4.84029377719487 -160.372948316418 -278.562316734219
34700 2615.0500704477 745125.451712364 306.837621192051 5.02913621175634 -130.510282695529 -273.211490142445
34800 2171.48111627375 627278.842761397 314.232252699846 4.91078868769118 -154.179514565114 -277.206686560126
34900 2181.50698416739 569483.668486643 317.257988953172 4.86395377137024 -167.088094943364 -279.855473197725
35000 1906.41291768641 724583.166381994 307.010537513595 5.02630367140994 -138.363712550375 -277.209006676358
35100 1617.22845865839 676875.69112066 309.818410742126 4.98075046014785 -148.477276549952 -279.367069836135
35200 1572.76262089442 622954.175536254 314.714704629705 4.90326053776792 -159.198434720299 -281.565002543341
35300 2024.16399353449 656598.025720764 310.149121441166 4.97543950695616 -152.412742126468 -279.516903757412
35400 2104.99378562879 678872.66554344 309.205388490281 4.99062516148428 -147.433823884269 -278.450029829614
35500 1914.12857719744 610643.173031352 314.808367658536 4.90180170032808 -160.046382415997 -280.030404478379
35600 2030.82593441584 625635.272222326 313.615006432108 4.92045393306197 -156.118546429722 -278.582338603779
35700 2057.30172180366 720348.040587676 309.237130862527 4.99011288703272 -136.183260508391 -275.218105479451
35800 2350.87859109452 629363.572317321 315.023215515314 4.89845864007792 -152.440078682561 -276.186829605201
35900 2551.74671046816 611892.871330183 316.227388926179 4.87980562691346 -154.316269049113 -275.087785173139
36000 2802.67152822858 688660.09032345 311.468908013748 4.9543570872185 -137.270059315476 -271.14807233445
36100 2957.89970834649 645147.216292175 316.020572188853 4.8829991705222 -145.199579071488 -272.451347174877
36200 2417.27668565658 583517.459610725 319.485925295699 4.83003497082973 -159.696454241741 -276.054181065176
36300 2019.03331088269 723720.17274719 309.186332471172 4.99093274768217 -134.712271522588 -274.375027746454
36400 2217.25337182919 701622.222802326 309.983440054086 4.97809880294533 -140.295957572726 -276.04334260968
36500 2184.66016841708 525473.236103537 320.332952080129 4.81726335628474 -176.231231600482 -281.292311300593
36600 2020.72416779223 698801.970587715 308.883265480812 4.995829701114 -142.623501955 -277.345384718578
36700 1636.97070468643 748330.120331998 305.963492017533 5.04350431383393 -133.588112394178 -276.49477517364
36800 1729.05518032069 508438.918099292 322.001829037561 4.79229635582634 -180.968882551197 -283.153792629363
36900 1640.23504623659 642381.702070439 311.53589528445 4.95329178827742 -153.714871503434 -278.623056506061
37000 2051.42537823719 802900.244837986 301.5393297655 5.11750222787247 -123.126642003867 -274.23733529952
37100 2000.22669647347 550439.637789889 318.652945292435 4.84266100365071 -171.09148594025 -280.567072298837
37200 2201.9393355302 567272.54796633 316.336512086308 4.8781222935312 -166.633214073342 -278.636491631078
37300 2714.96078718276 784713.702702989 303.608962534617 5.08261738712728 -122.995187456253 -271.696727620119
37400 2562.2127410038 579921.510215172 316.803609774163 4.87092995236436 -162.528194521015 -277.197975173677
37500 2059.93616740557 591948.375590649 318.585443210809 4.84368706967263 -160.053154100094 -277.759371608256
37600 2126.50652155918 743076.882235003 306.495328044432 5.03475273738076 -132.260523144253 -274.410650039043
37700 1793.08765972838 652521.151389262 311.229612089452 4.95816635668524 -152.178719540681 -278.933733627483
37800 1632.59514014947 583510.265630274 316.527996549409 4.8751712603256 -166.507146488198 -281.786165588755
37900 2201.53249542601 702671.387152196 307.776940844565 5.01378754247037 -143.457633370001 -278.4402959897
38000 1794.26398348789 699832.473759938 308.221969124618 5.00654835295732 -143.907676170388 -278.539374438114
38100 1874.57104228798 574413.732762929 316.359137309587 4.87777342228629 -167.70212595234 -281.123483059787
38200 1833.19304297701 665070.100311354 310.666601508015 4.96715187398832 -149.143626571674 -278.102619434397
38300 2051.53791028434 734763.540636695 307.6910766942 5.01518668804218 -134.66263815272 -275.770802536698
38400 1893.11360772054 598319.187284158 317.396929814697 4.86182457015899 -160.169089137514 -278.698273090229
38500 2051.89651875862 648947.765677131 313.497753547619 4.92229425698812 -149.569475124832 -276.549034935831
38600 2587.0611073647 717638.485400457 306.928147472529 5.02765290369543 -136.224474236183 -273.702118477597
38700 1961.87012968971 587056.074313715 316.138172546257 4.88118274182891 -163.232833900992 -279.069531365795
38800 1986.16472148098 598186.122460045 314.963680012404 4.89938456334187 -163.121693273513 -280.716042249651
38900 1906.75991162165 759367.565334815 303.869271490059 5.07826337391474 -133.154985158383 -277.176863441749
39000 1917.90270632635 629387.033487294 311.060093301439 4.96086841448582 -158.495543824475 -280.690064440196
39100 1724.9237327246 556369.129067433 317.497282936584 4.86028786638259 -172.789683457076 -283.043258383873
39200 1923.33499840546 731718.341626257 304.907340201537 5.06097423186383 -138.09952953885 -277.351536619182
39300 1836.27641136854 719935.18964407 307.597019392136 5.01672023648214 -139.235116027664 -277.453295167121
39400 1849.92633860668 530185.30227394 321.908647301015 4.79368356458952 -175.053588235135 -281.578202392117
39500 2407.32670960501 675960.551664153 309.585260501897 4.98450148874793 -145.193007769303 -275.807470954821
39600 2341.76721254289 786794.555110574 303.57649670921 5.08316094491417 -123.771231010004 -272.851144908598
39700 2211.37048003747 512179.792961104 322.59593936585 4.78347060071357 -177.634655069522 -280.761321472689
39800 2532.90653486862 598826.393368123 314.990968246416 4.89896012084682 -160.818452251585 -278.548868006987
39900 2111.27532713825 824335.839596157 299.795584993779 5.14726790222124 -118.080771772152 -272.328599812988
40000 2166.1067452122 562306.848037257 317.043847534936 4.86723903921863 -169.048034895675 -280.319125563261
