# step temp[K] press[bars] vol[A^3] density[gcc] enthalpy[eV] etotal[eV]
0 335.305349963062 347257.864526468 326.521539670211 4.72596139729309 -228.476448116683 -299.24716069908
100 329.367386069816 349230.072312044 325.985223883674 4.73373661996648 -228.130085968502 -299.185830020143
200 348.570464243706 347905.601130628 326.336820451669 4.7286364735991 -228.450028055017 -299.312637567949
300 297.648788653957 341371.323808751 326.917674808628 4.7202348198807 -229.86886185531 -299.524308321976
400 257.796670747108 350505.540921935 326.179813519716 4.7309126068062 -228.195928736942 -299.553754778919
500 301.310735275621 364531.525092005 324.455613305427 4.75605330462719 -225.551174291849 -299.372191853203
600 253.210124545356 345004.92619828 326.300050888456 4.72916932640514 -229.618857217249 -299.882729503022
700 235.578204858566 334895.325850493 327.590231211468 4.71054398099554 -231.662570034318 -300.137196411001
800 263.812527802315 363438.570333078 324.42362361782 4.75652227374159 -225.711850789256 -299.304278308906
900 315.696558741454 361409.184771556 324.833210040289 4.75052471289721 -225.86998283585 -299.143873463623
1000 271.83957203785 333011.905328033 328.071035477577 4.70364044670926 -231.481572175598 -299.671038571672
1100 292.467858388567 340455.973921012 327.280879813641 4.71499646647492 -229.912296781109 -299.45814936519
1200 319.245736454071 371638.58673529 324.404256825755 4.75680623603829 -223.539166096008 -298.787517034645
1300 309.300817215092 354677.118064646 325.792333413775 4.73653930310956 -226.951687184409 -299.073008338947
1400 333.346576790497 322401.663138483 328.873161607353 4.69216820346224 -233.555709150112 -299.733969949606
1500 356.414199753872 343916.21915862 326.978865849673 4.71935147201705 -229.173332045738 -299.361189181199
1600 328.556862866841 378807.372409045 323.628114017862 4.76821427133784 -222.193947507814 -298.71030853845
1700 279.763235247714 338722.186884012 327.118536023731 4.71733644514163 -230.517354765852 -299.674720319681
1800 275.789897609083 316439.355180686 329.052934252621 4.68960471472784 -235.231114146628 -300.221019026155
1900 277.683291116543 369483.727531553 324.3648923271 4.7573835158152 -224.489320494643 -299.292283524863
2000 238.664915005466 381288.757167329 323.573278509444 4.76902233390414 -222.149095628742 -299.153628659544
2100 261.548309966917 324817.394261475 328.54525285996 4.6968512813176 -233.585055308906 -300.192706170687
2200 299.679697101906 321087.61735703 328.81122084063 4.69305210424693 -234.097131413365 -299.993249263036
2300 311.966957237415 384832.707110201 323.338759642694 4.77248132445165 -220.845461042282 -298.509395188709
2400 308.078683305599 364537.390758399 325.141378682427 4.74602217078413 -224.829231212776 -298.807466327622
2500 319.439596556042 306807.808932882 330.709082576164 4.666119780701 -236.622841611776 -299.951775109051
2600 308.771776665935 345191.611960827 327.148058243155 4.71691074724088 -228.771675241488 -299.256272646835
2700 307.5032065006 396921.953162435 322.696052493934 4.78198657820622 -218.347666076421 -298.292133763782
2800 271.767119710117 345996.654529317 327.046397263658 4.71837697885441 -228.771094379128 -299.398119135197
2900 302.679787139685 312171.184122051 329.486003972455 4.68344079342177 -235.816033603345 -300.013727185622
3000 314.772613851825 361125.713043036 325.081113606901 4.7469020108382 -226.00527031994 -299.277565193892
3100 236.639054412389 379500.796167145 323.812026341048 4.76550611570199 -222.446354036365 -299.146344209061
3200 223.363614852226 338793.640119433 327.285446533388 4.71493067660342 -230.773773691605 -299.981022574085
3300 225.8863133921 331200.75897043 327.909550190012 4.70595684380626 -232.306674907006 -300.091898255735
3400 208.20750142422 372812.978228726 324.16347599626 4.76033947724549 -223.676058703797 -299.10616950566
3500 264.440821980483 370467.082409272 324.545374310928 4.75473790111005 -223.813158388568 -298.856936605509
3600 324.094489512205 329798.531526628 328.523426550929 4.69716332885897 -231.974054339494 -299.598653532275
3700 314.75312302377 335013.945453105 327.936314194339 4.70557277457123 -230.888845227379 -299.460090951926
3800 353.32177615957 368406.365721988 324.635635163539 4.75341590607806 -224.077895082179 -298.724998278642
3900 352.599644418522 356767.901791795 325.563457720144 4.73986915691441 -226.52121528679 -299.016718566795
4000 269.282263156552 328013.498230024 328.520325883805 4.697207662006 -232.541569086818 -299.799515594468
4100 274.844988742007 343496.975578319 326.964388857906 4.71956043059092 -229.498574074711 -299.597766451147
4200 300.252081800082 368997.327272428 324.340904138053 4.75773537095802 -224.404081536596 -299.103046820423
4300 266.465470228001 354213.892168623 325.876711953962 4.7353128814069 -227.426376923627 -299.472158713789
4400 311.370442382387 328938.549041914 327.887614840915 4.70627166754932 -232.578485590869 -299.896210120335
4500 298.2828058287 347064.139935263 326.366587858229 4.72820518176462 -228.777978451791 -299.475644482109
4600 343.202289027004 368019.58212191 324.637079081945 4.75339476386984 -224.302211859387 -298.871275994965
4700 387.770032633865 341543.120346561 327.006284925728 4.71895576018242 -229.457043909169 -299.166434183255
4800 356.518000133288 327642.201575362 328.526711348781 4.69711636393503 -232.190857490625 -299.373976817757
4900 320.930371613325 364297.375137421 325.377408942521 4.74257938460232 -224.716680528682 -298.699875268322
5000 332.93949138497 373016.621421446 324.445365638687 4.7562035254484 -223.089190763869 -298.626133245792
5100 282.298613449328 332007.8512711 328.165004537662 4.70229357344232 -231.66608298791 -299.669425952259
5200 315.056686175335 332563.860110289 327.617145081737 4.71015700805623 -231.735216981045 -299.738724963277
5300 313.913780192019 368414.827488486 324.379433677369 4.75717025081476 -224.533540663716 -299.123445770339
5400 233.11494391643 363567.410788921 325.023060055091 4.74774987228464 -225.522355751173 -299.276896771417
5500 265.957916093301 332782.16518962 327.670900590607 4.70938429102104 -231.767182132198 -299.826495053199
5600 329.668701088476 339163.338900526 326.954051676983 4.71970964712396 -230.399372534651 -299.611989143259
5700 295.003129811683 361166.845398185 325.318453707752 4.74343884977512 -225.837110335842 -299.171252782348
5800 242.055327471558 358111.173628082 325.666655887964 4.73836717381648 -226.361297382772 -299.152820883193
5900 299.275563018071 337983.533816074 327.249441697928 4.71544942555021 -230.32145525139 -299.355623924069
6000 335.528120545846 338059.495152981 327.531102617076 4.71139436693506 -230.175582949758 -299.284697455949
6100 312.437125846929 376504.608360458 324.615390714274 4.75371235008502 -222.277077265384 -298.560302333692
6200 312.916455071188 371155.180683524 324.64771867888 4.75323898207485 -223.293848492996 -298.500720323131
6300 354.481483451347 310961.140373737 330.07116017054 4.67513790380482 -235.599060312224 -299.661480633028
6400 356.336488314134 335214.31819919 327.674172492311 4.70933726673965 -230.772939104017 -299.33035105176
6500 265.884468558981 396378.703958912 322.561999726401 4.78397391253467 -218.523827219807 -298.32571383963
6600 250.8395708315 352507.60607055 326.367302687117 4.72819482577117 -227.542686585579 -299.349354933254
6700 299.441391034708 308848.391835523 329.981281263938 4.67641129810583 -236.600096332317 -300.209934608058
6800 259.589799672767 363395.628954003 324.955774943024 4.74873293800266 -225.520990893955 -299.225422470411
6900 270.455943768156 391237.011085866 322.588055478383 4.78358750629416 -219.926708751505 -298.699794386804
7000 298.983284469438 330596.521302014 328.080578770126 4.703503626002 -232.113950249547 -299.810797661899
7100 281.971535627796 314883.441075245 329.606280136739 4.68173176562639 -235.162812027227 -299.941917006901
7200 356.417111373146 369928.737187317 324.488514182612 4.75557107392004 -223.677786802473 -298.599386441066
7300 353.001319306596 370114.415201604 324.919757558402 4.74925933547994 -223.458491708435 -298.517317035217
7400 340.027056679247 320172.005983083 329.277525923854 4.68640605682567 -233.690518234423 -299.491911526726
7500 285.796822688862 345713.892738607 326.766878394414 4.72241311435345 -228.586420560766 -299.095412265348
7600 321.495306582471 381091.949023918 323.744591489309 4.76649875374699 -221.618536152343 -298.624070409407
7700 293.728691943772 347476.021126519 326.680968482523 4.7236550051696 -228.540257520214 -299.390006662125
7800 294.390027483619 323299.487749056 328.924184325639 4.69144035434744 -233.47808128195 -299.850931152582
7900 318.381172110241 357659.131800751 325.812243103117 4.73624986332306 -226.448486298635 -299.180625359666
8000 319.79346223651 374118.806345778 324.492982039598 4.75550559573523 -223.123211852418 -298.894468707226
8100 229.412226549478 347304.303091662 326.848597949918 4.72123240407037 -228.567081538924 -299.418154768049
8200 295.92633287169 332037.879054801 328.214619484385 4.70158274573608 -231.628323771993 -299.648099451123
8300 396.60910874328 359931.246232174 325.431045002968 4.7417977343005 -225.792513443248 -298.901063962218
8400 338.192940028896 365529.164047087 325.050602908591 4.74734757621745 -224.53344217955 -298.692235018029
8500 341.031873965168 333902.274366767 327.915538279506 4.70587090798607 -230.924090075703 -299.263467186608
8600 350.399246331243 336220.571833453 327.932844160184 4.70562256677271 -230.464160964373 -299.281652911427
8700 343.624881440915 363251.341201466 325.159576484481 4.74575655605754 -225.093346342832 -298.814719900919
8800 306.787022598503 356083.395332621 325.898661538492 4.73499395358474 -226.773121508611 -299.204031545666
8900 272.614182780397 332294.315380415 327.737739131166 4.70842386341274 -231.82164473281 -299.795046944686
9000 325.279075805 344293.695855253 326.205915576187 4.73053405282503 -229.453404797367 -299.552198709006
9100 265.771761682785 368450.449331654 324.411790657919 4.75669576847561 -224.545436673682 -299.149994933272
9200 265.196697484369 352980.148956277 325.899655475685 4.7349795126778 -227.636007112101 -299.435904897774
9300 308.045798987746 331873.796726186 327.811398735457 4.70736587506959 -231.87190709339 -299.7745467267
9400 302.086532895083 346628.937228337 326.691211530546 4.72350690009864 -228.745339962436 -299.424586259377
9500 310.955412193337 360067.415270121 325.507433481065 4.74068495260919 -225.884056767771 -299.037432956186
9600 301.584980486014 346123.309704351 326.654717812184 4.72403460816804 -228.679496014827 -299.247758662353
9700 351.378384708073 335387.99206887 327.853841164192 4.70675648144475 -230.849670536929 -299.480212477923
9800 334.840958861572 350397.393005563 326.431108934885 4.72727062350523 -227.742195964882 -299.132963191026
9900 262.421278889234 363485.705448853 325.684716222279 4.73810441510844 -225.081585325142 -298.969661220628
10000 285.766734682097 355736.729892453 326.170735533343 4.73104427760158 -226.732344500878 -299.153148853737
10100 298.337863432562 341366.75986293 327.307457594469 4.71461360277969 -229.761685699612 -299.499249743273
10200 296.179925219967 344746.99203912 326.773152826245 4.72232243842457 -229.165654326449 -299.478794929865
10300 263.217606327065 359148.908262396 325.532660749023 4.7403175715626 -226.271029681471 -299.243451703492
10400 305.089257983293 358451.182476381 325.314006929393 4.74350368873309 -226.460487322813 -299.242225452146
10500 218.785252260453 344488.280266838 326.85872351824 4.7210861477283 -229.402486491945 -299.681260119578
10600 222.56371666677 349284.55929263 326.505460466141 4.72619413366945 -228.512082755638 -299.692327794529
10700 258.080095222366 362381.984210441 324.989667301656 4.74823770453535 -225.88320802289 -299.389716503488
10800 259.849066501038 344087.709114177 326.426523584443 4.72733702801246 -229.552576524214 -299.656809543657
10900 290.64817692774 330409.460613425 327.731710248675 4.70851047857173 -232.101495572457 -299.68809268531
11000 271.516559502721 362437.912039724 325.517519716106 4.74053806139814 -225.344339816177 -298.981601490065
11100 369.869085180302 368257.481644498 324.721469246378 4.75215942896369 -224.066519245592 -298.703184120262
11200 372.22436914311 330019.924042944 328.043606019822 4.70403374291915 -231.85077408645 -299.421934905146
11300 284.361248490756 334901.017883409 328.121805281233 4.7029126593507 -230.923027676201 -299.509932164207
11400 255.34426021905 379744.126485157 323.808576261027 4.76555689069266 -221.953160700798 -298.701512047011
11500 280.361277771972 367074.428350779 324.767988571326 4.75147873611076 -224.704686211245 -299.112233539178
11600 281.281705787531 316119.104399194 329.342921894072 4.68547550070757 -235.285013393843 -300.266361896563
11700 233.111385936048 340032.222570662 327.31148978532 4.7145555228698 -230.505871996788 -299.971660157216
11800 226.785522226816 390398.853308765 322.442885845564 4.78574116411181 -220.395779968477 -298.96473469455
11900 241.410754346489 353449.300393254 325.49447518418 4.74087368454701 -227.958543111466 -299.764486174367
12000 239.644233930694 315621.292257855 328.973616426616 4.69073541102755 -235.708652952818 -300.514919887396
12100 280.808639258281 351210.883802495 325.811537501093 4.73626012050277 -228.3096016789 -299.730295989925
12200 261.06974233772 375841.244134399 324.021713127689 4.76242217526334 -223.060546405832 -299.070102024998
12300 213.792112435274 343893.124177603 327.208507870128 4.71603932889973 -229.331247728207 -299.5636821878
12400 312.510718291488 332587.558322297 328.104537924992 4.70316016238366 -231.482192022875 -299.591721243244
12500 314.970829375685 366467.363526766 324.914406885619 4.7493375460244 -224.499853142653 -298.817836250779
12600 317.572513787811 359369.399399472 325.580763166099 4.73961722080881 -225.922357552172 -298.950368707636
12700 293.038319743343 327588.872954323 328.385637146488 4.69913424129982 -232.415395584986 -299.558735140401
12800 288.77104871553 343569.63536664 326.771568465171 4.72234533473678 -229.198190220035 -299.270862379291
12900 336.363313844204 369397.742044311 324.416571728645 4.75662566694297 -224.088885605652 -298.886355845865
13000 288.154866685257 346563.919333394 326.551937823392 4.72552146574823 -228.889016151785 -299.524878953412
13100 271.146723974217 329649.300328813 327.682315791494 4.70922023405138 -232.530337545909 -299.951277829824
13200 249.304132722108 362308.467345187 325.003063616799 4.74804198672285 -225.96348086061 -299.458106366285
13300 270.131884334912 373821.023033155 324.05701131706 4.76190342432156 -223.638132196433 -299.247357204795
13400 224.580509140795 331783.002553487 327.932305909892 4.70563029032625 -232.138542118234 -300.047642700518
13500 240.982068813616 330909.811781956 327.932933400085 4.70562128623864 -232.150534557554 -299.881040696252
13600 295.026321861196 372983.33101996 324.108176236337 4.76115169257835 -223.507297848155 -298.959001941576
13700 285.437048564952 355827.855049713 325.813235792077 4.73623543289964 -226.868144346388 -299.228102714708
13800 312.282826525552 326738.029320639 328.375649139084 4.69927717207961 -232.711206773735 -299.6781186443
13900 310.528415115467 351178.331866825 326.219720069711 4.73033387293804 -227.657451588288 -299.160995121815
14000 328.00351418646 364993.21883479 324.903209886877 4.74950122038928 -224.847761667856 -298.864243863398
14100 358.684164894691 342605.501505867 326.716672881382 4.72313879257203 -229.364841491509 -299.229135196262
14200 302.81545165913 336658.169294257 327.590860094986 4.71053493805867 -230.532318362349 -299.367518003031
14300 314.554702971705 356620.890196274 326.121820370696 4.73175388912057 -226.490154804015 -299.080068520155
14400 319.199986225871 357608.844600362 325.703763881429 4.7378273234444 -226.391568614058 -299.089268701175
14500 282.252302425154 345704.606440918 326.615457289686 4.72460245657469 -228.988900550147 -299.463325883343
14600 266.740896110402 347309.127435757 326.147756393676 4.73137760912109 -228.846281478771 -299.546415133345
14700 255.499852313134 358873.96839264 325.41580702469 4.74201977456197 -226.610856201517 -299.50124127747
14800 271.492512959352 353706.291958507 325.77014123875 4.73686196653362 -227.702990948629 -299.622001549744
14900 268.296647237083 345389.983735401 326.56375015452 4.72535053610806 -229.329482296315 -299.728622687178
15000 303.449070567798 349440.300937768 326.197329010094 4.73065857574318 -228.287871832722 -299.432650709695
15100 304.405729134622 354939.743558873 325.92426818164 4.73462194292977 -226.886574127807 -299.090526793449
15200 323.456519302446 349651.571446662 326.424620854983 4.72736458366499 -227.818100946811 -299.055496852209
15300 322.315175170762 347552.510079573 326.221597507836 4.73030664939053 -228.262331046417 -299.028026995656
15400 299.818138793897 350301.258995005 326.405167539977 4.72764632832328 -227.786657033802 -299.152165847425
15500 349.494383223823 348468.842378885 326.440918089605 4.72712857474119 -228.248374255651 -299.248347624244
15600 283.745965374859 349450.539637637 326.579404866087 4.72512402458103 -228.166078590154 -299.396276552109
15700 259.053630692111 351688.112967198 326.448775521789 4.72701479550541 -227.819427980811 -299.477047377745
15800 295.890352369295 349708.192428382 326.461086219684 4.72683654194457 -228.312424638668 -299.569315724071
15900 313.11519653005 345570.24081634 326.406519653309 4.72762674442026 -229.212701348079 -299.614669920591
16000 232.944871126625 357532.645811295 325.46409801918 4.74131617360505 -226.848452588072 -299.477179873352
16100 264.363540905843 355443.114642109 325.35561249739 4.74289710271557 -227.294259050664 -299.474454099314
16200 314.196419805829 335129.825115082 327.271851872569 4.71512653177081 -231.363915280051 -299.819892810082
16300 297.084600893813 348580.599215892 326.639427880817 4.72425573935664 -228.456156099344 -299.522088909013
16400 331.725038159169 369349.187040027 324.587235370286 4.75412469657265 -224.004229357305 -298.831210971119
16500 302.596655781226 339162.899523672 327.161921735157 4.71671086806767 -229.99289969726 -299.249430416212
16600 327.074225579936 322878.013524692 328.897892133416 4.69181538944055 -233.246524586029 -299.527547971714
16700 305.963667495101 372292.606995906 325.04537045115 4.74742399722328 -223.15315021114 -298.682898873169
16800 345.614014396626 372393.121647454 324.796595809839 4.75106023823472 -223.172950457342 -298.665268696994
16900 356.862815326359 320684.416394106 329.052712890714 4.68960786954104 -233.862028078237 -299.7237338243
17000 226.989618957574 333403.449618251 327.941001507237 4.70550551707109 -231.570914670617 -299.813496666906
17100 222.83842256135 386411.652225782 323.072673754828 4.77641198784012 -220.966225073618 -298.884635220442
17200 280.854483996918 360622.628945136 325.091420955962 4.74675150555621 -226.197457734685 -299.369997010258
17300 252.310404060491 314568.420112413 329.742261838746 4.67980107633506 -235.543173928309 -300.284169911528
17400 269.030154103272 354402.640510287 326.247565832719 4.72993013121007 -227.281147190011 -299.447352842865
17500 289.951065359668 384943.861870702 323.048280105371 4.77677265875796 -221.00971049537 -298.626285519689
17600 288.513647910286 337829.104316115 327.616095316127 4.7101721006018 -230.44861812303 -299.528555346045
17700 303.561216768067 321090.272405375 329.330764966238 4.68564846052058 -233.804789026514 -299.80557298164
17800 338.42135248958 366302.303325965 324.834017829384 4.75051289941139 -224.55410511283 -298.820235548229
17900 329.523463268548 366589.507741113 324.624356753986 4.75358105379494 -224.498557844475 -298.774945710118
18000 316.189004108532 326490.711913159 328.502532572721 4.69746208585017 -232.725457542847 -299.667536474191
18100 289.895479428825 340851.131919048 327.067553845227 4.71807176751122 -229.850736833446 -299.43192588605
18200 314.101334534989 371367.429210593 324.049846354175 4.76200871325067 -223.750834170025 -298.862133316303
18300 298.688327399133 348236.70309924 326.21854267432 4.73035094576674 -228.577881192681 -299.482222749771
18400 208.985751321478 332202.670359596 327.952827135383 4.70533584157546 -232.071107937171 -300.070360782506
18500 231.502835874724 360069.100467079 325.105488151365 4.74654611535705 -226.704558170319 -299.767944554761
18600 185.641142920264 368430.486831332 324.21832296334 4.75953418598308 -225.080398499334 -299.636425609345
18700 253.388622338289 337177.780550069 326.925304054201 4.72012466679632 -231.337740923851 -300.139117318182
18800 298.481565128755 340458.196852843 326.52543902066 4.72590496009864 -230.470256896428 -299.856034428152
18900 268.962270219862 363005.681838051 325.076376437302 4.74697118498164 -225.676563783303 -299.329230438984
19000 292.59805734547 357615.670247028 325.701681163951 4.7378576197442 -226.611554092428 -299.310176878388
19100 272.387517366732 344433.473101996 326.626512732159 4.7244425412934 -229.186279008941 -299.403951149015
19200 298.545469989062 337925.75757112 327.616057026338 4.71017265109831 -230.38693452853 -299.486627516842
19300 346.170391099499 358956.511572913 325.60397535863 4.73927933516928 -226.022465457114 -298.971773569552
19400 335.728452075568 364434.168625894 324.981491568501 4.74835715849022 -224.879156646245 -298.800075907368
19500 341.355542346126 334934.154995595 327.907425353932 4.70598733834868 -230.911991976905 -299.460866852863
19600 319.391697496308 336854.294787741 327.382514012979 4.71353272033626 -230.675828280761 -299.507324613206
19700 291.745411391604 359000.225825286 325.263757123236 4.74423650982258 -226.399757718311 -299.281716890738
19800 308.796585996787 358697.065082218 325.459467637184 4.74138362933221 -226.635720406165 -299.499949687195
19900 246.732111371284 335766.108774884 327.530887539554 4.71139746073495 -231.326429314576 -299.966664402745
20000 250.957724405669 335658.353131251 327.625892694349 4.71003124684575 -231.294329430272 -299.932439891224
20100 268.62385945156 373005.571386217 324.386580178186 4.75706544647586 -223.539860018669 -299.060878888553
20200 305.473639724561 362566.327297203 324.996649957916 4.74813568713998 -225.471975407148 -299.017456669129
20300 350.534173337569 318220.086235011 329.187279481961 4.687690831476 -234.396636960519 -299.778949373801
20400 372.321648141153 338417.305103313 327.332079877718 4.71425896429885 -230.214415883849 -299.354638790676
20500 294.276906802124 378117.291294028 324.056204459145 4.7619152808434 -222.180412834321 -298.658412765737
20600 284.44207223693 350918.797890603 326.56820547377 4.72528606888543 -227.7116189287 -299.238646128354
20700 335.181968881913 336065.928028401 327.603141017466 4.71035835332191 -230.814766984345 -299.531449329301
20800 303.805911916099 355839.681422512 325.755876138769 4.73706939735682 -226.900118641075 -299.249742535028
20900 281.647867077817 354314.170036594 326.039204381121 4.73295288152615 -227.328658998082 -299.430771405603
21000 297.989397802637 345790.439232784 326.272848152927 4.72956361708297 -229.233146020608 -299.651125233593
21100 240.835914262609 344152.223855773 326.190426389938 4.73075868272546 -229.663688884482 -299.730351728782
21200 217.847839609424 351054.096072199 326.027037759804 4.7331295050535 -228.36414461301 -299.800173687126
21300 267.72229304045 357827.518878337 325.391067310335 4.74238031369925 -227.082733976074 -299.755050840558
21400 215.0627700504 347543.884422118 326.230938742467 4.73017120268993 -229.153553603538 -299.919519568731
21500 247.39007275074 333715.860073141 327.393860840929 4.71336935855337 -231.814817321747 -300.007381532492
21600 279.891196901294 355637.064675163 325.54760983531 4.74009989705274 -227.069179014088 -299.331377575761
21700 292.249152022516 363480.922035373 325.299732507656 4.74371183760442 -225.285387278608 -299.085150731476
21800 325.783142539889 335936.597084066 327.708722211195 4.70884077010205 -230.804935793104 -299.517311099068
21900 277.104679412724 342342.618069068 327.573331578187 4.71078699975855 -229.422968264976 -299.416699880739
22000 308.361703020277 368168.113911067 325.139290070037 4.74605265802764 -224.129184076893 -298.843748410766
22100 384.047838156442 357306.899462341 325.416943363437 4.74200321567982 -226.363123021577 -298.935476358242
22200 287.880812617934 327093.40343347 328.584811337408 4.69628582521897 -232.637483882974 -299.71993344886
22300 294.166797892108 340768.050532681 327.19307104037 4.71626182962696 -230.066803862239 -299.657729060697
22400 263.002369256133 384611.221859919 322.804391931793 4.78038165042121 -221.378745875783 -298.869703708853
22500 305.880588290399 341335.049063517 326.494449597695 4.72635352229588 -230.252455341783 -299.810334247381
22600 240.883881667583 304226.535282239 330.325381485388 4.67153987661217 -237.882526850422 -300.605795057816
22700 230.730254091696 372669.556009461 324.271070774344 4.7587599725785 -223.804247085369 -299.230366474954
22800 327.895329558904 399659.559327322 321.92967884834 4.79337039500817 -218.167988830291 -298.472670357522
22900 284.002793468547 309698.150053136 330.092288621586 4.67483865893984 -236.285222276327 -300.091532712731
23000 297.756583057894 309470.301122163 330.092625726761 4.67483388478805 -236.287425515293 -300.046857938541
23100 310.850622107196 416008.447491735 320.727514224912 4.81133711148957 -214.694480918953 -297.972044446186
23200 297.572581155135 377740.820525595 324.13247312995 4.76079479777226 -222.339330032599 -298.759166648039
23300 321.209528188992 281993.305639958 332.60776787337 4.63948332215025 -241.949622178288 -300.490715462417
23400 299.668825658833 339537.239317753 327.432595723196 4.71281177262707 -230.111385465707 -299.501717688468
23500 332.039220512221 418323.083642775 320.718031421115 4.81147937030062 -214.216253196855 -297.954690181745
23600 271.863323273824 348009.589714296 326.413690370135 4.72752288703424 -228.476218439311 -299.376705659565
23700 318.035397173427 294047.446005303 331.404523798289 4.65632808562792 -239.635429462065 -300.458100258629
23800 320.167395926569 359219.541537233 325.278968314823 4.74401465259382 -226.386609653436 -299.316503375979
23900 291.066437829982 391527.891841899 322.646462395062 4.7827215597258 -219.949740708656 -298.795666380257
24000 233.404503508505 334229.788003312 327.873224021606 4.70647823246595 -231.632944692196 -300.030526454695
24100 246.329903480761 321312.781037387 328.950063814922 4.69107126464744 -234.256777869167 -300.226950210852
24200 290.791098973177 371094.149886796 324.255781720132 4.75898435389506 -223.955713279671 -299.059438532982
24300 203.053139501656 377449.017297838 323.955404106805 4.76339697471867 -222.383976617565 -298.703064388755
24400 291.566996701878 330343.456845083 328.271151703507 4.70077307694666 -231.781519850918 -299.465839921929
24500 318.742506419975 336343.798394051 327.728647921694 4.70855447533177 -230.51206607012 -299.311913205893
24600 351.01829800994 371322.515909642 324.766917505086 4.75149440626739 -223.437422635374 -298.705827141499
24700 304.323697196939 356309.917226218 325.973185209564 4.73391144389396 -226.582489908078 -299.076050161886
24800 292.885096382343 324478.371307869 328.352760579063 4.6996047456545 -233.225822169588 -299.724968154526
24900 302.749706068639 349563.625111748 326.100765228371 4.73205940128799 -228.269732203677 -299.418551104057
25000 269.669866539542 369575.075237039 324.638629287447 4.7533720655892 -224.32288579804 -299.207485493365
25100 260.509987621831 342948.230900918 326.966286669317 4.71953303683198 -229.850809788365 -299.838423248857
25200 221.613294651231 334248.313097913 327.406354871551 4.71318949344011 -231.761994300939 -300.065968184811
25300 261.127590799653 356794.781919424 325.034844887928 4.74757773246801 -227.276119223283 -299.659365761977
25400 235.125416466037 361615.32606282 324.765853094091 4.75150997915734 -226.382246142005 -299.682728242879
25500 265.32146134504 338180.899927051 327.017951322389 4.71878741098477 -231.106593849946 -300.132213106318
25600 258.946981983975 337682.739261092 327.254423478858 4.71537764245321 -230.997266642526 -299.971047094087
25700 231.411394098997 367987.039360739 324.397576657383 4.75690419073604 -224.601514463652 -299.108975913716
25800 313.407574497232 361599.287755433 324.996910097489 4.74813188655618 -225.714569618506 -299.063948550208
25900 321.362648292295 331443.910578276 328.03808559776 4.70411290522621 -231.776300612393 -299.637878852451
26000 287.676535771642 343246.410867688 327.289387991106 4.7148738959665 -229.265897893957 -299.383583269463
26100 288.884663964573 371001.571690714 324.889426652798 4.74970271505705 -223.545691044095 -298.777407346189
26200 316.495489548983 352832.51096507 326.195475632125 4.73068545440655 -227.209744215946 -299.044756608606
26300 313.891305525573 331477.964808899 327.931808241446 4.70563743157834 -231.580672998021 -299.42723571566
26400 307.027444328794 352893.767376977 326.278345466631 4.72948393084193 -227.356638196427 -299.222374927209
26500 248.316576074461 371020.198037362 324.529051421865 4.75497705091481 -223.969522874671 -299.121563194459
26600 234.153097194552 348887.67503795 326.137099275294 4.7315322154244 -228.626956067628 -299.646106772796
26700 251.625764563803 337076.385703753 327.033732121782 4.71855970897671 -231.10509606461 -299.908594572309
26800 255.107837385397 357625.40816584 325.621210203754 4.73902848926986 -226.91736303256 -299.600003307569
26900 286.153082484427 361282.588458591 325.449421991268 4.7415299816004 -226.010683076934 -299.397859576751
27000 311.223885796542 341208.720687577 327.037896138289 4.71849962982151 -229.940020511602 -299.587891490675
27100 253.040796976467 346868.279334637 326.806507599329 4.72184046517832 -228.703291930933 -299.456302580098
27200 267.184162272314 366446.916091958 324.9219992398 4.74922656968898 -224.685511901015 -299.001084868075
27300 326.114708252687 350885.463067536 326.221306185801 4.7303108736473 -227.82433916777 -299.268598950323
27400 316.053095014447 331908.596725722 328.124586797178 4.70287279270531 -231.694158718365 -299.668798937504
27500 288.041728892939 357646.935468857 325.753001974501 4.73711119318223 -226.387492275816 -299.103926998183
27600 316.386250412083 365104.34529034 324.744169919881 4.75182723756621 -224.856211627534 -298.858986943146
27700 353.205190992859 334632.092889641 327.846165825537 4.70686667321677 -231.062440011096 -299.536699005684
27800 321.982585348742 339681.981066488 327.292106746458 4.71483473037597 -230.078615507491 -299.468742754434
27900 311.543167247052 363315.427833162 324.902144055375 4.74951680098213 -225.405125746926 -299.081129277991
28000 262.540363273971 352543.052814372 325.935058128632 4.7344652052039 -227.770557635079 -299.489335442578
28100 256.061081659613 341990.704800454 326.706406152901 4.72328721691464 -230.042332625762 -299.779065191153
28200 286.157378109548 344712.283230157 326.581534771903 4.72509320817511 -229.514008893612 -299.778843331036
28300 272.118279433093 351249.704287407 325.990644735308 4.73365790333978 -228.130136969553 -299.597991830573
28400 220.986853818999 356472.860102304 325.987188862011 4.73370808605402 -226.894612504256 -299.424440254414
28500 333.918555378445 355876.024888851 325.703071562458 4.73783739423594 -226.743317123069 -299.088601429596
28600 406.443865478979 340593.582481491 327.066896629448 4.71808124811364 -229.709673554389 -299.238146874355
28700 271.08071867935 339137.34001667 327.677782826182 4.70928537954823 -229.998860551523 -299.359365870526
28800 326.508585114182 363486.472361358 325.219815400014 4.74487752220172 -225.07329766051 -298.856057201524
28900 309.975317848421 365519.202756338 324.860837737171 4.75012070588388 -224.738007223923 -298.851486242275
29000 353.243676009099 324521.953706144 328.370972130918 4.69934410417645 -233.197196837094 -299.708963434788
29100 282.081010435465 331769.870334672 327.838589675127 4.70697544604279 -231.884286780383 -299.771293228935
29200 244.639213925418 374436.814873129 324.003330773353 4.76269237165827 -223.316460726391 -299.037690680181
29300 290.843990460521 361405.887729851 324.901518152926 4.74952595062912 -226.067070254577 -299.355700809846
29400 225.66363688632 325601.946151241 328.18927255738 4.70194586142765 -233.606604881204 -300.30279337894
29500 252.015013674322 336965.256285982 327.087651712922 4.7177818660684 -231.464172585614 -300.256327749183
29600 202.372948522762 377842.216166678 323.448852901582 4.77085690062922 -223.205191451695 -299.484322619144
29700 257.036469561112 349947.685240652 325.989909097537 4.73366858544205 -228.694147172018 -299.896922958889
29800 226.699903925876 326980.168418009 328.445289825245 4.69828077816907 -233.11119258102 -300.141944925197
29900 231.248864264453 363375.550171034 325.156562263297 4.74580054951056 -225.555587720476 -299.301485693732
30000 338.889331311056 374197.872749463 323.885137105283 4.76443039547229 -223.272084149306 -298.917388720909
30100 254.807252142741 329108.289788613 328.259220363876 4.70094393740276 -232.323808084727 -299.752602990469
30200 339.175744946079 325826.958809493 328.521197637311 4.69719519764366 -232.84893353898 -299.658715564005
30300 319.350077230689 378014.285171141 324.230824972353 4.75935066321256 -222.082224554835 -298.580590079715
30400 369.420331904541 363812.446160353 325.320104604001 4.74341477832889 -224.864841596416 -298.73654239912
30500 365.21440676388 310169.380159183 330.131195439188 4.67428771707935 -235.870741622746 -299.78167045024
30600 337.330589485654 339491.261976394 327.420910770465 4.71297996280975 -229.924630266947 -299.303090252427
30700 338.42723423055 387684.480587697 323.224694729807 4.77416551713682 -220.277259027301 -298.48911514268
30800 270.838522380929 344570.317125203 326.950554839337 4.71976012588329 -229.273222006363 -299.588481508204
30900 269.914332597218 308389.660702713 330.169309917359 4.67374812108479 -236.827745412047 -300.379296355319
31000 247.198380881889 370360.178386814 324.422773282567 4.7565347409261 -224.188898988551 -299.182681624657
31100 264.820711134181 393410.499318242 322.575864014879 4.78376829766452 -219.498801178684 -298.706511271865
31200 265.559458447523 328168.588360925 328.324545097494 4.70000861923954 -232.673096958068 -299.922742979519
31300 289.295016933387 319285.748463127 328.920096523359 4.69149865933027 -234.365449739795 -299.913470949084
31400 320.030952287624 368536.56992206 324.664018288175 4.75300034787478 -224.161403910917 -298.841418052329
31500 329.021418575286 368074.962447419 324.913826840554 4.74934602467191 -224.200394403441 -298.844258305442
31600 300.946859769512 332523.316727194 327.706691623962 4.70886994775448 -231.439715415545 -299.453517897666
31700 289.498490527151 335293.71932953 327.824446295309 4.70717851979852 -230.893343151068 -299.498442455357
31800 346.841438471835 364310.90609046 325.172711733135 4.74556485272523 -225.040782969956 -298.980180562787
31900 295.89537461659 362262.668473955 325.096306680883 4.74668016878108 -225.565458905389 -299.071876936888
32000 326.270769599155 332945.52180177 327.840082274552 4.70695401599435 -231.604267805 -299.732147136919
32100 290.100261954588 341735.649380226 326.856882336605 4.7211127415606 -229.845662312351 -299.562481239414
32200 271.231343072812 366966.826737575 324.540877124193 4.75480378786185 -224.803505276754 -299.137223081811
32300 273.521353528901 351118.662605069 326.22120489073 4.73031234245793 -228.139077933809 -299.630797588072
32400 258.87315832861 335575.304544872 327.623466767929 4.71006612282504 -231.417998845497 -300.038618756409
32500 229.598812677024 352468.599655969 326.002416107789 4.73348697929865 -228.011113891385 -299.729563818702
32600 232.174070571459 367737.707666544 324.599025825137 4.75395201185049 -224.820482713348 -299.323698599818
32700 319.715881059867 340491.632970988 326.939913812954 4.71991374154752 -230.145131861178 -299.625807141065
32800 301.29231447086 335070.929649121 327.938055905082 4.70554778281896 -231.016440051572 -299.59971365435
32900 328.822611192072 359112.713968224 325.759910429314 4.73701073232877 -226.012854486261 -299.028858363685
33000 348.536836591612 359380.653122339 325.607866876154 4.73922269345248 -225.889506255818 -298.925883870721
33100 276.576951401846 337741.297770959 327.372341075078 4.71367919109644 -230.363816412493 -299.374415013218
33200 316.143159939462 337204.767639565 327.481846626857 4.71210299978676 -230.537600878165 -299.461617675307
33300 287.796042320153 367782.264580255 325.069617386798 4.7470698869712 -224.398279238177 -299.018547372651
33400 260.142316058572 364423.385117824 325.122279331814 4.74630097647425 -225.272431601653 -299.223186472494
33500 295.21982448186 331027.14500832 328.014485283811 4.704451361442 -232.271532442495 -300.042903814422
33600 254.882628779325 335448.271842867 327.555454255351 4.71104410510945 -231.533157075219 -300.113560709065
33700 232.917310186831 376736.963898068 323.597117800214 4.76867100163368 -223.25323959791 -299.34410454707
33800 258.328217107245 353799.857200792 325.715453273906 4.73765729060587 -227.8740772472 -299.800036001682
33900 270.416631433704 314101.053759571 329.81609724998 4.67875341662455 -235.601470796167 -300.260753773472
34000 266.180158651826 358435.205674424 326.037229718116 4.73298154692417 -226.228903660857 -299.169195502319
34100 330.25342793852 388198.694098419 323.345506127027 4.77238174839485 -220.01709340871 -298.361959421353
34200 315.315578260615 337472.099677754 327.887249280573 4.70627691455506 -230.237477515415 -299.301527869592
34300 351.739173121874 319608.829962862 329.247335610988 4.68683577652198 -233.901606882821 -299.581234378928
34400 356.756263892708 368077.16422813 325.017707847966 4.7478280555346 -224.082057922019 -298.75023351229
34500 325.676835874256 361798.458085701 325.571561528228 4.73975117673884 -225.492294424075 -299.011840465018
34600 264.833493502071 331095.060780977 328.387876678221 4.69910219425728 -231.92860980491 -299.791048174535
34700 267.449144838531 351892.046975346 326.313260491104 4.728977883227 -227.800794237993 -299.470202189872
34800 287.576578645864 370350.025562674 324.621931578793 4.75361656669697 -224.157065387704 -299.194828492087
34900 243.806263863245 347127.886329917 326.468564520179 4.72672826596368 -228.915247716053 -299.647993299983
35000 252.225379154791 330896.636105826 327.846840886547 4.70685698142849 -232.185254429576 -299.895283135702
35100 295.978704051833 358507.82559455 325.649597500141 4.73861538203023 -226.320367237591 -299.188699225681
35200 316.903086826147 364033.939812756 325.270241276541 4.74414193505692 -224.87652102372 -298.781866306056
35300 352.653315630768 338019.285534243 327.807496705285 4.70742190882067 -230.048109145974 -299.20731590571
35400 302.576813011339 342731.52395329 327.833811310825 4.70704405288768 -229.088462368302 -299.217428655084
35500 352.794626253961 360357.150175189 325.728776730829 4.73746350369684 -225.588725524595 -298.850749847616
35600 342.407365597043 359303.455213492 325.372635716056 4.74264895838618 -225.972452731588 -298.940388689143
35700 308.212406828144 332741.578716912 327.967130917466 4.70513062558837 -231.559309480066 -299.671843216976
35800 269.140894871845 344019.642972627 326.858764171253 4.72108556054389 -229.369371569399 -299.552547613155
35900 272.708488658899 366250.29792066 324.803797088396 4.75095490169456 -224.904433805845 -299.153112056579
36000 296.806757884771 349869.4664226 326.29090566395 4.7293018747369 -228.230155758573 -299.482745634403
36100 281.352602403617 332341.250137775 328.29274917143 4.70046382614536 -231.774426710065 -299.872556142621
36200 287.158893251851 352691.619225309 326.482394499417 4.72652803907586 -227.52844446424 -299.397932229512
36300 291.821192189017 361909.77951702 325.535625884754 4.74027439446034 -225.591831330975 -299.125881161869
36400 283.959399544168 347167.297235587 326.467025266728 4.72675055192898 -228.564935774664 -299.30537841528
36500 327.315198275787 336684.658174926 327.308949960234 4.71459210649021 -230.718524740316 -299.499899286101
36600 286.276258629373 353119.392831456 326.151713570087 4.73132020364049 -227.41705700948 -299.300832028529
36700 326.376199017754 364332.484319099 325.237774435215 4.74461551874104 -225.106862958655 -299.065435159905
36800 332.69830862136 341885.468943051 327.210943318961 4.71600422716272 -229.64884105116 -299.471776788827
36900 254.076352437393 329920.683472597 328.716596728273 4.69440304269674 -232.053481369862 -299.742905263783
37000 324.138609415039 365287.051495773 325.310514530875 4.74355461301778 -224.774878105207 -298.943809351893
37100 319.487070968667 374055.112863055 324.44578270913 4.75619741141636 -222.916840146623 -298.664177515013
37200 306.715087126388 321044.307200237 329.388685231542 4.68482452814488 -233.609926374153 -299.612868153512
37300 297.956001446683 334594.275379561 328.001392178039 4.70463915295978 -230.730622509024 -299.229560134996
37400 344.560035675099 385600.676404763 323.321815349898 4.77273143538474 -220.35450221911 -298.169343901869
37500 327.736628860414 351076.371767134 326.486302139551 4.72647146833908 -227.554484983616 -299.095683089331
37600 321.251933555583 312915.036333901 329.691691662487 4.68051889352994 -235.657758692169 -300.048596827389
37700 275.523282880955 362006.677711826 325.531490884977 4.7403346068641 -225.773400148721 -299.32620379167
37800 271.918341469348 384645.79508746 323.631726400593 4.76816104845057 -221.241637562206 -298.938185175334
37900 233.403116969895 331510.994116077 328.336569976652 4.69983648783275 -232.053322330756 -299.99039587891
38000 230.102218376872 323019.718348853 328.748092734714 4.69395329119478 -233.707276766544 -299.987188076496
38100 287.710351940683 376123.817882839 324.209959144205 4.75965697025289 -222.717572783305 -298.828467949323
38200 266.193703106402 381170.69372837 324.087691237413 4.76145263639676 -221.480087709243 -298.58315974768
38300 318.989940913508 320005.862167219 329.701243326401 4.68038329579012 -233.769809423267 -299.621686933809
38400 378.407899300458 333258.008758641 328.344400794172 4.69972439954429 -230.940960004188 -299.237680868409
38500 392.117358067304 387047.46754409 323.707762253862 4.76704105308402 -219.998473093109 -298.198515101416
38600 313.779644388906 359669.747599333 326.059722520864 4.7326550483934 -225.801403114868 -298.9979692244
38700 264.958730969164 307698.762469188 330.452769564803 4.66973901867543 -236.758056829308 -300.22166914019
38800 270.435895976296 351189.899828572 326.31997038005 4.72888064456769 -227.986929646574 -299.514802955059
38900 265.025705510225 404087.500197441 321.674591105311 4.79717153463615 -217.369981233276 -298.500044866576
39000 241.909695148481 342355.276657307 327.235613290074 4.71564869224131 -229.857876572794 -299.782032194879
39100 259.988930341232 292951.851099945 331.944968888511 4.64874704091209 -239.959232573025 -300.654101770771
39200 298.498322958822 369912.765938069 324.648133786022 4.75323290440723 -223.990700136327 -298.945918319479
39300 314.119298085309 406392.889344218 321.304756113412 4.80269327641523 -216.470752486847 -297.969868343913
39400 322.560865756046 308703.753851968 330.51189737954 4.66890361315521 -236.222720212756 -299.905007035587
39500 345.787229443103 303827.947714582 331.086623773511 4.66079896034017 -237.180881275514 -299.96632933124
39600 320.191506295883 399487.69978679 322.203558901469 4.78929592561705 -217.731360886152 -298.069799634108
39700 325.490995890162 373603.70141238 324.426227698799 4.75648409443264 -223.066099276342 -298.717464468334
39800 295.890058996344 307815.24179511 330.371913165816 4.67088190723892 -236.795718127126 -300.267820191692
39900 270.122663453826 343230.702993177 326.596987628623 4.72486964154375 -229.820623643425 -299.786768858528
40000 253.682593746385 378004.292957145 323.236519802325 4.77399086220152 -222.837182073861 -299.098937333539
