# step temp[K] press[bars] vol[A^3] density[gcc] enthalpy[eV] etotal[eV]
0 271.281022176733 990971.294862596 283.686132383175 5.43956159894985 -107.457698333741 -282.92202073662
100 339.75065178867 997018.36908822 283.212850335423 5.44865174739959 -106.39405901736 -282.634575680942
200 314.212465266686 1002331.33715591 283.065878716173 5.45148076082105 -105.438216660504 -282.525947454704
300 322.690343514664 1002959.77400241 283.092215411576 5.45097359749942 -105.345085270241 -282.560332398778
400 307.25250043235 1000155.88251728 283.047124085046 5.45184197456273 -105.872518990607 -282.564191963751
500 287.862849645596 989020.916562582 283.677119876424 5.43973441544508 -107.90861428136 -283.022033500787
600 268.983398174827 987301.745554639 283.765560263896 5.43803902922907 -108.250218927221 -283.113745496756
700 282.97399135936 991808.29563492 283.602884796873 5.44115830475902 -107.578110163118 -283.139100982502
800 261.118025294945 1001121.76845578 283.321445546684 5.44656331570162 -105.938748717314 -282.972469163934
900 285.274492168197 1011943.09477523 282.677677681274 5.45896727510985 -103.976886631556 -282.51759296239
1000 277.109841077206 1019957.58188337 282.282131853449 5.46661661414425 -102.498577972044 -282.201501223087
1100 284.474548360063 1024283.00528021 282.148365992802 5.46920832391243 -101.549264162886 -281.928751849796
1200 299.880967132453 1018978.07353245 282.738509463273 5.4577927668766 -102.267726100741 -282.088327442929
1300 324.60346801248 1006636.33835107 283.267994254425 5.44759105569871 -104.294448865958 -282.269757147117
1400 310.823277191491 992714.394206514 283.691355956958 5.43946144097619 -106.771137720734 -282.54733501887
1500 321.52100244002 982478.977427755 284.242121386862 5.4289215980269 -108.671384943717 -282.972973290607
1600 265.934893028554 981421.149324588 284.27226000729 5.42834602231871 -109.148265975669 -283.280646607549
1700 280.791187447854 987113.191706546 283.936627518825 5.4347626981088 -108.503801152982 -283.439328314003
1800 247.507618273377 1006197.93407946 282.922964077883 5.45423450123805 -105.229200938645 -282.910312825383
1900 308.939530668406 1015656.87311209 282.151008494318 5.46915710172695 -103.494909816913 -282.356983397921
2000 289.951584680793 1012893.86275235 282.460016933517 5.46317389844711 -103.896796433504 -282.467645291221
2100 283.830923283992 994098.717439795 283.660018752591 5.44006236286701 -106.971641788321 -282.973512263202
2200 306.725548262081 978055.682292976 284.536098882038 5.4233125354891 -109.687241856667 -283.383553298667
2300 322.936248640193 976573.020777744 284.369526090578 5.42648930453469 -109.838385638664 -283.169855118719
2400 344.644289256684 985617.157042438 283.905598171095 5.43535668830368 -108.175165383192 -282.826477855836
2500 342.145518855438 1000413.8530592 283.371601801181 5.44559928397063 -105.557887527939 -282.497741536207
2600 334.538268551115 1011526.70432387 282.769627769334 5.45719214626865 -103.658514621599 -282.183807971241
2700 280.199132537053 1016307.14203124 282.397084515627 5.46439137115359 -103.080300514208 -282.212982763655
2800 293.877538019159 1009799.41144022 282.628293429708 5.45992113224117 -104.496935097223 -282.628298502985
2900 280.749544387686 993420.355968826 283.395174855775 5.44514631433456 -107.56621531188 -283.28376920502
3000 241.341678496511 983863.910783587 284.021583048574 5.43313707114368 -109.247485401783 -283.659346669948
3100 264.77249715287 982075.698139619 284.055531350011 5.4324877411547 -109.432575772426 -283.548245463614
3200 310.185609279563 986932.02604694 283.789195580954 5.43758612341507 -108.369735484563 -283.1823393175
3300 313.638206937951 1000122.89862349 283.256039790306 5.44782096441262 -105.834647882862 -282.650904748251
3400 296.628691714011 1012732.63377312 282.607831115328 5.46031645965393 -103.505051517872 -282.140909134268
3500 334.897493923106 1014991.47180368 282.584109264406 5.46077483225448 -103.097058246098 -282.116324207502
3600 369.055522076495 1003494.66157935 283.206769909924 5.44876872949374 -105.149763372942 -282.531270171811
3700 313.203120207296 987095.724582817 283.760073856574 5.4381441719179 -108.082474242908 -282.906131755753
3800 310.502938578972 971141.38435281 284.544495195812 5.42315250486291 -111.002265182875 -283.475731729434
3900 307.39727629524 970307.48534464 284.572827521574 5.42261257093893 -111.290493667842 -283.633019394484
4000 255.524073526617 986992.071476386 283.830370303314 5.43679730332263 -108.575658517818 -283.424262984041
4100 236.573462327832 1008425.63660845 282.797371656306 5.45665676745236 -105.008694815216 -283.004140100869
4200 250.652401316092 1030272.79337582 281.624310725573 5.47938559668528 -101.213176267273 -282.310493132036
4300 249.488555465605 1038359.54944218 281.373930692142 5.48426141707667 -99.7068331060084 -282.063338708399
4400 262.990333740103 1024449.5360258 282.077944607491 5.47057372391652 -102.024874991218 -282.388661051153
4500 286.538562719016 993840.806970369 283.527774319312 5.44259974378466 -107.306364508294 -283.180540685524
4600 277.031431754373 962157.562276172 285.068254777132 5.41318847681777 -112.793763763459 -283.98624917233
4700 291.584352275546 953320.859506054 285.444680084612 5.40604992676236 -114.265984532305 -284.110173209203
4800 295.77815842888 972580.457303451 284.808936611538 5.41811717787092 -110.739593878062 -283.629163668755
4900 317.505098838975 1006222.39571231 282.995924172085 5.45282832740648 -104.67699957008 -282.40825252333
5000 279.9466884969 1044873.61575265 281.361740131116 5.48449903368886 -97.8149373595485 -281.307491859791
5100 363.056142306084 1051057.21348386 280.895868263681 5.49359519385157 -96.7094028219583 -280.982252022002
5200 327.419916771916 1033241.25187891 281.959478920888 5.47287219345121 -99.8281377940304 -281.663388142132
5300 288.618722908071 991211.92072522 283.766871766021 5.43801389592265 -107.342650404393 -282.899529438248
5400 297.759383670084 954655.978180669 285.333033182021 5.40816523995565 -114.047086898407 -284.062616335794
5500 279.952669740915 945485.249038492 285.81357012774 5.39907251841277 -115.896192156227 -284.562075428642
5600 255.861240995931 969666.443284943 284.487250302129 5.42424375864754 -111.679891789487 -283.856765036834
5700 284.563717974547 1011709.289752 282.625436927761 5.45997631579264 -104.196601116054 -282.663068487178
5800 316.982511321878 1046079.84483573 281.017975217968 5.49120813595363 -98.0304690293076 -281.510403925409
5900 311.873829119208 1052237.44243849 280.838693103923 5.49471361944806 -96.7705972694247 -281.212815819903
6000 260.097016820062 1029178.7298497 282.028051892658 5.47154150628054 -100.576443761324 -281.740798767699
6100 354.886642389815 983658.33694026 284.183602489647 5.43003951792868 -108.506118042194 -282.981008799023
6200 329.410717475386 943925.183527061 286.185200424607 5.39206146780691 -115.579090538075 -284.185619115623
6300 333.749231544059 936546.231137598 286.470084157524 5.38669926531522 -116.983886285681 -284.438893678062
6400 273.550478276307 967314.04809211 284.96216085732 5.41520385451725 -111.568667212852 -283.614569379042
6500 291.656876241695 1011541.59637911 282.766641486006 5.45724977938209 -103.842182514564 -282.368218773062
6600 322.634052025394 1050357.68351009 280.790148476494 5.49566357736835 -97.0940579659675 -281.174956609922
6700 238.836168624525 1058635.24345452 280.630148936741 5.49879689588866 -95.7176079577995 -281.143474608775
6800 287.841719615852 1032734.65954997 281.59841843454 5.47988941289041 -100.307135646216 -281.820499992656
6900 234.186152970741 999570.794730757 283.252482117977 5.44788938945078 -106.160207299796 -282.87663564594
7000 331.095946716695 967902.993622455 284.682602128259 5.42052159257308 -111.745735729084 -283.727501054048
7100 305.397145030301 960130.678297692 285.257393885508 5.40959927750542 -113.005120062725 -283.950315601871
7200 314.89225137336 970608.694265976 284.714703756738 5.41991042789479 -110.980433463287 -283.462408359094
7300 377.482103917191 992534.298461402 283.549727479499 5.44217836350306 -106.957049402499 -282.613620225243
7400 349.876235208562 1012679.06590837 282.668435905565 5.45914575471616 -103.329910750723 -281.99462567734
7500 337.046234200643 1016126.24373578 282.433938583904 5.46367833697046 -102.738110071076 -281.862280920396
7600 342.205539120959 1007746.38704747 282.875311686707 5.45515330646877 -104.392979706569 -282.317555018469
7700 318.242012486453 991414.402721739 283.892303394331 5.43561122797574 -107.474847500172 -283.145204921461
7800 253.56117278757 986491.960789809 283.779896578251 5.43776430421177 -108.57280858037 -283.301739261983
7900 261.872087909451 991707.345232163 283.368888995822 5.44565141690226 -107.711015698569 -283.109299612628
8000 304.319044229779 1004139.0503735 282.875854749416 5.45514283371089 -105.493919848233 -282.781935345695
8100 238.223725240334 1015465.82761508 282.556859625584 5.4613014665824 -103.434838159817 -282.520497765992
8200 311.266214940147 1013074.74956315 282.582406094696 5.46080774522461 -103.760424266092 -282.440551134348
8300 310.246852471615 1010779.30675944 282.654641594837 5.45941217578897 -104.081957009902 -282.402799116604
8400 294.784333388939 1003482.29225526 283.069623983866 5.45140863278948 -105.275932242713 -282.569354748388
8500 320.541044060051 991366.892938441 283.836662673576 5.43667677505348 -107.430568869901 -283.058079557219
8600 274.438372867537 986933.953320286 283.828359787863 5.43683581520703 -108.24377888991 -283.08084908152
8700 268.196056673026 981435.090659588 284.099503555645 5.43164691438427 -109.145311508091 -283.174341411149
8800 285.747349176627 990270.217736147 283.737619193893 5.43857454027489 -107.551074405727 -282.92308487965
8900 323.841754154739 1005402.96553112 282.992333369483 5.45289751666653 -104.860008624573 -282.444270528458
9000 295.370405888434 1017475.4467111 282.304787859387 5.46617789789217 -102.70684626152 -281.98683828232
9100 329.491224943875 1020260.93174488 282.506427514963 5.46227640001 -102.109013119184 -282.008213338594
9200 365.085416037255 1013168.51617588 282.875297621698 5.45515357770765 -103.283251865181 -282.165132578191
9300 336.288050114737 1001080.70168137 283.177104958095 5.44933952938912 -105.389521100573 -282.325791812038
9400 351.148695049747 987501.135657077 283.928439375797 5.43491942990499 -107.782563894203 -282.781795457605
9500 371.207406742996 978676.413091329 284.091858724755 5.43179307845352 -109.443650443834 -282.978839160677
9600 321.574627685442 975441.008266197 284.404025069736 5.42583105667279 -110.178254030305 -283.329806914141
9700 259.321496706731 986961.242044377 283.729111761652 5.43873761238301 -108.290837554185 -283.071603935684
9800 267.101816576179 1002607.42689812 283.167764464722 5.44951927979206 -105.641089372305 -282.841356453034
9900 294.24981679259 1012584.4327586 282.484134798106 5.46270746485997 -103.970023987392 -282.501563675961
10000 244.310429996219 1025447.87075089 282.014444840678 5.4718055053453 -101.647430329742 -282.146340395435
10100 317.845351388877 1025039.09510364 282.14850428224 5.4692056432895 -101.597856153662 -282.110582132551
10200 319.193835136046 1013289.70959655 282.679893526554 5.45892448385674 -103.391035834318 -282.170731592123
10300 403.474264712593 984980.525366978 283.976740788928 5.43399500810908 -108.088981767593 -282.671219950639
10400 380.336592546947 964176.125849784 285.199483063021 5.41069771688588 -111.685430143127 -283.316041798
10500 328.898713116978 957942.094603942 285.545803549621 5.40413542305118 -112.857694651267 -283.585666979965
10600 381.569105238193 969034.775314396 284.63460264794 5.42143568459521 -111.028044978864 -283.181879605479
10700 306.078322038232 1006086.04518016 283.046176995185 5.45186021676021 -104.615396712367 -282.354122012888
10800 337.550378095502 1024472.21137144 282.23928068533 5.46744658687874 -101.50626467364 -281.977205309447
10900 335.031686560176 1025746.22368154 281.930807573685 5.473428764832 -101.385571487728 -281.883451220824
11000 267.095308874452 1015994.58860497 282.485906234007 5.46267320886379 -103.180888899083 -282.314805849507
11100 309.318421474492 989485.229471348 283.606412985979 5.44109061434521 -107.84359589731 -282.995557390302
11200 269.578073155765 971893.849657473 284.649704630841 5.42114805236628 -110.957804282068 -283.628728638735
11300 306.764053048443 968006.787362635 284.61403713001 5.42182742434883 -111.562353847794 -283.52113599229
11400 297.129889603699 981153.949478533 284.287317526448 5.42805850536248 -109.121490597954 -283.21568332749
11500 330.427936315219 1008694.70543403 283.03845770315 5.45200890503914 -103.98073927783 -282.17545984662
11600 342.283701642115 1034058.51954218 281.838304776503 5.47522521145525 -99.3021802258752 -281.203050815021
11700 307.017593112435 1042128.48869731 281.722267222092 5.47748038194515 -97.7906885481225 -281.035668469211
11800 358.627364296567 1021671.81582853 282.389864332674 5.46453108546493 -101.506217765191 -281.57986474749
11900 331.268801063914 1001275.81786586 283.232542682415 5.44827291825859 -105.370455150602 -282.375857377238
12000 278.529199532864 975791.102925281 284.314750126483 5.42753476975652 -110.057073519937 -283.216399976071
12100 297.676393806382 964344.252504168 284.946197788095 5.41550722152009 -112.182930479319 -283.691018452064
12200 293.467287808658 973775.972041061 284.487648213888 5.42423617177903 -110.556073129892 -283.462888435917
12300 314.606321045775 996359.315655042 283.372776014405 5.44557671901297 -106.605008622251 -282.828480371451
12400 288.318931902499 1026980.28103825 281.842900086153 5.47513594060528 -101.251377656801 -281.910063350365
12500 265.334549695949 1038803.57554765 281.337576340826 5.48497009157676 -99.1827861364679 -281.593700438832
12600 269.03071641371 1031169.04902347 281.721958845651 5.47748637766488 -100.505479215789 -281.823183221497
12700 279.244965957665 1005078.6283979 283.125394315267 5.45033480870957 -104.968088682365 -282.578534836708
12800 282.673475954898 980132.893897122 284.216609446297 5.42940891059252 -109.124208808725 -282.993971541001
12900 330.996814737573 968756.086992676 284.979725796984 5.41487008435619 -110.944426216944 -283.257429207146
13000 341.991725074078 974417.096055793 284.601379952442 5.4220685511925 -109.882265252901 -282.972090366881
13100 345.689182639 997563.82627531 283.40987203825 5.44486393775957 -105.895388107023 -282.354995618849
13200 313.714193925286 1020095.38342953 282.314726817235 5.46598545978479 -102.146139895792 -281.894094943459
13300 346.444400830274 1033754.25830459 281.751028458993 5.47692123896085 -100.004184884984 -281.795220673601
13400 303.362517442172 1032892.74195018 281.637653322386 5.47912601053996 -100.28844104872 -281.854883932243
13500 302.26986623916 998245.418329806 283.125775740833 5.45032746604699 -106.405880655632 -282.809047500457
13600 285.235852141817 963821.911334942 285.069379871276 5.41316711238129 -112.49766862547 -283.986961203785
13700 297.839338186835 944965.977303141 285.78271855208 5.39965537344031 -115.844538213035 -284.399591874673
13800 338.171464140903 949960.104998854 285.49855929866 5.40502969842259 -114.881875279096 -284.159255997373
13900 312.530798528024 985055.324539502 284.040231385752 5.43278036473084 -108.404641519542 -283.039172927266
14000 384.230406158971 1024114.757381 282.021800901649 5.47166278256718 -101.305483408896 -281.574441421041
14100 359.778747968989 1043200.57729067 281.304384090718 5.48561728553963 -97.7889047497951 -280.950307927182
14200 361.891031281221 1026483.3639506 282.102386429473 5.47009974427107 -100.786450432066 -281.523970050297
14300 279.006273621214 1001491.24419799 283.434320797278 5.44439426928054 -105.43017895586 -282.599792031372
14400 248.2580724002 967585.581846347 284.712836244769 5.41994597861927 -111.815812533233 -283.759437543972
14500 291.100035351301 954911.23236959 285.270169097107 5.4093570202247 -114.197079967216 -284.220600303958
14600 245.901136847975 980707.000916439 284.197010342065 5.42978333941227 -109.660138565073 -283.619747685531
14700 227.620634186713 1015875.91482653 282.374338898065 5.46483153493341 -103.424699279153 -282.466952021973
14800 242.44937949912 1036939.20129421 281.326107858546 5.48519369073995 -99.6427540368481 -281.718867115557
14900 310.722206370948 1034141.36614582 281.671382138955 5.47846991109966 -99.9312824849846 -281.738984650983
15000 385.195104708361 1008728.47429497 282.784610114059 5.45690301619919 -104.266495024697 -282.307359008442
15100 318.223818052098 983856.399543958 283.884381302089 5.43576291442409 -108.607230008281 -282.933507590456
15200 326.65969995352 958591.708050288 285.403995943446 5.40682055542031 -112.933707911043 -283.692612411144
15300 321.42321439305 965825.126444894 284.978624939327 5.41489100171867 -111.632613534932 -283.423621870229
15400 286.27986191856 993475.921749928 283.707367107016 5.43915446257708 -106.922567543502 -282.843533831479
15500 216.470600865643 1029009.88917214 282.022659517872 5.47164612412405 -100.98894828979 -282.120119302795
15600 264.125414031761 1044084.35259174 281.103633313137 5.48953485118118 -98.5228217682838 -281.708572526039
15700 307.883791073394 1028031.74348049 281.689501683182 5.4781175111087 -101.358022389012 -282.103245861901
15800 264.212228615324 1001769.78371884 283.166874101809 5.44953641474077 -105.953279818576 -283.004945615264
15900 277.482754034967 981014.6478567 284.253028866773 5.42871327710415 -109.497402554962 -283.54588286655
16000 298.244620674043 975983.484108629 284.354912865904 5.42676817612723 -110.220068780862 -283.437999877886
16100 335.290278757818 984640.867642457 283.694438251748 5.43940234209584 -108.523512441003 -282.872055080057
16200 269.687220168445 1000286.69031775 283.275828409563 5.44744039945072 -105.679605450417 -282.537174417893
16300 307.078948368526 1005688.50901184 283.114189941966 5.45055050819755 -104.73740800222 -282.448594979954
16400 267.660583235046 1014339.59887898 282.661683046441 5.45927617508945 -103.267761373376 -282.221165196103
16500 279.702726906137 1010939.69157985 282.691157702862 5.45870696630742 -103.964072436242 -282.336250395712
16600 281.278849674818 1007468.01595505 282.891201482377 5.45484689442437 -104.626894527034 -282.512313198816
16700 295.585114403295 1004318.24944566 283.273232447121 5.44749032068951 -105.196869856126 -282.765618945947
16800 275.753453956112 1001036.08509409 283.46674031894 5.44377160484467 -105.870863465792 -282.980211894792
16900 286.547792080072 997572.906247986 283.215541541993 5.44859997253123 -106.647827817288 -282.988044310691
17000 246.085365142701 990329.914719067 283.680494770719 5.43966969993243 -108.095438772586 -283.442711806331
17100 266.814631740458 985212.412070574 283.761699503981 5.43811301723781 -109.112436185489 -283.603541517244
17200 223.677681618546 992776.844791535 283.524122506816 5.44266984488779 -107.753599871215 -283.437230085867
17300 216.438625503883 1003529.4509016 283.093908666285 5.45094099387769 -105.611959676245 -282.928924890416
17400 246.407842381908 1015728.91772402 282.439064284604 5.46357918220252 -103.210969114013 -282.268348303376
17500 323.146684274377 1018699.15255195 282.308385735595 5.46610823424632 -102.523129132402 -282.021026715571
17600 287.833940355464 1016379.49174265 282.603696666244 5.46039634325293 -102.855364963334 -282.13186888299
17700 306.031627098752 999704.015010336 283.307430998027 5.44683274430902 -105.754109899287 -282.528376811198
17800 325.873503247351 984771.008135406 284.049718866255 5.43259890566096 -108.434738967124 -283.024697070055
17900 288.995947259208 984536.728159979 284.300856851806 5.42780000367881 -108.539194862824 -283.241941668782
18000 357.985052888505 981461.683245007 284.012206560642 5.43331644281505 -109.254947324317 -283.235216235474
18100 300.407878945943 987930.659460467 283.605352224955 5.44111096550151 -108.289196635074 -283.165324608564
18200 257.41353755665 1000191.05182948 283.035943829363 5.45205732879087 -106.314714402087 -283.005621030814
18300 220.56795724589 1008655.60213113 282.659046128484 5.45932710451689 -104.870079846687 -282.81903264342
18400 284.936688719293 1003557.00723371 283.068783490699 5.45142481921473 -105.727138724458 -283.033235275751
18500 288.860304217888 1000127.33656832 283.361105346237 5.44580100356604 -106.071168330386 -282.953794918023
18600 305.07985554354 993189.993697191 283.734187415542 5.43864032008993 -106.950979519618 -282.837940669603
18700 292.127950865027 991987.063323708 283.770993640576 5.43793490683776 -107.033379505437 -282.730098710821
18800 311.739740388173 996429.630243633 283.728045280654 5.43875805558703 -106.226286934179 -282.683144994917
18900 308.68779036187 1011938.26552823 282.76365780926 5.45730736340611 -103.565541698085 -282.159701229149
19000 328.047888759148 1026104.30269571 281.978064420819 5.47251147012338 -101.224582332923 -281.815737656953
19100 260.028890371103 1029039.76314054 281.900201175392 5.47402302457394 -100.865721711987 -281.923499208285
19200 272.795921923826 1007169.47002124 282.907308895185 5.45453632107411 -104.855539573279 -282.698370475554
19300 276.951348105611 976856.42322529 284.147517806302 5.43072909374504 -110.342237327999 -283.588648015341
19400 251.576757046468 960244.371101606 285.08844358364 5.41280513677993 -113.256121277059 -284.120300858589
19500 249.132702070667 967219.352437133 284.726726877635 5.41968156199577 -111.946651681492 -283.833581986692
19600 339.430305875248 996233.900979972 283.236483311593 5.44819711720718 -106.603319443917 -282.719862577184
19700 331.118491427592 1029916.93543343 281.833158398381 5.47532519110068 -100.335620149769 -281.504637921021
19800 343.184596156673 1046800.38813566 281.269803410174 5.48629171406568 -97.1914429117055 -280.962294238392
19900 380.162376803994 1033181.14892636 281.762409098887 5.47670002113216 -99.5313185016802 -281.228908971299
20000 365.990265986055 1005012.00292085 282.908551455021 5.45451236425937 -104.688931880235 -282.151583430329
20100 261.65329350005 978951.260310875 284.173756537868 5.43022765601681 -109.482498681337 -283.116462923118
20200 302.070420448226 959116.08433435 285.164269498577 5.41136585792991 -113.148839459245 -283.857645607344
20300 289.061360301843 966536.129424502 284.717834614521 5.4198508286471 -111.897700219749 -283.65784889653
20400 274.055609875779 991795.216097272 283.393731362249 5.44517404971675 -107.445322910554 -282.874526270505
20500 287.711088873904 1017011.13954276 282.260226739257 5.46704085691681 -103.002455426819 -282.172350156701
20600 285.791733850884 1032429.92385705 281.637569538463 5.47912764051664 -100.330029831239 -281.815062518885
20700 318.148343064709 1026249.45433804 282.107359505397 5.47000331565828 -101.308152482462 -282.007672015521
20800 294.977317150167 1010989.10318402 282.936013227639 5.45398294922811 -103.870504241506 -282.40590672149
20900 351.603683836052 990046.77320672 283.690301031894 5.4394816680484 -107.40604622351 -282.709246043673
21000 316.286083105331 985077.295461737 284.123892396748 5.43118066857718 -107.842088867835 -282.531953248102
21100 401.41271784089 986619.682348872 284.16665198724 5.43036341905246 -107.415759027165 -282.40547577672
21200 394.945333368885 998120.207214186 283.395844489463 5.44513344804355 -105.513343897881 -282.062631086565
21300 290.279316602352 1009077.83340703 282.86437729923 5.45536418052993 -103.859179553975 -282.01194424197
21400 317.709613709745 1008623.5369918 282.851470985441 5.45561310496261 -104.164059737666 -282.228493405659
21500 322.77251306568 1001432.93114191 283.201035335814 5.44887906231102 -105.554983422408 -282.568466592813
21600 296.836169874676 991627.765630839 283.576855316801 5.44165774792233 -107.460233309176 -282.973158022789
21700 286.898672952301 982176.689936894 284.017914010349 5.43320725822208 -109.205950557322 -283.316465014041
21800 290.610860718676 985468.66940591 283.799271952589 5.437393060416 -108.618294302457 -283.177895513362
21900 302.118589239325 996139.150349715 283.355365064786 5.44591132591861 -106.725197918875 -282.898904500309
22000 294.878978441133 1005968.85757127 282.935040164471 5.4540017064309 -104.894988415031 -282.5432307411
22100 336.1052503058 1009449.60941541 282.885708667957 5.4549528116226 -104.104351478334 -282.336193053886
22200 278.576309373825 1013857.61481039 282.892627552369 5.45481939638197 -103.064580746532 -282.07909295395
22300 336.283620093904 1008836.99865937 283.070201079666 5.45139751899151 -103.762867776562 -282.002713428471
22400 368.772581262008 993648.378294851 283.608746741724 5.44104584077377 -106.406941823704 -282.297283037764
22500 323.351731573857 985196.476631746 284.139190313854 5.43088825642678 -108.071498662146 -282.791905040723
22600 352.803757986167 979577.374786111 284.388366413134 5.42612980737898 -109.394594126115 -283.270823986364
22700 303.650813521929 991519.003843751 283.624833047697 5.44073724181484 -107.476436151275 -282.9998019782
22800 289.875686336907 1018598.190315 282.355813636006 5.46519008053937 -102.757501913997 -282.267762359431
22900 295.63229664875 1031950.84327664 281.788451188147 5.47619388005293 -100.396061116579 -281.894060762201
23000 290.067163331155 1031154.06749552 281.960953152905 5.47284357855499 -100.545770074765 -282.014655505634
23100 308.092311295762 1013066.9062585 282.581241267473 5.4608302552026 -103.635057122746 -282.313064107324
23200 270.99132357773 984129.326589001 284.087885222076 5.43186905228231 -108.72227379057 -283.221911736636
23300 336.625510366156 959533.616509727 285.40945853966 5.40671707154263 -112.927762899763 -283.857725946058
23400 306.998124112603 961695.00698788 285.370097764174 5.40746281392573 -112.357469152662 -283.648833221134
23500 336.979528340474 985110.907149298 284.188895615805 5.42993838137953 -108.026212829389 -282.762005522543
23600 347.61634990929 1016621.8633779 282.855635751593 5.45553277651966 -102.559401539047 -282.038518530667
23700 288.920205458606 1048472.5442555 281.175790529929 5.48812608993755 -97.2359808889934 -281.238864765998
23800 254.44333228918 1047734.11057156 281.012220113749 5.49132059538723 -97.6506258791215 -281.416951562102
23900 299.166528609005 1017304.36948435 282.349717496339 5.46530807804379 -103.119814296955 -282.398190513118
24000 308.761920874379 987411.964632895 283.748917201096 5.43835799300158 -108.416229551322 -283.289020280677
24100 237.365159000528 971651.81053512 284.71563111733 5.41989277445116 -111.136954470061 -283.804858700839
24200 256.644439374209 968073.201619842 284.895274291371 5.41647521428494 -111.685097738679 -283.825608044261
24300 303.168098164258 980052.957038594 284.220271224332 5.4293389603029 -109.402429594857 -283.260251915754
24400 325.261971118499 1004315.83404635 283.006102180235 5.45263222233763 -104.92933123271 -282.330204077462
24500 287.017944505371 1031522.36459031 282.020297532016 5.4716919504382 -99.9577059745334 -281.529614046265
24600 344.115615467466 1033576.6510093 282.018634987584 5.47172420692718 -99.5513120208782 -281.483749722144
24700 282.144645279528 1025152.44954504 282.288861572456 5.46648629092311 -101.104882132939 -281.727377794487
24800 292.822380842257 1004140.48791807 283.164387336379 5.44958427287325 -104.899411173661 -282.3685140228
24900 348.062301826355 984606.464486959 284.046138935716 5.43266737456113 -108.381655085113 -282.940241238802
25000 315.446479718038 976613.746567092 284.540133484785 5.42323563627849 -109.92362249666 -283.366314866243
25100 328.431222864697 976023.90988643 284.208321496654 5.4295672404662 -110.143049510883 -283.278853942807
25200 280.230648104039 988948.410897825 283.732014608177 5.43868196895977 -107.875631623229 -283.010097125372
25300 338.532476022358 997667.549291706 283.10797512386 5.45067015929523 -106.397883325507 -282.687848711192
25400 245.013879244457 1004599.04628311 282.977900878018 5.45317562635857 -105.1859613229 -282.619177539249
25500 315.10160936677 1002550.3555388 282.994443046539 5.45285686621186 -105.574144790586 -282.655870487981
25600 262.664229956829 1006208.79001753 283.079081349806 5.45122650712311 -104.947341323774 -282.728415958348
25700 301.693998970182 998177.766444352 283.189507812197 5.44910086460363 -106.398887326149 -282.82980513605
25800 298.209990514474 994070.501642476 283.509638517207 5.44294790094928 -107.090668481563 -282.994240017706
25900 261.517864322433 987744.873783801 283.902857472139 5.43540915933739 -108.096606476949 -283.123260606927
26000 295.87832325446 993862.723173008 283.549319965721 5.44218618493839 -106.862776458769 -282.754196221189
26100 341.216860484965 1006729.41624151 282.961949609448 5.45348303542575 -104.44168069293 -282.2411418315
26200 321.744657489887 1014352.9468546 282.774236174678 5.45710320975948 -102.976687853529 -282.003705013213
26300 370.20690426761 1007015.28621248 283.144109821005 5.44997454773698 -104.20907600765 -282.173517996892
26400 372.354502465717 1000427.40468927 283.302501670941 5.44692751657549 -105.452746346752 -282.35184984043
26500 259.924225387069 998182.265044309 283.255408489502 5.44783310615342 -106.156201540588 -282.628971695501
26600 301.975074709177 989645.920909218 283.681342561127 5.43965344331241 -107.871378532718 -283.098067666949
26700 310.667391640054 990140.589437992 283.454307260679 5.44401038311611 -107.838097504697 -283.012065460054
26800 266.716186100687 997223.553940918 283.270677589036 5.44753945237094 -106.589751254726 -282.902530672343
26900 244.859615477406 1007128.43024514 282.9031364402 5.4546167684228 -104.771914897382 -282.604876318577
27000 336.456849070394 1007233.0875899 282.731958380123 5.4579192274806 -104.667677153353 -282.411504627761
27100 282.69600596388 1011171.58986415 282.803840050412 5.45653196077905 -103.870676562184 -282.354887611005
27200 315.076003955961 1003511.96641231 283.070299006879 5.45139563309898 -105.052972569573 -282.352060647144
27300 363.102460652354 992523.185492021 283.636729104815 5.44050905091307 -106.89668206187 -282.605182276202
27400 366.604831303417 979281.462462162 284.520196475308 5.42361565534783 -109.046233181244 -282.950515327663
27500 385.191729224545 978187.221823946 284.417032663192 5.42558291047746 -109.014641343085 -282.661619076324
27600 353.850458633301 996634.433446968 283.829047472988 5.43682264237942 -105.627951185989 -282.18390611607
27700 375.534736928347 1019723.98515638 282.550790871081 5.46141876690128 -101.682205121493 -281.514962920741
27800 279.69192550844 1036971.07450811 282.031968320414 5.47146552589735 -99.0936812048085 -281.632242489947
27900 335.864770910182 1032054.61815441 281.895354136394 5.47411714745567 -100.252104881253 -281.837218676605
28000 264.594408208046 1008753.16022238 282.879813919138 5.4550664838433 -104.403429472499 -282.508592202104
28100 347.207779332406 975510.400283552 284.228388860545 5.42918389697957 -110.333205569011 -283.390137429701
28200 233.371452214428 967477.965615045 284.919892066477 5.41600721758691 -111.801213843827 -283.850746176709
28300 333.173560537386 972148.584049745 284.705077903954 5.42009367457331 -110.927420279277 -283.677200566344
28400 268.153067077136 998479.106984816 283.336193963171 5.44627980732564 -106.245622656757 -282.821218369728
28500 252.927299855213 1025010.10803306 282.064614377309 5.4708322604477 -101.497510174227 -281.951461942456
28600 329.94965011237 1035755.47506363 281.386372770337 5.48401891915924 -99.4936136326005 -281.40083559296
28700 325.81531325173 1025291.73734112 282.25008152959 5.46723736448007 -101.107204877312 -281.729424998595
28800 331.08437220814 1003405.268277 283.384004116335 5.44536095704483 -104.860954923639 -282.337657818583
28900 386.501801494151 978419.746492108 284.525922668196 5.42350650301084 -109.255840892738 -283.010593335711
29000 296.363630815163 967976.537652806 285.058977445865 5.41336465068592 -111.174429348975 -283.39665456255
29100 310.52652499363 974677.830001798 284.418420987777 5.42555642671414 -110.283345811353 -283.308183824458
29200 277.415251337945 1003715.84868212 283.167746021313 5.44951963473261 -105.387761012204 -282.783918375132
29300 267.774145042898 1025703.43419551 282.129274886767 5.46957841395742 -101.57365898812 -282.191066707211
29400 280.303493443108 1033552.83907374 281.627815240855 5.47931741240261 -100.230837651059 -281.90696884155
29500 299.354087323624 1021525.35358069 282.052887087301 5.47105972855542 -102.313923586156 -282.146904041373
29600 266.705564271834 995665.521837741 283.589639858508 5.4414124318365 -106.751070569727 -282.986601896955
29700 317.823131787267 971185.369811009 284.710038557685 5.41999923741175 -110.92892830143 -283.510553412991
29800 331.109545512824 965750.54399405 284.838387669854 5.41755696796987 -111.740387780389 -283.433598760921
29900 256.687836668088 980121.306394274 284.438726910825 5.42516909924826 -109.061988003349 -283.065574130697
30000 444.616613189356 995606.857943417 283.538196273349 5.44239969128692 -106.244348971461 -282.437529122744
30100 349.263101371793 1024565.23824376 282.560283625673 5.46123528779581 -101.065677675173 -281.758281961382
30200 301.628179840155 1047203.30642531 281.467533904481 5.48243760287394 -97.0904614543772 -281.061286239381
30300 318.738632270416 1044722.75095273 281.278761526706 5.48611698761199 -97.7317840824387 -281.143737463828
30400 287.724242498836 1022195.12761855 282.212549409775 5.46796446541251 -101.932990895121 -281.985745981393
30500 305.61451334204 985096.731895044 283.858401370876 5.4362604186231 -108.64434984665 -283.174424099643
30600 265.537254633273 961590.9668374 285.118295901003 5.41223840788497 -112.908024554961 -284.029731694266
30700 294.666597368395 961933.542568197 285.067956750483 5.41319413608035 -112.831176317028 -283.983623946655
30800 323.476492976964 977890.740461716 284.055669501625 5.4324850990425 -109.970261203839 -283.344049286046
30900 310.500072259275 1004886.44187543 282.911576186124 5.45445404768773 -105.142383766727 -282.584761157135
31000 347.112712862529 1021673.49770943 282.322402958707 5.46583684360261 -102.020584271494 -282.051509024511
31100 311.475077979741 1029470.23191279 281.880638322292 5.47440292831239 -100.479227450004 -281.600175176659
31200 377.284429060385 1012376.74572822 282.919508515998 5.45430111893066 -103.261878307779 -282.031902293559
31300 338.979161716194 989938.827234786 283.960511887766 5.43430557160017 -107.248940279617 -282.699982108757
31400 310.335201428679 974645.942246266 284.718154790178 5.41984473383274 -109.973372969856 -283.174886192707
31500 332.093991335671 969617.196444015 284.591120338968 5.42226401873729 -111.150037433852 -283.381027113161
31600 257.039518317534 993615.783290763 283.581194359327 5.44157448575669 -107.16738975663 -283.034874119228
31700 274.870727871388 1015583.13767831 282.472186140157 5.46293853901938 -103.344761301859 -282.397436901005
31800 261.062791272548 1035954.23395937 281.503891454908 5.4817295202944 -99.7803647615843 -281.798480885962
31900 253.714343751732 1033973.38845895 281.662367200369 5.47864525603582 -100.06780118235 -281.840154113213
32000 272.034434651253 1013451.49552571 282.69234302741 5.45868407803497 -103.569031834983 -282.385147172336
32100 292.565544632997 995233.958656075 283.524015378085 5.44267190138488 -106.603752606185 -282.722131697875
32200 314.011906885086 982329.24773038 284.327671053212 5.42728812201091 -108.722916536234 -283.050393699101
32300 343.41679612318 984029.583109646 284.087342448591 5.43187943033882 -108.353211846688 -282.834830542514
32400 305.232893347207 994935.73943274 283.816746014067 5.43705829038587 -106.432170215193 -282.679558726322
32500 330.608401578862 1004775.47366131 283.397546147345 5.44510075279131 -104.945636857146 -282.67318663999
32600 249.56259857926 1015947.59447165 282.473360709811 5.46291582324254 -103.323519485547 -282.441195543993
32700 277.057361693124 1011836.86396504 282.273767186466 5.46677860733249 -104.235605765928 -282.502484208817
32800 276.605938261497 1000871.1809215 283.123860622074 5.4503643333896 -106.216173074954 -283.082150529916
32900 214.761470809254 990413.824885621 283.831389243225 5.43677778550336 -107.935698219058 -283.391106435932
33000 295.561958902013 985178.54967308 284.026767048973 5.43303790660002 -108.7155508946 -283.363648922277
33100 286.731682054918 997488.482847586 283.152500271883 5.44981305262857 -106.352578313845 -282.63862289801
33200 315.286766966283 1002735.59104185 283.075367658746 5.4512980222511 -105.32048476537 -282.485576188619
33300 332.785537510125 1009505.55158632 283.066668775571 5.4514655453468 -104.026542205958 -282.382281163547
33400 326.08248650569 1010606.78037632 282.85658436911 5.45551448027257 -103.834488533276 -282.252273363793
33500 328.867123136207 1006516.02578524 282.946123720458 5.45378806246056 -104.638706549938 -282.390538485092
33600 292.621065651878 992687.353252906 283.657741129293 5.44010604372244 -107.153047558357 -282.903629514425
33700 328.447775123409 979365.324088328 284.173918063654 5.43022456944999 -109.691746562383 -283.399250924019
33800 214.750617716111 987569.041514819 283.927901916024 5.43492971790608 -108.478344903698 -283.489279063899
33900 264.742761209512 996150.473584228 283.188537726156 5.44911953095478 -107.151397528094 -283.223382087558
34000 229.589769632618 1008284.18862417 282.700775090278 5.45852126289126 -105.069113834446 -282.978802083727
34100 252.746669631831 1008865.78919052 282.739054630819 5.45778224335167 -104.884728079467 -282.921142597533
34200 245.360649169646 1012816.38285017 282.643745137486 5.45962264657759 -104.060255728522 -282.733588900849
34300 233.897149892852 1010401.02875706 282.620449898796 5.46007266076713 -104.41966731502 -282.65221118614
34400 225.116822100155 998629.763236533 283.252239620532 5.44789405348895 -106.384462175442 -282.934372243696
34500 301.485744204599 997346.973073085 283.378267663559 5.44547118799597 -106.451390056606 -282.852964720162
34600 254.931228102995 1006964.59862439 283.216189814113 5.44858750087324 -104.612359846049 -282.613146213905
34700 328.029993144209 1010818.10264424 282.749890024702 5.45757309306578 -103.874973646159 -282.262752619099
34800 297.010928990176 1013476.53933171 282.663104414163 5.45924872319063 -103.296138128258 -282.098177016247
34900 354.643420568552 1006712.00547402 282.906084782701 5.45455992242582 -104.469125431529 -282.230409517519
35000 331.502670368929 999340.621065081 283.231436416609 5.44829419851656 -105.710186746755 -282.372795125875
35100 339.211857652594 987658.815470945 283.944304293104 5.43461576279132 -107.823234834733 -282.86018940113
35200 280.592420867489 987578.454760315 283.863899945208 5.43615511575787 -108.006663288318 -282.979814916822
35300 315.127278764255 990279.185806994 283.776478590328 5.43782980017117 -107.737547208037 -283.135164243118
35400 280.626012353529 1009162.70078308 282.791834003551 5.45676362015016 -104.577820128479 -282.699875321789
35500 266.66065597786 1020756.946786 282.025527825307 5.47159047539118 -102.66312174408 -282.343398354473
35600 249.785591913604 1017671.4323428 282.265998041442 5.46692907602552 -103.165005186588 -282.454891493437
35700 294.020806501006 997780.130743275 283.170153374146 5.44947330599218 -106.485393908743 -282.833975139493
35800 326.323539694495 979819.643822564 284.448068087904 5.42499093855418 -109.404231674331 -283.359975476532
35900 302.262133310323 978242.488182791 284.319951299667 5.42743548179528 -109.490265614849 -283.087779121879
36000 294.713929303082 991002.553999862 283.636587008321 5.44051177650382 -107.19754848332 -282.636760163837
36100 324.433017458567 1009275.78380083 282.82065995481 5.45620745002393 -103.995843358958 -282.156016879764
36200 309.34801370381 1025030.97186738 282.285896178658 5.46654371598317 -101.284415637713 -281.883610860252
36300 284.891946988529 1025738.75661125 282.14798377561 5.46921573288065 -101.218308686583 -281.853914101071
36400 294.991475218479 1009428.05185303 282.773127148095 5.45712461233259 -104.24525097941 -282.402355926019
36500 260.911369518435 996030.494343079 283.419111896925 5.44468642759467 -106.795340049385 -282.989459816446
36600 222.29079567133 985982.787947679 283.82683230805 5.43686507479777 -108.642989216021 -283.310618789573
36700 306.8227777277 987537.220737065 283.622029784954 5.44079101696064 -108.366581433274 -283.183345400065
36800 289.028596005855 995179.3667632 283.483509967729 5.44344957504507 -106.907875072278 -282.991433867139
36900 322.083080484089 1003443.38890767 283.204817310095 5.44880629688044 -105.066024219587 -282.437244953769
37000 363.058137325688 1006680.61729206 283.123304120224 5.45037504652339 -104.257923341195 -282.150148424708
37100 390.988567623386 1006517.38618647 283.010220557428 5.4525528753934 -104.227259787686 -282.01959880871
37200 379.358022759826 1002797.6847681 283.205743515415 5.44878847692624 -104.954827384146 -282.212491511842
37300 297.389208084339 994550.203924902 283.874200210934 5.43595786696887 -106.627422319079 -282.842179999524
37400 301.838634556623 989435.456442937 283.891993270795 5.43561716583596 -107.759921199849 -283.079434338623
37500 254.930637416199 996023.071517689 283.365054266926 5.44572511193464 -106.729784157176 -282.888984914221
37600 231.852359504662 1008133.1750427 283.058323998149 5.45162625875017 -104.642061460388 -282.750083201138
37700 295.077296182169 1011870.15308272 282.680131698996 5.45891988443418 -103.987174593863 -282.516561422159
37800 265.794201143805 1020285.10662454 282.251096622839 5.46721770200291 -102.474037893087 -282.214903030434
37900 297.513731104351 1012442.12462614 282.742226943933 5.45772100809024 -103.787059461902 -282.456601156367
38000 265.578327718234 998250.740880504 283.556579623992 5.44204685326777 -106.167486922357 -282.840010636937
38100 340.401521762619 979848.650290769 284.297734904482 5.42785960776148 -109.145447823913 -283.014401604523
38200 320.557194735146 986842.186464647 284.198038375933 5.42976369817476 -107.565930950698 -282.614443758039
38300 384.229133475848 997546.580870632 283.727259824263 5.43877311197351 -105.61984007594 -282.274008912823
38400 297.481298198723 1012319.95203622 282.91150223029 5.45445547353538 -103.121613343666 -281.876549749399
38500 347.711492274497 1022298.83196924 282.398554498904 5.46436292708471 -101.506900006267 -281.696605955662
38600 323.389841295327 1015993.02275038 282.556612039356 5.46130625197044 -102.768948761825 -281.947426516288
38700 308.4683824002 1003140.63330511 283.074964582217 5.45130578447155 -105.156310301273 -282.392712934708
38800 292.350139328843 982141.661095769 284.072340049888 5.43216629818701 -108.994272112779 -283.131940420833
38900 317.434610854058 962845.977810303 284.97235697509 5.41501010219391 -112.515693488476 -283.773034799241
39000 294.887508626583 965352.757338734 284.715404603255 5.41989708641314 -112.156927192023 -283.70531832781
39100 265.391958510738 983420.749862764 283.929188092179 5.43490509811601 -109.015392003316 -283.291980794586
39200 289.635755792625 1018484.30410245 282.197226218907 5.46826137358657 -102.850551166718 -282.239929031893
39300 254.518288277297 1055128.79498802 280.692340776085 5.49757855023594 -96.3486103380461 -281.201260021422
39400 320.93452733209 1058877.34765369 280.531718323835 5.5007262675545 -95.5047285688888 -280.90794839609
39500 352.859666772721 1030322.06811818 281.893105809965 5.47416080798515 -100.23811396102 -281.516947951145
39600 351.004642412199 975297.960785227 284.603260466719 5.4220327249082 -109.775854082928 -283.02329565133
39700 359.924641931043 930484.19863049 286.823813217428 5.38005605098188 -117.730660719416 -284.307205806527
39800 329.482092868042 925422.781415961 286.737866280942 5.38166867139266 -118.786544962043 -284.407345011842
39900 321.221915198733 965560.686944377 284.738219991316 5.41946280310801 -111.874122705088 -283.473213875215
40000 321.359284334521 1025785.26972351 282.015806434825 5.4717790870447 -101.385498202069 -281.944668849024
