# step temp[K] press[bars] vol[A^3] density[gcc] enthalpy[eV] etotal[eV]
0 380.929183218176 561958.926368809 309.103793114841 4.99226546628887 -186.125286807781 -294.542577733808
100 323.361845929533 554984.979613022 309.82206832603 4.98069166022824 -187.490311007726 -294.810942831739
200 356.913258000126 527335.253777848 311.32784644507 4.95660188925114 -192.895033937791 -295.364486531323
300 306.987121991853 536734.357682996 310.618486799298 4.96792128429623 -191.181551079771 -295.239758147897
400 249.153937823463 571017.86054924 308.53295028404 5.0015020776403 -184.809458491296 -294.771017146125
500 238.263584854187 570265.610498873 308.486039396999 5.00226264657711 -185.152223416634 -294.952223346173
600 245.900775595561 532062.101445566 310.815290020448 4.96477567678411 -192.586178761206 -295.803918111204
700 252.717251409764 521356.301158714 311.513268451565 4.95365157168595 -194.637525543147 -296.005511780475
800 279.460801512052 563153.88392367 308.606429150785 5.0003112252472 -186.458053327422 -294.931064372135
900 316.476921804868 580568.669448163 308.004091815063 5.01008990748301 -182.81601508646 -294.425145397422
1000 251.715256005292 541616.37873056 310.945454166011 4.9626973837098 -190.229638921063 -295.344868652697
1100 333.826774898174 514328.746206635 312.226463120774 4.94233632999013 -195.413814128811 -295.644372565687
1200 378.803853588589 546813.2562459 309.662162325099 4.98326363246818 -189.101648072702 -294.787491871518
1300 319.197054637766 586004.567493985 307.450907934399 5.0191043579399 -181.620473704664 -294.072276817324
1400 338.761317273681 555448.597585472 309.414981830369 4.98724458246212 -187.478328622476 -294.74748263242
1500 300.443547769332 512338.484527466 312.503794198628 4.93795026016646 -195.921235144968 -295.8526224352
1600 320.267167499222 532772.030363229 310.926989823051 4.96299209259485 -192.091729865566 -295.484335900391
1700 288.44400164031 588708.592570271 306.949079034131 5.02731005651441 -181.423602890169 -294.209903468741
1800 288.182726156933 575594.843949121 307.660142603538 5.01569094653464 -184.06522741718 -294.594617762905
1900 264.803268072958 511798.18169378 312.55356445555 4.93716395317442 -196.496079966118 -296.337980012873
2000 257.632767594459 508590.067320535 312.750670640997 4.93405238333592 -197.099332524952 -296.377960463789
2100 276.556270347408 582624.251016095 307.516908232903 5.01802714112034 -182.592815739507 -294.419951098177
2200 294.021126254774 611785.334307467 305.487017383899 5.05137077536393 -176.667550687886 -293.316669593824
2300 307.76059213263 530824.476441784 311.106472754093 4.96012885301121 -192.068589483908 -295.142708045341
2400 358.469453195652 476290.380469544 315.627383789167 4.889082098456 -202.717837489024 -296.546630204152
2500 307.060133164112 546716.344421967 310.534665969031 4.96926224661828 -188.958793922868 -294.923634497477
2600 339.803149544518 626104.802115789 304.577492486178 5.06645510562849 -173.79756843305 -292.821552783077
2700 335.127414646471 566607.225392386 308.853883118755 4.9963049720595 -185.276156011217 -294.501851036442
2800 277.537701415519 483509.685316395 315.256635886481 4.89483175358687 -201.661476780357 -296.800580874929
2900 258.158465951426 515546.673734739 312.568881566949 4.93692201261437 -195.518698120163 -296.09678499438
3000 261.410171608491 603327.568905849 306.262175769004 5.03858561048692 -178.665053715486 -293.993429805467
3100 245.267365822535 597600.78183221 306.507939788083 5.0345455746857 -179.806720801194 -294.132067886947
3200 291.671373987522 512526.088715858 312.414201772456 4.93936633837806 -196.129670415766 -296.068989768986
3300 277.334974207665 502295.631209081 313.55155005214 4.92144973166141 -197.795676639062 -296.096690135406
3400 310.629067433879 576724.022826669 308.221323074505 5.00655884697862 -183.148882459203 -294.09710905252
3500 330.615381316008 601191.813411689 306.656080850345 5.03211345943993 -178.32857655875 -293.39650155961
3600 378.206817390061 537853.404115367 310.969338945004 4.9623162113067 -190.568624640906 -294.961566072188
3700 331.159048611378 498788.799641305 313.817902592357 4.91727265754692 -198.316709881317 -296.01434490467
3800 322.862027295136 543495.517315444 310.505816182703 4.96972395183134 -189.758386803195 -295.0891785079
3900 275.933293198119 597194.344820874 306.529717128889 5.03418789642921 -179.603499320371 -293.859209342902
4000 246.569618566062 570528.305262835 308.417960071221 5.00336683217079 -184.833085743975 -294.659422650087
4100 243.998313160712 519775.74666159 312.058225637082 4.94500085269583 -194.684574703201 -295.92204587595
4200 285.956096797136 524552.496928551 311.654093074832 4.95141320507411 -193.741655159515 -295.777187886656
4300 262.632065185346 580037.159879791 307.722782876946 5.01466994883897 -182.921029153442 -294.326139021331
4400 388.940334506138 577282.427264012 307.989265750756 5.01033108444408 -183.113480622124 -294.085518287049
4500 373.640243498717 526652.416213935 311.772113949056 4.94953885490307 -192.555041776942 -295.037843839884
4600 364.44084848218 512573.890204965 312.667926055733 4.93535813325176 -195.261383824028 -295.291196519886
4700 390.340342762593 560384.367406648 309.281493152429 4.98939712214075 -186.09617983394 -294.271848301682
4800 290.280092332429 595688.590396939 306.940930476546 5.02744351973624 -179.528900818228 -293.649417634383
4900 299.587380062929 551528.812317416 309.851708850741 4.98021520549194 -188.225716537911 -294.888212821542
5000 272.852248353633 508878.637743869 313.001142882471 4.93010401705003 -196.641085794105 -296.055597991922
5100 286.730526198054 533057.643608811 311.224921881036 4.95824107703038 -191.998229964079 -295.545388151857
5200 259.431305652133 590021.598735749 306.933177323367 5.02757051330547 -181.065439038992 -294.097432698477
5300 289.691278146014 579248.321985689 307.493456838321 5.0184098475874 -183.12516175785 -294.295852936491
5400 274.399493682382 517845.572051173 312.254421816578 4.94189380213988 -194.92202854063 -295.84697013796
5500 305.888914854527 515178.607111452 312.783638867128 4.93353232111239 -195.258729772848 -295.834065510714
5600 395.369670258813 577510.142044606 308.161006833697 5.00753877890492 -182.853195487561 -293.930911849732
5700 347.034519885044 589592.185776915 307.336272245527 5.02097647176945 -180.349485686019 -293.447552298386
5800 312.71450436139 527005.956174038 312.107049042493 4.94422729829478 -192.446753597624 -295.108522640733
5900 298.401082657119 508386.152683814 313.595590748408 4.92075857375223 -196.275624135595 -295.782548546976
6000 306.024936512537 572016.630135464 308.348790619744 5.00448919797811 -184.115464036791 -294.203607332272
6100 290.371860830419 603036.450748949 306.040911311885 5.0422284564874 -178.346463878061 -293.535910821948
6200 305.15509291531 536350.870053164 310.844041803523 4.96431645565044 -191.292137690777 -295.351504603325
6300 274.293073261493 493671.436297821 314.064919685159 4.91340514379341 -199.644335233699 -296.415745869002
6400 278.221985137331 547469.090196161 310.232013912315 4.97411009394496 -189.161498827617 -295.168819747814
6500 278.601481474303 613525.970250053 305.197301935819 5.05616590342804 -176.498519272879 -293.368583705775
6600 299.400375252179 574034.923444871 308.062429999135 5.00914114022425 -184.020932142386 -294.394909928725
6700 336.828231319025 492801.328291436 314.228789266669 4.9108428144582 -199.676697584603 -296.327949639557
6800 327.2035746723 509830.81682065 313.014197504674 4.92989840131159 -196.120789554022 -295.72547355124
6900 431.028916890479 587434.254416012 307.163800434577 5.02379573922088 -180.793856483189 -293.414743190662
7000 383.020969777013 594729.410126921 306.98226676023 5.02676655610009 -179.305262171623 -293.257365719351
7100 366.132531694645 525824.203075387 311.79914504482 4.94910975988822 -192.736919138568 -295.067428269603
7200 361.911518095656 505339.14521511 313.309917786351 4.92524527397309 -196.97134855041 -295.791775664134
7300 358.655839194357 556387.286671194 309.083816536801 4.99258812433613 -187.2545158162 -294.589947360033
7400 345.551813325634 584331.411339581 307.257511423477 5.02226352324811 -181.954913271438 -294.015110943023
7500 322.127703963715 542666.423694471 310.457042711926 4.97050470617924 -190.054583023815 -295.2081744535
7600 289.424833469503 513724.691827296 312.619509903161 4.93612248430729 -195.701028919074 -295.939898596792
7700 344.307072515449 546851.408647837 310.070282192587 4.9767045746992 -189.252800844951 -295.085317173114
7800 310.534591589447 586300.248305813 307.032488995292 5.02594431265475 -181.66756476906 -294.022991612415
7900 341.966060197955 558702.669210301 308.93910735041 4.99492668668797 -186.912149705631 -294.643790944984
8000 294.69910844921 520004.060253349 312.278448433118 4.94151357421202 -194.315737147045 -295.669153025282
8100 355.585673254532 532277.262124717 311.38016078234 4.95576914081174 -191.802534595232 -295.249676318493
8200 288.489217006496 573275.626442284 308.337763096603 5.00466818066218 -183.698445957045 -294.024945125531
8300 348.938646142613 570347.996371346 308.266444571797 5.00582602822578 -184.182840182298 -293.920530761359
8400 302.633428238049 541554.810534288 310.766374279898 4.96555715026063 -189.854071062076 -294.896820686464
8500 359.805467669764 526227.055901737 311.857623760392 4.94818171593504 -193.022284522147 -295.450399784069
8600 295.581643815509 549597.355963332 309.521685424889 4.98552529444851 -188.788463263657 -294.964218508372
8700 336.419265902787 567439.393897981 308.236268183459 5.00631609953072 -185.476564904111 -294.643938907785
8800 318.836166914802 547935.278019582 310.002859463811 4.97778696149821 -189.246084781298 -295.265304877941
8900 250.7656659667 530936.332993665 311.318204958231 4.95675539460713 -192.510652967636 -295.676656297914
9000 278.055560715751 546513.829779508 310.212554714485 4.97442211288448 -189.398083589029 -295.213798226398
9100 291.71846081677 573810.532394982 308.113812030779 5.0083058000398 -183.978178784212 -294.327413415745
9200 353.969406579875 555260.350286777 309.360015456243 4.98813070457836 -187.408306856378 -294.622056744081
9300 289.670379084561 525959.706871864 311.970347037241 4.94639380479938 -192.992272937034 -295.405354317532
9400 329.504042843047 536068.773043373 310.992046487243 4.96195388048106 -190.969199709752 -295.023356531215
9500 334.652357453469 573691.154790807 308.217763871556 5.00661666116424 -183.778206707186 -294.141705911246
9600 337.749253624372 567769.580928178 308.271622584845 5.00574194577838 -185.222054036457 -294.465480067888
9700 281.634006292014 526512.640275235 311.387863999858 4.955646543331 -193.523480430953 -295.852809580539
9800 254.861587121727 515040.993646432 312.179741858831 4.94307600703933 -195.836114962201 -296.190454476767
9900 222.587057936956 564271.0722617 308.780199717963 4.99749722707479 -186.260389820256 -295.009790643472
10000 281.544785102595 598014.996829452 306.552669322902 5.0338109769995 -179.638195084653 -294.059479863949
10100 270.752816190606 552037.964198056 309.867581731481 4.9799600953524 -188.259508681901 -295.025941088082
10200 311.059776349849 499154.057946382 313.779679781151 4.9178716510336 -198.364078259441 -296.121348113217
10300 312.608207029684 535818.431522632 311.398291151707 4.95548060382367 -191.122428073548 -295.263853156076
10400 311.042907630175 607589.534299246 306.215331838145 5.03935639865924 -177.230486557865 -293.355789148951
10500 388.724404968451 577882.113831059 307.685554444012 5.01527669914356 -182.948349486139 -293.926121658797
10600 349.105781558611 493831.853652687 313.837221053715 4.9169699715191 -199.322301065052 -296.054974786183
10700 312.130870209662 494611.59853808 313.985574157004 4.91464678276748 -199.353029056312 -296.284239039539
10800 285.772749594725 587273.376763213 307.046716917167 5.02571142059276 -181.662867783092 -294.209994936688
10900 285.35776990661 610947.82222109 305.476557442828 5.05154374130633 -177.29576333007 -293.781205170773
11000 252.16093529726 528527.995746584 311.340429713227 4.95640156110622 -193.176818893504 -295.882190811774
11100 228.824973436029 492933.000711137 313.902247831382 4.9159513910045 -200.043367405797 -296.619978630275
11200 295.570073789131 558081.176798688 309.188767029041 4.99089344898866 -187.259066440402 -294.957831811447
11300 269.317790977536 611413.839751708 305.470622687546 5.0516418838892 -176.938011238513 -293.510040817488
11400 291.533011896904 556012.869442565 309.443005804377 4.98679292445102 -187.474140417898 -294.861992871247
11500 291.61533246995 492580.789931156 314.563917850308 4.90561092451949 -199.745364885899 -296.456397121451
11600 279.956172227412 534240.439281082 311.461098718654 4.95448130830632 -191.539408426889 -295.395078634523
11700 271.61441458834 608202.297121581 305.98996419875 5.04306798396765 -177.289953098412 -293.446817914385
11800 330.978666940518 582948.089244007 307.418131897539 5.01963948040787 -182.10041959945 -293.95377195397
11900 320.201823496032 505543.842675175 312.979907594986 4.93043851831862 -197.134841743657 -295.891168007143
12000 300.02328509027 503584.994711342 313.450497260129 4.92303634977327 -197.633818165061 -296.155402400636
12100 306.7259765945 577209.305579085 308.208980843679 5.0067593346632 -183.502643975057 -294.539781148157
12200 211.743009257601 601226.493958433 306.441843760997 5.03563146901587 -179.20407266267 -294.198241736166
12300 227.019824537387 538726.423594294 310.166967773718 4.97515323099109 -191.354282136995 -295.646874910527
12400 255.392910381592 506625.94928889 312.594321765177 4.93652022580669 -197.589538377443 -296.435324098678
12500 278.163186319867 546807.965275615 309.865569227874 4.97999243901574 -189.66921221619 -295.423454285316
12600 255.318847813637 586097.149117844 307.303990907491 5.0215039098879 -181.895417019271 -294.311241982012
12700 284.50422888497 555988.984651593 309.40763649854 4.98736297956047 -187.519281137719 -294.890246608922
12800 266.291013550117 519273.275343288 312.287287752337 4.94137370423453 -194.541760100055 -295.755604367043
12900 315.854001808223 537316.533472407 311.032994340639 4.9613006335145 -190.940854446322 -295.25094157758
13000 324.885651058232 576842.90955518 308.007212544257 5.01003914525019 -183.281509047425 -294.175518944593
13100 286.923567015482 568609.005321905 308.611632981503 5.00022690965318 -184.844241154303 -294.369848139789
13200 295.208723799426 525871.527417 311.804969150993 4.94901731703593 -193.143213484132 -295.484843999648
13300 306.746153027296 529951.097239384 311.440729652758 4.95480534478146 -192.45838787946 -295.473477917613
13400 269.788994348654 569659.189067521 308.154377932825 5.00764649919239 -184.994842737255 -294.560157820094
13500 242.560140322575 565940.961948106 308.45215316711 5.0028121899026 -185.908684418658 -294.864038762177
13600 239.113447854057 531053.436595126 311.237871475207 4.9580347807675 -192.746022269497 -295.908152812206
13700 238.225831995057 535619.710794387 310.773075300243 4.96545008081952 -191.837565649922 -295.731353079084
13800 295.390716224921 570508.484218055 307.989121338075 5.01033343373272 -184.964402999346 -294.634222005078
13900 272.830758295361 567688.031040401 308.425632431288 5.00324236900091 -185.241819085517 -294.524123499112
14000 329.543400790237 528443.464200421 311.761218695596 4.94971182856721 -192.594849145986 -295.422582801326
14100 290.059007116889 531882.331382454 311.68202385458 4.95096949378798 -191.880348821231 -295.350947408699
14200 320.661449652164 569990.867343883 308.677006465822 4.9991679313405 -184.494456728145 -294.309495610919
14300 296.510176344943 575414.534595196 308.126015175791 5.0081074491089 -183.510451183052 -294.1725334312
14400 302.934881955644 530982.112847802 311.407779517102 4.95532961398408 -192.199929126762 -295.404514093046
14500 262.87160307966 522891.964399678 311.750736537705 4.94987825531404 -193.927373503001 -295.671441669802
14600 287.741016986318 564984.939195291 308.837704809954 4.99656670099818 -185.898769137743 -294.806028652076
14700 301.802726392687 586865.931097995 307.271547450138 5.02203410849984 -181.769442549149 -294.320839223765
14800 271.480664214776 540554.761615134 310.386490431277 4.97163452482087 -190.753187690495 -295.473794529777
14900 318.247933388718 498543.967274262 313.323505606815 4.9250316821189 -198.908800230825 -296.404640124558
15000 308.568742428598 546204.275665348 309.81827526356 4.98075263815021 -189.465453507181 -295.086817088672
15100 348.118985977079 611266.06621541 305.503719528345 5.05109461268915 -176.737437771203 -293.293920062802
15200 386.716800519972 563565.961099339 309.069739997113 4.99281551108994 -185.660383197521 -294.37573701041
15300 307.327996414865 485003.010001623 314.783329255817 4.90219159799297 -200.872184402764 -296.161849547274
15400 320.591876467506 514527.201145969 312.578874198088 4.93676418735903 -195.122701654915 -295.505108511151
15500 319.446359855867 603988.813197337 306.569937835697 5.03352743181604 -177.929777803352 -293.500573477464
15600 309.866148730746 599029.604645364 306.273258886524 5.03840327907262 -179.095369112145 -293.606316678934
15700 280.059202532986 512386.952243142 312.467381826036 4.93852568817966 -196.032623703857 -295.961819675235
15800 290.411788556832 494639.894090816 314.103862703909 4.91279597322481 -199.620885513286 -296.594159919307
15900 252.83563987586 573219.473811667 308.140387695372 5.00787385713184 -184.373331338331 -294.618407891922
16000 297.561534151639 607112.799043797 305.612735061894 5.04929282987373 -177.852515486286 -293.658360227397
16100 249.334234189075 544068.621120119 310.372062768938 4.97186563152408 -189.91255530468 -295.308995849716
16200 251.593845917142 492855.795094148 314.46809640857 4.90710571116641 -199.800856245845 -296.536405473529
16300 302.443405789066 539341.866215804 310.869294641505 4.96391318945044 -190.630786657725 -295.27894840591
16400 340.766237218407 601635.041358088 306.456886695131 5.03538428686465 -178.55477584728 -293.632734924383
16500 353.552037629266 569969.176421515 308.509604232175 5.00188055962371 -184.61458220389 -294.365889280445
16600 287.162649550022 511167.82020761 312.708966639632 4.93471040644778 -196.01689193331 -295.785401106023
16700 336.31997415739 512933.667058887 312.660283504577 4.93547877130205 -195.69289363719 -295.790470752866
16800 348.702312019921 578588.753690824 307.794991174171 5.0134935139114 -183.000684032566 -294.153681430632
16900 278.238554346381 592171.891740364 307.119884981601 5.02451409799976 -180.419145392666 -293.932084373258
17000 303.288392839524 532343.001488645 311.559632876017 4.95291439915195 -191.980992606436 -295.50054248619
17100 271.007231361313 512297.515223778 312.796122431469 4.93333542587059 -195.924919987855 -295.941788474737
17200 259.474601562246 558422.895574433 309.333355831403 4.98856060226229 -186.969159434001 -294.784264861605
17300 327.540998032165 583846.888943802 307.486746972128 5.01851935753835 -182.038841965385 -294.089655724747
17400 261.76857239656 547048.759060046 309.747118314517 4.98189684625001 -189.129108094516 -294.889476378773
17500 280.176715557396 518017.398215487 312.531513401527 4.937512300987 -194.787475922473 -295.835494934491
17600 329.723070266028 549717.928546492 310.105963771423 4.97613194244646 -188.637645755561 -295.037164182113
17700 312.815530754772 582969.430408527 307.670213955694 5.01552676167847 -182.240069284675 -294.189239293985
17800 307.972351452272 558238.734380753 309.595226276346 4.98434103918875 -186.987834084535 -294.858625652649
17900 307.055214207453 520573.884292047 311.845067315829 4.94838095451829 -194.245280160088 -295.568947053165
18000 347.009130678587 532679.284857091 311.183999121534 4.9588931186126 -191.897979708659 -295.35803552088
18100 336.230047451747 569939.717435319 308.816114951608 4.99691601945038 -184.597742242515 -294.452411372285
18200 311.208854447885 568826.475155398 308.610899572771 5.00023879261028 -184.712257131493 -294.27949282526
18300 322.691155363248 533512.288912907 311.274291424603 4.95745467704293 -191.437953885043 -295.08986720276
18400 264.319656778984 534792.471248494 311.690145998972 4.95084047947801 -191.167903669353 -295.207342172286
18500 288.220616538216 568741.373670973 309.14162353301 4.99165455052787 -184.660058321979 -294.399298428821
18600 336.89933248521 571025.769258224 308.616995567142 5.00014002479134 -184.350201302104 -294.343237212873
18700 231.329318022711 536846.134066039 310.869065429494 4.96391684947535 -191.182525030006 -295.346364642275
18800 227.288956291178 530180.811608309 311.523548660241 4.95348810227221 -192.674500263767 -295.761649441019
18900 241.933518100961 568665.907170382 309.002338150708 4.99390458046793 -185.258586867702 -294.933828604328
19000 254.059348438878 584256.98625741 307.55729526734 5.01736819646817 -182.262444975183 -294.417690314493
19100 275.728121188397 540581.888504549 310.218453061767 4.97432753156974 -190.545197229474 -295.21436270849
19200 307.467837232125 509688.267951202 312.870062991306 4.93216953105865 -196.358329366283 -295.889311439621
19300 327.015558821052 547659.958169687 310.194728510893 4.97470798189896 -188.813220652591 -294.844754656949
19400 399.645408218549 591435.422975051 307.009337148928 5.02632332357227 -180.138512011581 -293.469469726893
19500 327.383345763367 561937.82694662 309.373561292083 4.98791230065466 -185.491927404999 -293.999764554783
19600 416.227123682369 509545.409040269 313.598776576757 4.92070858410515 -195.407218177025 -295.142058180814
19700 385.096045103305 536357.12190637 311.642984225999 4.95158970351492 -190.146784461312 -294.474824525418
19800 397.108897059449 581847.872930662 307.776674056354 5.0137918885418 -181.7841707287 -293.556627219832
19900 361.111004579715 563719.772894623 309.364390686132 4.98806015923053 -185.615829736161 -294.464526530347
20000 317.823482410586 518242.5101822 312.164584602832 4.94331601975108 -194.584688595457 -295.557932126713
20100 296.550233823027 533066.099447269 311.502984403269 4.95381511295057 -191.82303186077 -295.464347821923
20200 306.397280126638 577024.759175239 307.94492848718 5.01105246138309 -183.427777786726 -294.33431536205
20300 255.558357094817 576059.133542295 308.189304615662 5.00707898929371 -183.698375429831 -294.507180691861
20400 308.106166630321 534654.077782421 311.157804494317 4.95931057996106 -191.750184178309 -295.585054435557
20500 252.719088749682 528303.387592942 311.242335602276 4.95796366802112 -193.039105009674 -295.668484644827
20600 258.143307943304 556914.097338072 309.482473085712 4.9861569751601 -187.489470758392 -295.065104367101
20700 278.687608616102 569187.869499851 308.79398335124 4.99727415385189 -184.959625636352 -294.661515220967
20800 266.629479398203 556503.352932737 309.6608170072 4.98328528220037 -187.193344525952 -294.751583544186
20900 334.806317696794 536771.594268613 311.244422019102 4.95793043247347 -190.818026186703 -295.093157306405
21000 344.360707992208 538856.82912796 311.09336489216 4.96033784713166 -190.340495485232 -294.96990689436
21100 350.347555013796 556934.493203464 309.640103135567 4.98361864706687 -186.864399406481 -294.498766728231
21200 321.588147024176 556900.010595679 309.570454293689 4.9847398886528 -186.969862492343 -294.573356412185
21300 282.148221216249 550536.711119333 310.051318655697 4.97700896276374 -188.385499990323 -294.924719140597
21400 280.186200590382 552130.1429584 309.910699347974 4.97926723766793 -188.194062411175 -294.993181444149
21500 360.213416866218 551403.009895465 309.611785914862 4.98407445086879 -188.379520300081 -294.935115549771
21600 303.364603135161 541627.279856646 310.280564902354 4.97333177265468 -190.282741924083 -295.175316718711
21700 336.621426607593 537433.739816927 310.834762205426 4.96446465934943 -191.09512578333 -295.361471418263
21800 245.889283777521 556822.931487426 309.513897466023 4.98565073975562 -187.30384835865 -294.872793305183
21900 302.987282013574 565206.447238804 308.686197306806 4.99901908582064 -185.671539504689 -294.568049278386
22000 283.516487585676 556837.327704141 309.431752791198 4.9869742776767 -187.247887937825 -294.791064567278
22100 352.308927700636 530614.588657456 311.221178660236 4.95830071240354 -192.230013453009 -295.301365264929
22200 340.409173930332 535896.5543422 311.331402944669 4.9565452674248 -191.093793869913 -295.228030077079
22300 346.80205086075 560954.675892634 309.118555851368 4.99202704805626 -186.148030694623 -294.376742893313
22400 341.365400387212 565284.731889523 308.647012303644 4.99965374797798 -185.17444983545 -294.072217090536
22500 365.681991307254 549276.049045565 310.139796231813 4.97558910728346 -188.298290089634 -294.623880264004
22600 334.379941536918 532165.031268013 311.457343341974 4.95454104664277 -191.813771733802 -295.264737877815
22700 284.676681882537 550394.772730392 309.599081142096 4.9842789783923 -188.5508175815 -294.907212087812
22800 283.15063423457 571184.842922037 308.240163204216 5.00625283812793 -184.695116161114 -294.584450577181
22900 295.107080186314 557553.65909849 309.262942875425 4.98969639724251 -187.376772067723 -294.999549847674
23000 252.417580710951 531500.687726147 310.894607451671 4.96350903129126 -192.422364141884 -295.557504166041
23100 293.598937859176 535131.95625151 311.046709855507 4.96108186639545 -191.689132440923 -295.579705252704
23200 271.861283725298 574335.398631303 308.534577159508 5.00147570516333 -183.975337683001 -294.576341607629
23300 330.908354590179 576625.950010672 307.767960807231 5.01393383449894 -183.377399138439 -294.143592989938
23400 305.776715677567 522547.958590417 311.975302187228 4.94631524049309 -193.537533002878 -295.287906503279
23500 338.49790271185 512711.155028664 313.117341567256 4.92827444223388 -195.27634841304 -295.476765691944
23600 357.619957169354 575685.654386467 308.105715755406 5.00843740624128 -183.11977299056 -293.826702342514
23700 385.182536721089 594227.982663687 306.768241023594 5.03027362518741 -179.761780579045 -293.538429411891
23800 367.34943282374 525303.784813912 311.578344381818 4.95261695715002 -193.166769595461 -295.323606604256
23900 304.349882308062 494328.24074243 314.105671649036 4.91276768026756 -199.238512582717 -296.151246025935
24000 338.093083662049 551031.306064472 309.70653827748 4.98254961115339 -188.301728788452 -294.818082188808
24100 317.72593922572 598007.685628394 306.116672786516 5.04098054450726 -179.398702862642 -293.655854322128
24200 259.249972860386 560911.192595122 309.111871035806 4.99213500502338 -186.646522443132 -294.864504811494
24300 259.575753879973 516544.342237082 312.722216379938 4.93450132750184 -195.290287862952 -296.112445448522
24400 253.450415439578 538281.133963754 310.959348592705 4.96247563821376 -191.065777056989 -295.538380903763
24500 272.410167855164 579585.27470529 307.697626627579 5.01507993018692 -183.011925838877 -294.321143927591
24600 301.866237059467 567085.705835162 308.925639992462 4.99514443638856 -185.131006088984 -294.474336618238
24700 320.408384537635 532951.812628628 311.427270069883 4.95501948663599 -191.487943916321 -295.081853879256
24800 381.2577911609 529831.386776817 311.624535879038 4.95188284039711 -192.000854750111 -295.053458504112
24900 347.238530865636 562086.819822734 309.390707585479 4.98763587280586 -185.826072348933 -294.368694781248
25000 366.831217997512 567967.015240842 308.457293235868 5.00272882407139 -184.86476909258 -294.21200278902
25100 366.213231289475 533232.268651661 311.043901344535 4.9611266615282 -191.770283089057 -295.291115634166
25200 261.449002296 529330.537488119 311.69460175621 4.95076970589651 -192.676241912168 -295.654578618367
25300 268.729710122801 561931.642466344 309.013950696523 4.99371691274095 -186.407134386839 -294.787651052706
25400 314.233917213718 579118.906441533 307.629617616559 5.01618863561288 -183.110751772053 -294.305821568127
25500 326.564193319264 535368.743399974 310.567252744566 4.96874083867209 -191.523740786912 -295.30007244765
25600 272.403509711221 515233.199554745 312.381345928771 4.93988585418921 -195.401174283631 -295.857797098969
25700 278.09371822689 559527.993931664 309.373627792613 4.98791122849213 -186.778215962116 -294.820747689527
25800 264.340370566056 586380.445838469 307.417855370465 5.01964399565055 -181.567652499151 -294.079488174459
25900 302.234184295189 542539.320925886 310.239918137691 4.97398336464635 -189.88687669057 -294.942315033677
26000 340.042254137142 509716.777316616 312.997257617149 4.93016521490946 -195.965190687651 -295.542205742829
26100 409.183240293124 543878.470206714 310.326799485268 4.97259081209123 -188.933813539262 -294.278053058561
26200 418.06805527582 589038.278407388 307.587325429107 5.01687834410389 -180.105674136206 -293.189787297705
26300 432.797049999817 557575.429047014 309.809469505287 4.98089420678533 -186.372938925676 -294.190116297981
26400 335.068613477729 511963.045363745 312.976749959792 4.93048826171391 -195.485178656088 -295.49446604575
26500 333.801585327993 533002.50914571 311.102608358391 4.96019046580424 -191.547290239536 -295.043047952121
26600 288.925167920613 585040.071175754 307.45772090613 5.01899313934372 -181.646598653217 -293.915806772583
26700 269.292691075145 574583.540965323 308.299528923761 5.00528884118963 -183.787369627249 -294.351864242516
26800 250.883681965833 521808.909341942 312.347320068806 4.94042398547294 -194.114734652811 -295.842362302438
26900 275.038811245864 521348.458911295 311.823124181288 4.94872917432825 -194.317487221765 -295.784775778812
27000 271.256882001733 577101.044902923 307.523858053545 5.01791373727315 -183.597247762013 -294.366778968643
27100 297.443000404341 590723.084166169 306.895717503771 5.02818418066442 -181.004143961953 -294.156711585568
27200 287.613165923328 534508.965546875 311.283766842778 4.95730377307314 -191.832493117407 -295.681204046988
27300 230.833881419353 505590.967269726 313.332927071663 4.92488359358794 -197.349300781129 -296.226233301121
27400 336.842493005046 554595.766563317 309.571714817527 4.98471959163226 -187.547873352074 -294.70658057662
27500 322.315791527928 599141.356656385 306.529000300112 5.03419966905348 -178.752047981975 -293.379993838336
27600 352.161452498223 550632.266522924 310.386549839245 4.97163357325031 -187.987219450588 -294.660141838486
27700 300.334419686933 502726.776734628 314.076443192408 4.91322487029306 -197.431456144074 -295.981545934053
27800 332.581206364846 539517.245250637 310.425802522556 4.97100492074591 -190.385866161981 -294.918714965897
27900 290.335447081791 606440.046431673 306.039647371125 5.04224928084176 -177.731042327389 -293.570151165696
28000 282.246686658022 578716.297318466 307.974746263526 5.01056729679291 -183.194717899881 -294.437146449558
28100 215.965887976098 498001.846346362 313.698712652478 4.91914097708023 -198.861009014459 -296.367456086558
28200 271.951699133429 508519.832660287 313.035150192002 4.92956842360876 -196.791194494288 -296.146404230809
28300 269.624984620455 599244.938851583 306.437543922238 5.03570212747074 -179.221166458588 -293.834723248062
28400 313.142841358484 603105.511131742 306.214333905232 5.03937282159918 -178.412038919988 -293.679958756398
28500 282.635848625138 520595.615769285 312.46155638345 4.93861776061952 -194.259794598099 -295.788007219911
28600 293.725721172827 503237.343744935 313.412644095968 4.92363094130182 -197.549351731666 -295.991031853009
28700 280.3639495639 563060.196395596 309.051158887284 4.99311569457317 -185.84514716857 -294.45640580291
28800 303.205139879938 590836.085005304 307.417692694919 5.01964665188454 -180.213875310144 -293.58057742644
28900 297.926333508311 557746.335136238 310.103639248879 4.97616924330146 -186.210090369072 -294.162721245553
29000 405.597914012592 528309.755150324 312.156289157938 4.94344738665625 -191.819399058748 -294.751387322004
29100 369.649860504768 548267.111355485 310.512616372512 4.96961511546082 -188.130155554479 -294.388021162913
29200 384.91417125218 557141.749282016 309.56118081922 4.98488921570334 -186.726258319392 -294.37323590983
29300 359.608702095829 541821.940470824 310.614331323738 4.96798774637928 -189.892891642403 -294.936037473012
29400 305.958196503093 540558.078000513 310.483988884756 4.97007332780336 -190.288107861543 -295.042252165542
29500 318.053124869668 550537.863983073 309.692687015458 4.98277245981303 -188.442803915213 -294.859013615374
29600 303.696449998192 557217.22741855 309.266119528326 4.98964514515722 -187.244878349403 -294.803820612048
29700 308.270722249318 552409.006042023 309.68580781407 4.98288314455982 -188.266708604884 -295.04222882996
29800 275.753665003297 540220.183713054 310.669744361219 4.9671016243922 -190.659231522628 -295.410528507015
29900 260.439298824845 544354.034228748 310.40892038327 4.97127527765883 -189.831536148322 -295.295789350902
30000 219.147337736232 559291.761200662 309.359110137029 4.9881453020168 -186.833446396272 -294.825294705125
30100 246.275220750095 563810.162021187 309.056184921091 4.99303449390639 -185.73911692906 -294.496808540446
30200 356.937006136982 550412.652269231 310.118327493602 4.97593355522645 -188.075588638944 -294.613820321316
30300 340.362208798066 546781.827282394 310.610895266204 4.96804270353622 -188.673598492791 -294.677146096613
30400 361.862656199764 545946.769867903 310.4569690296 4.97050588585432 -188.88572277638 -294.674928537849
30500 313.933538786364 552875.011255293 309.960391492578 4.97846897287544 -187.699130082746 -294.65947741973
30600 316.567873429805 550376.769701298 309.993986277021 4.97792944437034 -188.382497787933 -294.871070547535
30700 259.00058943248 550340.078549973 310.210973878437 4.97444746255441 -188.519467145816 -295.075475008447
30800 258.749041349024 557200.950956115 309.480938859177 4.98618169362699 -187.24983296408 -294.880342733212
30900 283.956602186163 553146.967537066 309.57983313329 4.98458887404893 -188.044336047279 -294.925909899043
31000 253.514193699909 547036.983733565 310.174640035461 4.97503016909991 -189.18085103608 -295.084913113911
31100 299.083028415927 547570.554122376 310.223789214961 4.97424196826135 -189.017271838522 -295.041428454463
31200 291.856272858161 553954.334411175 309.960276043646 4.97847082717409 -187.720854973001 -294.889970491586
31300 329.532617213685 547203.183719059 310.088250518407 4.97641619534539 -188.981245955774 -294.887978402259
31400 306.703066078076 544390.437782049 310.536962188812 4.96922550214126 -189.451528447975 -294.966340825684
31500 315.574839436901 560062.177276461 309.56727975132 4.98479100603183 -186.324259733295 -294.537633672481
31600 364.797894838087 562285.376430052 309.264671148119 4.98966851317801 -185.850190052924 -294.386922449783
31700 373.152128042416 539701.7282834 310.853016802953 4.96417312508921 -190.247117343718 -294.959619624623
31800 301.185057475116 529910.047787469 311.427784262233 4.95501130549982 -192.318734326267 -295.321563315923
31900 254.874157239637 550459.892668944 309.95691608458 4.97852479421701 -188.529304860124 -295.021224295913
32000 261.139281686667 579461.812348908 307.576783829184 5.01705028791482 -183.137659805372 -294.379461563236
32100 295.144430274245 555262.390892001 309.091484303219 4.99246427103865 -187.877253056583 -294.998332774431
32200 289.879609781788 512276.419534555 312.602877447111 4.93638511733533 -196.200966391961 -296.151928595442
32300 258.910674452672 527445.945886358 311.616951272186 4.9520033668459 -193.191050914287 -295.7771877213
32400 253.387611192808 591892.215981144 306.916075628928 5.02785065495174 -180.580834609814 -293.964869467548
32500 314.387723732413 586960.355485144 307.571388312771 5.01713829862779 -181.20721752097 -293.886570526786
32600 296.548836948168 520569.724919858 312.645019999958 4.9357197241342 -193.864071855194 -295.446845075836
32700 369.324739508606 502546.099271265 313.466558597762 4.92278410420887 -197.38260725216 -295.705979412027
32800 332.191366680953 570162.069388726 308.668663234503 4.99930305751112 -184.350506911042 -294.195560677113
32900 308.153412956011 605185.844956857 306.377791291977 5.03668423667017 -177.739189282467 -293.466453100811
33000 226.018821264848 544787.936610805 310.714612929835 4.96638435288072 -189.54984000178 -295.202102940895
33100 264.892192032782 505929.149693839 313.348667780358 4.92463619774435 -197.273404809123 -296.221445207802
33200 289.171646590918 553463.454086398 309.501248278633 4.98585450122933 -188.109744135308 -295.025324232972
33300 310.358616547999 584333.362659445 307.162855628841 5.02381119197158 -182.186030273091 -294.212080033325
33400 231.66705697112 546053.930960226 310.284604845906 4.97326701926598 -189.51038623829 -295.261611644821
33500 298.52464744471 519762.270628331 312.157586851097 4.94342683588918 -194.498206035364 -295.765286245058
33600 289.399166411353 551148.942832261 309.963954723212 4.97841174224302 -188.183780032655 -294.811424341384
33700 324.501214480565 581474.332453333 307.749772528283 5.01423016234498 -182.077461743858 -293.768398131671
33800 367.485245197676 553025.509057575 309.655178451788 4.98337602355447 -187.462721394462 -294.346833535424
33900 365.690603039286 516738.922096157 312.746452749725 4.93411892700509 -194.608239051771 -295.476192665676
34000 306.615940758003 537960.28541437 311.356719704283 4.9561422452412 -190.64521563661 -295.188972081544
34100 343.755755634208 576783.286894129 308.167831827755 5.00742787692593 -183.361857194492 -294.302227969278
34200 303.817031450652 566048.557093625 308.576008464289 5.00080417640345 -185.589823866191 -294.609650548783
34300 278.482720951104 524395.50435414 311.409645180202 4.9552999264784 -193.695078011939 -295.620064394535
34400 322.781961311143 523005.981318483 311.693187423884 4.950792170403 -194.011035295833 -295.758502793275
34500 280.46428610859 572110.737412154 308.518920992073 5.00172951112379 -184.456836999995 -294.623842566721
34600 276.979483652493 583179.396451277 307.840369963507 5.01275447417456 -182.26654244438 -294.317968213423
34700 289.702905143172 534995.064498859 310.828566483882 4.96456361563583 -191.510723188706 -295.301877892406
34800 305.730748859427 514234.447805136 312.404162276478 4.93952507105347 -195.444223656238 -295.713439863235
34900 324.453468327225 557947.616756069 309.281455747782 4.98939772556082 -186.920235862014 -294.625505001415
35000 293.602355001916 584133.684723549 307.78464612932 5.01366202399114 -181.853972113551 -294.068437526602
35100 287.458585970524 549368.898483446 310.69870124553 4.96663869427206 -188.542912634516 -295.078118501968
35200 276.928111135916 523200.560741214 312.22720915357 4.94232452081755 -193.654180722849 -295.613890472563
35300 325.941386870417 556159.915139211 309.352342878511 4.98825442053349 -187.179609583452 -294.564390700532
35400 363.164293420337 568482.342750695 308.353593930601 5.0044112416391 -184.878557941203 -294.288210044617
35500 261.96588255825 547016.733061482 310.220832440311 4.97428937872195 -189.196192564995 -295.112105255708
35600 281.319295174528 537642.659198241 310.872073612734 4.963868815661 -191.123967831642 -295.443366055009
35700 254.412151676807 551899.620478038 309.639850187689 4.98362271823459 -188.45796125594 -295.119191028978
35800 284.397347504908 557569.341545425 309.004470967277 4.99387011144423 -187.403024134198 -294.938878899148
35900 299.804366976693 550749.126839103 309.72696842897 4.98222095316187 -188.70690272099 -295.175732728656
36000 281.986417616606 545021.385356678 309.981536696849 4.97812936960579 -189.739674550875 -295.187836201922
36100 348.417209289246 544600.37670756 310.226056530596 4.97420561355694 -189.649216733029 -295.099039053519
36200 298.426708524351 547024.28182052 310.667627006622 4.9671354776635 -189.011175817782 -295.081097295336
36300 311.956966532119 554965.421129151 309.650505944119 4.98345122079213 -187.311963533653 -294.569387066037
36400 342.289473035542 558282.674602522 309.42766953336 4.98704008660012 -186.58486098778 -294.405757713646
36500 318.872705188393 550961.367852771 310.369210456708 4.97191132327658 -188.028918021288 -294.759633852292
36600 327.978409997911 536239.454493186 310.713439306553 4.96640311185142 -191.043557532373 -295.037596389794
36700 313.693994816518 538465.275476245 310.914258517128 4.96319531701732 -190.902132242079 -295.395321264586
36800 252.790265339387 566390.56423494 308.958834440764 4.99460775950713 -185.696831716111 -294.917862335568
36900 238.249874315508 571620.339594815 308.344414477391 5.00456022361083 -184.708316806646 -294.718630224506
37000 257.043263532226 542739.246595415 310.387716113739 4.97161489245487 -190.229430238566 -295.373648242039
37100 295.53803332632 525082.653319207 311.580011211126 4.95259046261636 -193.547374800281 -295.661754213514
37200 282.90041965232 544114.700383549 310.405135051798 4.97133590141353 -189.71501147715 -295.131610120448
37300 272.917009434605 574094.788391055 308.403576373376 5.00360018522579 -183.851099010451 -294.358827664015
37400 305.288777114101 568802.913836026 308.784656268909 4.99742510043074 -184.774254285858 -294.398638511697
37500 333.339286091939 533370.280372231 311.238119991105 4.95803082190003 -191.516914954132 -295.129196948145
37600 329.952509235265 528179.092547395 311.438296706612 4.95484405156446 -192.548522181396 -295.218357208314
37700 301.566028974614 556508.738534986 309.794280179073 4.9811384218396 -187.185971221111 -294.791608969393
37800 243.375151674315 571391.869743239 308.666701274843 4.99933483428161 -184.567540317463 -294.648822603722
37900 260.468284840933 548324.385747926 310.114720085134 4.97599143775727 -189.265307070324 -295.398097934546
38000 218.685097490555 537931.440585049 310.599193344934 4.96822987609118 -191.360077499172 -295.643888627717
38100 258.03257234011 550652.743002325 309.331136417285 4.98859639459138 -188.838815047685 -295.152968803032
38200 348.369264613919 559048.238472826 308.887444621816 4.99576210925451 -187.122953893634 -294.903202700303
38300 298.589064236332 550823.950553647 309.977190928241 4.97819916118716 -188.596705137125 -295.166025613749
38400 303.476043607052 542430.178515012 310.535766268873 4.96924463937602 -190.072088566177 -295.20655479541
38500 318.782805287774 544789.09459399 309.907148857132 4.97932428327915 -189.512585139794 -294.89051012751
38600 316.024171519792 555489.687825256 309.427943410292 4.98703567253453 -187.40529855291 -294.686881879962
38700 340.609204106938 558409.172144922 309.472239651318 4.98632185427928 -186.810018597883 -294.670879836034
38800 272.760711572101 552289.013584454 309.89242640689 4.97956084231626 -188.010724851021 -294.834275500749
38900 305.337662926061 534231.229818367 310.972211305751 4.96227037582115 -191.532699752631 -295.223564576331
39000 292.182807552477 541211.0009609 310.174829918089 4.97502712348913 -190.250828182056 -295.027068610527
39100 286.986664863746 562289.901806305 308.965067753975 4.99450699421753 -186.255481996361 -294.68794097261
39200 304.037933962572 560425.585784661 309.223838362646 4.99032739531678 -186.580349104211 -294.743807220696
39300 285.536404449205 542504.899616026 310.339601353867 4.97238568695123 -190.108798303833 -295.191324654305
39400 272.991679103859 541709.157970908 310.340953671823 4.97236401966444 -190.289606282608 -295.218455693052
39500 275.559159521712 556433.423141275 309.58479902786 4.98450891875752 -187.332863421872 -294.851185826161
39600 306.703233959385 561055.922782743 309.52013544779 4.98555026035267 -186.406946304041 -294.795819323648
39700 297.119023749436 551465.772070424 309.933541280054 4.97890026840225 -188.217402276056 -294.895873488513
39800 310.78437021358 550053.379030945 309.854268941002 4.98017405775985 -188.35532168713 -294.733356590377
39900 312.495998155789 548747.746444677 310.111035354235 4.97605056235239 -188.480120516932 -294.693594374689
40000 347.806865293053 548159.008675372 310.124820425626 4.97582937653387 -188.580991033922 -294.685227446165
