# step temp[K] press[bars] vol[A^3] density[gcc] enthalpy[eV] etotal[eV]
0 298.506426790408 137665.38854347 348.564262535745 4.42709812141993 -272.560741417787 -302.510771663738
100 252.859361394438 158481.537151892 346.270794606607 4.45642028118266 -268.024921494115 -302.276783133618
200 253.462366311092 152136.145669767 347.087050958348 4.44593996694881 -269.327096780385 -302.285067481297
300 279.744874694613 138302.453750206 348.787547128436 4.42426400991284 -272.195583311948 -302.303485659397
400 356.829112216933 159378.151778643 346.614577848257 4.45200026336365 -267.313869390345 -301.793710279903
500 353.165425749844 157629.544016363 347.084581026227 4.44597160525985 -267.444129119468 -301.591917607362
600 324.860805319106 133407.948388837 350.162862688547 4.40688706968522 -272.690750562176 -301.847656254677
700 349.774450496995 155912.118024449 347.285537809846 4.44339894369874 -267.912689307981 -301.707981998388
800 388.928721401998 167681.351662305 345.684743905159 4.46397539687053 -265.504126171604 -301.682964837041
900 274.693727140005 134255.543136472 349.856144879336 4.41075057406334 -272.85609505978 -302.172544745821
1000 292.928409312387 149728.156157249 347.304176422695 4.44316048185961 -269.62515550149 -302.081763098395
1100 344.249833332488 170179.292789416 344.818470221306 4.47519006413936 -265.28494239001 -301.910722011038
1200 294.314692129957 130451.657591151 349.724568462253 4.41241002498421 -273.941291895668 -302.416400384808
1300 282.777727556409 145641.065795511 347.877798277507 4.43583407595084 -270.735500644427 -302.35829208328
1400 315.967946613599 179744.90206334 343.644314372269 4.49048078879156 -263.496529778754 -302.049282007654
1500 270.044855643837 121273.551643269 350.813175469846 4.39871789250617 -276.221735074335 -302.775838041444
1600 256.175149803962 148366.964531645 347.395290271106 4.441995142369 -270.359231016147 -302.529210235112
1700 305.02754955108 188886.670453643 342.514451151048 4.50529367937706 -261.61247641362 -301.992805459875
1800 248.787458494427 118698.357377773 351.240642432058 4.39336456391038 -276.799598933528 -302.821505571779
1900 287.239472660557 136775.943043699 348.731198816783 4.42497888660903 -272.638117181626 -302.408893738969
2000 388.927127953687 185712.453580539 343.253258524306 4.49559662885721 -261.784046432115 -301.571426187132
2100 326.731108705626 126683.622245364 350.608373101115 4.40128733440454 -274.415469902412 -302.137970322312
2200 344.504526163099 136164.09347213 349.335351116581 4.41732617936838 -272.328231108054 -302.017176990456
2300 327.354581815779 188463.444564184 343.289584548355 4.49512091634333 -261.128173140023 -301.509203311787
2400 307.096903718102 132747.065059656 350.029987685299 4.4085599695918 -273.351864672406 -302.353322094913
2500 286.976114083263 133932.837413169 349.109317729369 4.42018620958825 -273.320273312355 -302.503825493322
2600 267.432859124076 185573.419308104 343.054623633416 4.49819966139004 -262.31230020607 -302.046885950592
2700 308.343949776926 135178.072267086 348.860229196014 4.42334225206016 -273.22154614955 -302.655415185434
2800 229.600607501018 130136.235843857 349.717507286167 4.41249911633222 -274.2962200782 -302.701904474968
2900 304.218879628543 177102.244864909 344.056219356207 4.48510477373029 -264.020662467507 -302.052133287181
3000 326.036112594693 146176.605283272 347.495226217364 4.44071767161736 -270.601518052346 -302.305685802027
3100 284.311639796242 127939.527155254 350.272515086427 4.40550749888374 -274.483757828318 -302.454271660995
3200 321.096120866504 175278.167940946 344.570419805171 4.47841167775993 -264.143455036388 -301.83947161764
3300 344.91001402955 147384.12418585 347.976755479129 4.43457261891354 -270.064875821214 -302.075237565582
3400 358.304867431565 125732.515478733 350.250683334677 4.40578210204834 -274.714085700796 -302.200382912005
3500 304.284365381559 170146.214491989 345.321348075853 4.4686730214176 -265.02097319638 -301.693037827447
3600 369.916944363524 148323.886354024 347.777921053159 4.43710798889458 -269.680689625433 -301.876750944974
3700 311.397280182726 129354.0204156 350.091050037759 4.40779103521694 -273.878507355018 -302.143611002402
3800 276.534092160556 170042.904118195 345.634020573226 4.46463050514205 -265.256001676122 -301.938984244097
3900 309.175591216787 163728.027880767 345.813397403928 4.4623146571261 -266.843752978152 -302.18277185135
4000 268.950814473026 122053.772298758 350.565886846437 4.40182074116663 -276.042774615169 -302.748876551421
4100 288.283864946174 160882.758972075 345.40566951963 4.46758211587034 -267.668277742452 -302.352232398456
4200 291.197416423554 161552.970124128 345.85837792023 4.46173431201957 -267.55796906945 -302.432059530349
4300 237.075527271327 132710.831100862 349.152988642076 4.41963334716866 -273.743711925507 -302.664610031328
4400 300.976481037065 150586.297755465 346.956703255611 4.4476102562263 -269.673119276354 -302.283087918825
4500 316.631743703779 165058.305203193 345.551457548434 4.46569724467109 -266.260850546127 -301.860010778122
4600 307.079355669806 134838.129960986 349.893788921539 4.41027603440012 -272.594765628672 -302.041598847824
4700 357.051326810518 150620.716968342 347.604460282179 4.43932218422467 -269.164372810022 -301.842690728863
4800 312.67312727794 174170.175813517 345.159281531364 4.4707712480445 -264.165514322661 -301.687255995931
4900 301.052221798882 137109.341127506 348.967833662234 4.42197831150166 -272.342372156756 -302.205966928069
5000 325.321604666723 139976.926105219 348.016764211201 4.43406281120883 -271.844191506208 -302.249279140042
5100 298.835908020821 168270.471013496 345.093207313328 4.4716272565314 -265.799451034013 -302.043270949093
5200 236.358070054585 146816.208947588 347.973342710296 4.43461611124289 -270.524383497961 -302.411086986338
5300 308.167976999399 136405.807282879 348.70003644238 4.42537433494392 -272.835402172875 -302.522961546322
5400 322.530583421734 158793.61158374 345.564933328411 4.46552309866346 -267.984478221217 -302.233828277164
5500 230.140518267207 150188.598868898 347.71871494796 4.43786349577723 -269.789588442188 -302.384865303712
5600 321.737588691467 140054.359782262 348.574544643891 4.42696753270553 -271.86184603234 -302.332511833825
5700 350.779594470347 155040.406909537 346.973733999951 4.44739195119114 -268.247116644281 -301.823285628331
5800 294.863324151025 160767.295144857 346.943463419776 4.44777998310073 -266.708381018209 -301.521750320646
5900 411.61100972957 141368.162848477 348.226684692122 4.43138983800293 -270.90807071236 -301.633878180976
6000 376.805357257228 129474.378936977 349.911215197687 4.41005639386067 -273.696669044863 -301.97353945883
6100 229.368124662868 174277.334278556 344.731682363791 4.47631671474186 -264.251755728237 -301.750070454313
6200 266.615818981931 157581.500450774 346.264350612635 4.45650321534952 -268.024884113712 -302.081591300562
6300 321.836707812094 119602.541422244 350.510511714351 4.40251615941178 -276.426720220005 -302.592344292163
6400 320.641612662889 162939.285710258 345.696816656155 4.46381950170222 -266.977314777233 -302.134235614771
6500 345.211365662471 159144.838186342 345.932428917929 4.460779224119 -267.811831980326 -302.173439720516
6600 233.995982473513 127279.397683622 349.94048543766 4.40968752139718 -274.773800127995 -302.573617571092
6700 286.783152356368 162831.934313066 345.74924062963 4.46314267836422 -267.032312112471 -302.171397999074
6800 355.030184092501 165840.313449184 345.263345464667 4.46942373737741 -266.270205510914 -302.008204061245
6900 282.07373538984 125318.953090944 350.882495180824 4.39784888975691 -274.92079962357 -302.366107274755
7000 351.353001369116 158963.180477077 346.407650264916 4.45465967823173 -267.425486868697 -301.795022202477
7100 406.561730218012 167583.143549887 345.280612391969 4.46920022869495 -265.463705093146 -301.579083412249
7200 326.94489876424 129577.219528987 350.561536897357 4.40187536123776 -273.779033533818 -302.130959320377
7300 318.63626326722 149810.806705194 347.49373543739 4.44073672270318 -269.480048160382 -301.972296568017
7400 398.955156141499 163074.389703547 345.184261703211 4.47044770886136 -266.850544948876 -301.984447370064
7500 298.877179949605 132450.327008039 349.104297156178 4.42024977760664 -273.761431402303 -302.621534092766
7600 244.961097479857 148947.523999756 347.547848748984 4.44004529857022 -270.258527371979 -302.568570330794
7700 292.801827979275 170379.121520266 344.910599316481 4.47399469579706 -265.651609363443 -302.330193099112
7800 285.102537766526 138497.895324037 348.652923573729 4.42597232815056 -272.414880200544 -302.553692068983
7900 262.889603502079 147013.649376986 348.052317646275 4.4336098730835 -270.4730592224 -302.409891020455
8000 319.202883722929 163003.953633124 345.687932202189 4.46393422540293 -266.918591379134 -302.088561524256
8100 307.391379399165 141220.672504112 348.94681727693 4.42224463861915 -271.478563210275 -302.235788899216
8200 332.07582828332 150901.601442077 347.531227917119 4.44025764566439 -269.262993363547 -301.995353901743
8300 336.64429543969 158751.22951096 346.28473849893 4.4562408339312 -267.511806435308 -301.823337029838
8400 355.689778081654 143360.12290173 348.431868027658 4.42878029670819 -270.781367116885 -301.958478641941
8500 360.872990240194 147066.131130279 347.580252107832 4.43963137292215 -270.055836350537 -301.960737548866
8600 313.51414644997 153702.739770257 346.960915538343 4.44755625996608 -268.798579062892 -302.08382779263
8700 250.287589834061 152970.919030041 347.220515545132 4.44423103699223 -269.162282330636 -302.313836712456
8800 289.782438415 151834.492165641 346.872924061292 4.44868447441418 -269.565670133819 -302.437999912004
8900 271.776595071458 150856.004419848 346.692671130052 4.45099744057543 -269.872582136006 -302.516096210969
9000 255.208751618574 148105.522922159 347.007752376264 4.44695595789713 -270.494318184082 -302.571785693892
9100 309.927935384031 151921.509480548 346.742360633657 4.45035959565517 -269.620301761087 -302.499090601339
9200 308.50715307137 144701.792300953 347.595771198385 4.43943315692815 -271.068673356322 -302.462050483397
9300 239.650691598087 150416.530304775 347.206444181454 4.44441114998334 -269.545861921654 -302.142513185253
9400 326.597726686673 154806.171847562 347.032793470011 4.44663507571214 -268.403549817847 -301.934698391465
9500 405.879327437439 141359.498872337 347.967733229763 4.43468760032182 -271.25895682523 -301.960034011859
9600 278.671734824706 138413.059495437 349.464750308804 4.41569053961103 -271.96441368631 -302.154898489983
9700 314.653314356093 171710.623598888 344.842536292581 4.47487774697508 -264.819927367674 -301.777857377396
9800 340.782254959196 145077.943640954 348.062581379008 4.43347913398883 -270.713473438428 -302.230727351982
9900 287.861841809621 125894.813087576 350.427462387275 4.40355953084731 -274.978152803039 -302.51382061367
10000 285.611886537865 176688.433102169 344.345918545475 4.481331442476 -263.98261092526 -301.957166657994
10100 296.737329557926 159549.053332468 346.039572756043 4.45939803813716 -267.682655889763 -302.142209034375
10200 284.516428765771 113628.334254876 351.731330130387 4.38723553939333 -277.71394016551 -302.659160088513
10300 236.565840242387 177838.507960053 344.082508393566 4.4847620969476 -263.861274063785 -302.053770276196
10400 311.507786478513 158528.529143031 346.147356830687 4.45800946162047 -267.940000083814 -302.189804237799
10500 294.916495491454 112553.141591911 351.710484287778 4.38749557037229 -277.844043174164 -302.551757921823
10600 297.253620219349 169607.008635888 345.453308191589 4.46696602775127 -265.443522660622 -302.01334017183
10700 307.924952481095 179602.705583598 343.968734271835 4.48624551627591 -263.348590129523 -301.907210425968
10800 272.432532158234 113573.567028348 352.096159029384 4.38268964966852 -277.724714244111 -302.683772573794
10900 326.319702882913 151160.233280468 347.186487418412 4.44466662092876 -269.485184451627 -302.241120161578
11000 278.269934764395 184112.979754001 343.461560799256 4.49287014324155 -262.353958713999 -301.822601144911
11100 296.924335961501 126075.022304015 350.447195249772 4.40331157670215 -274.916790345232 -302.493426226169
11200 307.686115762323 143453.651933618 348.069917651338 4.43338568951504 -271.155601056925 -302.32064486784
11300 293.794318782659 174532.82614452 344.642224727736 4.47747861738409 -264.486459171112 -302.030001652522
11400 301.390117366715 140979.773533538 348.345102329896 4.42988341602896 -271.784663109582 -302.436475589659
11500 327.194338931346 132925.833991302 349.027253298275 4.42122549824893 -273.594453455179 -302.551774156342
11600 282.57761570204 164138.473824147 345.373930900238 4.46799267056394 -266.883075137027 -302.265662459092
11700 235.892202385994 153680.869820899 346.746452160033 4.45030708246128 -269.178605666608 -302.43854698722
11800 289.710480833363 133963.520098614 349.035626434829 4.42111943593886 -273.426708279085 -302.610784538495
11900 300.417218900149 157476.439566093 346.583681483042 4.45239713902001 -268.199284773162 -302.264672807288
12000 308.00947330285 164601.16207616 345.849029541599 4.46185491372185 -266.480396757451 -302.011533411534
12100 325.387383985713 132867.942611722 349.363085354941 4.4169755092996 -273.187137421637 -302.159697171199
12200 357.096985326471 139998.433424724 348.520168571032 4.42765822762311 -271.478324948985 -301.932071846948
12300 370.612316875081 171776.170269976 345.174013106529 4.47058044137834 -264.566426470076 -301.574003380708
12400 339.153814402841 144938.886745893 348.471090713437 4.42828180870562 -270.54038615375 -302.064386131988
12500 306.594705074534 131795.812106243 349.423775552745 4.41620834021692 -273.621961024432 -302.365729434594
12600 265.771465121054 170181.896909417 345.056084660996 4.47210833387327 -265.503898395622 -302.155477686509
12700 298.164267418896 160767.683016235 345.63628459543 4.46460126046189 -267.657922988443 -302.340209640848
12800 287.493705651111 119510.979484943 350.486021331664 4.40282378738826 -276.686298339855 -302.830064463705
12900 274.328564173742 162725.849392082 345.498539132704 4.46638123489551 -267.351658309342 -302.442388478018
13000 260.72800290635 168730.99976621 345.112573333741 4.47137633080044 -265.922521082564 -302.267573909448
13100 232.701615333002 126991.685671396 350.19752893622 4.40645082948933 -274.769789388738 -302.527139791498
13200 366.587227769277 154952.721197417 346.606693276059 4.45210153699218 -268.579459543721 -302.10114102411
13300 372.762199521429 163012.405545251 346.000950958644 4.45989581124175 -266.731151059609 -301.934792691298
13400 296.494171110266 131076.362756411 350.481293578508 4.40288317847257 -273.582663116776 -302.256041596882
13500 350.759788251307 163189.039160803 345.892026502741 4.46130027184623 -266.576024711137 -301.806717121346
13600 323.650065384861 152510.17516769 347.034679697046 4.44661090705182 -268.982062268705 -302.016075556168
13700 244.484581437617 131273.478800658 349.627089911597 4.41364023667702 -273.882232677226 -302.52874220701
13800 271.140892454274 164839.427343403 345.33866176615 4.4684489827295 -266.851364677698 -302.381424721064
13900 290.85241278806 150966.526216783 346.946224720576 4.44774458378651 -269.943075247841 -302.634396291491
14000 259.346304936101 137585.600919046 348.295878709817 4.43050947826971 -272.841432961851 -302.751057631741
14100 247.585690492543 160008.589685532 345.834267430585 4.46204537026064 -267.897892719883 -302.436193210807
14200 273.744146774838 150387.312111881 346.926314686724 4.44799983898475 -269.817145558778 -302.381170787345
14300 334.466602566976 134421.674009108 349.244785444599 4.41847167424897 -273.120361901894 -302.421795731696
14400 286.317584369792 165283.435324575 345.953274964895 4.4605104317128 -266.349013127269 -302.038180798861
14500 316.933727885754 146465.220798021 347.926726950758 4.43521026794966 -270.369185631757 -302.175397297186
14600 321.133084858549 140839.250007557 348.725962100137 4.42504533523377 -271.582428891151 -302.237168216279
14700 305.984281924929 164145.8127902 345.892040818052 4.46130008720798 -266.554599571922 -301.991850198017
14800 306.480726832541 141875.880834839 348.18609209268 4.43190646298236 -271.423958845592 -302.256522243001
14900 303.845265791081 142175.530325521 348.174865218311 4.43204936949873 -271.404844334404 -302.301531502409
15000 284.980665346642 156303.035934467 346.451312737224 4.45409826758703 -268.468449783125 -302.267093056391
15100 264.781630169671 151215.095598433 346.69112684963 4.45101726683481 -269.817433450367 -302.538504998786
15200 269.533612109192 139036.183434343 347.870575821721 4.43592617231575 -272.708658584914 -302.896716636795
15300 203.496692652249 159321.480113553 346.000073847772 4.45990711708646 -268.366520449031 -302.772994320559
15400 245.057467707867 152692.435924644 346.608426589669 4.45207927299744 -269.731044667879 -302.763912749507
15500 253.498691337613 137709.615609357 348.720654723225 4.42511268250193 -272.863725927559 -302.836820225833
15600 254.114023508134 160988.386688574 345.507683456219 4.46626302613516 -267.66276930306 -302.379746207991
15700 253.515858208461 149940.765214318 347.124406509218 4.44546152022053 -269.893338607018 -302.37920963094
15800 270.230636362982 143877.680327696 348.248466390003 4.43111267039429 -271.072659913517 -302.345857043716
15900 311.849521402437 160736.973530551 346.223611785069 4.45702759528738 -267.359932940554 -302.094517752619
16000 279.610151600266 150791.108719397 347.283921183321 4.44341962797508 -269.449229225447 -302.134346948527
16100 360.196555077834 140126.816792505 348.582650384227 4.42686459055033 -271.67229544235 -302.159434148627
16200 356.063192954668 157447.283244371 347.120438410003 4.44551233841047 -267.852457234417 -301.964285729124
16300 311.570322395461 152939.658929901 347.382920715337 4.44215331222526 -268.801184916297 -301.961467452133
16400 276.036817761322 142530.998862079 348.594407232804 4.42671528816457 -271.243149399389 -302.254407560163
16500 299.870609930984 149583.716504538 347.111138652016 4.44563144201814 -269.916206952646 -302.323481781412
16600 282.199687892699 153040.203290216 346.601818036119 4.45216415946587 -269.315678281395 -302.4231497073
16700 234.395542428298 141091.618527831 348.602109321857 4.42661748337667 -271.982354727646 -302.681117208831
16800 225.529546777678 162496.761616507 345.653707590434 4.46437621810374 -267.424022451323 -302.48108896315
16900 266.894438433022 153945.376388989 346.588514326739 4.45233505462148 -269.252345706546 -302.554356621155
17000 295.739839417895 131436.613969609 349.65424951397 4.41329740453924 -273.869561658069 -302.553898631057
17100 331.803509725936 166235.04477693 345.684617357024 4.46397703104149 -266.05325871644 -301.920029852479
17200 313.270472882859 158773.838373433 346.648361579545 4.45156637935536 -267.575160003107 -301.92761176722
17300 314.80469261771 128429.186383002 350.178766351452 4.40668692720614 -274.205855584624 -302.275905327034
17400 306.263559746215 164908.901778776 345.590660633615 4.46519066527118 -266.444909999791 -302.015882554994
17500 301.84421814025 150111.825408478 347.474965554065 4.44097660217199 -269.649725761583 -302.205503082663
17600 321.297882289782 131848.349313956 349.554551382209 4.4145561422796 -273.638737596845 -302.404725985094
17700 252.569640797122 170121.390126367 345.024922244646 4.47251225165681 -265.430775132515 -302.066014383934
17800 240.711028180828 157179.55444603 346.794242732206 4.44969380030257 -268.370901053444 -302.392723591159
17900 276.748372423902 137699.230570969 348.383098290898 4.42940027640955 -272.78297313457 -302.724795760596
18000 288.043126235712 155930.210202225 346.095475327638 4.45867774031223 -268.96796190229 -302.651354598336
18100 274.9549534282 154004.182489887 346.199436338523 4.45733883390037 -269.463429968461 -302.740763128555
18200 207.45678476026 143037.490495088 348.062532611422 4.43347975517053 -271.809749248386 -302.883723432942
18300 271.452146923869 153921.259416981 346.422848467031 4.45446424418792 -269.256212194259 -302.537090503773
18400 321.643870482675 147500.503565537 347.240763839677 4.44397188510561 -270.35564465488 -302.323525549921
18500 254.347627969278 148679.319460701 347.443857491193 4.4413742208847 -269.975008141032 -302.21722133202
18600 304.592266674258 158741.74329057 346.327296772115 4.45569323079233 -267.730905847846 -302.044602771198
18700 302.403034438366 144597.22405607 348.16460208228 4.43218001668487 -270.772531185022 -302.194559267249
18800 282.118991458553 147503.17656449 347.843983209288 4.43626529810539 -270.163363487685 -302.187358641911
18900 365.37075154008 158116.582818598 346.072759317565 4.45897040526702 -267.889262472901 -302.042704437564
19000 282.485368831299 149265.68528321 347.495761879598 4.4407108262828 -269.895649133844 -302.269855739651
19100 279.709418416317 137445.114541807 348.932195957976 4.42242994410286 -272.596707386649 -302.530379264104
19200 268.279972079343 167229.674650969 345.158566929388 4.4707805041438 -266.316114365295 -302.342578896884
19300 207.715399707068 150997.611811552 347.13762480714 4.44529224604633 -269.938929670151 -302.655020759874
19400 261.255220599098 128443.779306231 349.324462344189 4.41746387158446 -274.900694669203 -302.905445798436
19500 291.812966333714 171423.739887809 344.298148033821 4.48195321606707 -265.528633709547 -302.366570211802
19600 285.353175050241 149235.625813891 347.209553141102 4.44437135414592 -270.084380870087 -302.425408810251
19700 305.182750434683 118850.223535801 350.836206340377 4.39842913581443 -276.414714898814 -302.439913463395
19800 301.232135330276 178786.070003381 344.477780907203 4.47961603736008 -263.257701881406 -301.697804237098
19900 303.449492048133 161682.355063636 346.592563357913 4.45228304068541 -266.904267656628 -301.880377898695
20000 329.068343957349 108333.227991651 352.66102455802 4.37566979169325 -278.608087005905 -302.453716483815
20100 307.813687229969 183883.307424105 343.692806906731 4.48984721488479 -262.326628271117 -301.772575750614
20200 338.11047038326 168476.862426435 344.995065048442 4.47289932002199 -265.750110481906 -302.028064946951
20300 244.246797832133 98806.7798618241 353.376905732975 4.36680543304142 -281.089706495062 -302.882582706273
20400 214.473411655257 184554.415088371 343.453973779302 4.49296939233468 -262.613354615289 -302.175754413699
20500 278.799748695098 179544.876047713 343.524953000566 4.49204105375011 -263.757163717177 -302.253637174242
20600 263.229949311037 92277.9274594522 353.870385206404 4.36071583375379 -282.735311232825 -303.116602392773
20700 236.708148823743 177058.803220559 344.11622114251 4.48432272893948 -264.113383349235 -302.142156261753
20800 338.547710782924 183787.927432639 343.34321659431 4.49441875442514 -262.388253377979 -301.773638306496
20900 345.045328359295 96282.9538708798 354.357469138075 4.35472178876196 -281.211071965238 -302.506218820046
21000 273.332228460974 173418.729824549 345.289605246162 4.46908383113937 -264.306463051779 -301.680425760264
21100 297.795040907036 186693.703001395 343.296486395816 4.49503054361854 -261.511609118175 -301.514250695182
21200 333.433946513533 102452.679344411 353.141854480648 4.36971197915789 -279.936307527957 -302.518294706146
21300 330.312424819751 156527.142632092 346.325626274092 4.45571472278185 -268.304789540357 -302.139614043746
21400 304.779849311433 182423.109226671 343.319917606856 4.49472376267198 -262.906153300182 -301.996407606925
21500 258.027378558084 114413.732807508 351.368543504595 4.39176534266488 -277.756799127021 -302.84853318597
21600 243.804271204229 150048.185557056 347.231676558187 4.44408818677443 -270.034916854635 -302.554107490305
21700 274.07735361129 181748.495710694 343.256316585455 4.49555657770962 -263.167465674903 -302.105946661611
21800 237.798260134507 126050.877680655 350.45036759956 4.40327171700777 -275.007403385444 -302.579007649664
21900 309.83811758234 151351.492510825 347.187221031337 4.44465722926719 -269.152540038768 -301.949990309558
22000 380.438386532046 171818.200903471 344.725646939464 4.47639508567549 -264.547837405675 -301.516386415365
22100 344.641199788076 127189.031219745 350.385452702026 4.40408749839972 -274.275025248996 -302.090429034199
22200 325.563960646256 147001.871567705 347.802786133224 4.43679077163871 -270.01326587309 -301.924644237488
22300 307.306913454591 170909.860417137 345.26463180586 4.46940708579097 -264.970479706183 -301.801084841706
22400 279.401772304327 141946.901943563 348.517553414148 4.42769145126071 -271.426263621988 -302.303627620329
22500 336.918088506495 144690.057373398 347.419666547879 4.44168347520263 -270.968308457569 -302.343235929954
22600 295.765600322094 152758.292904728 346.530648497256 4.45307853304738 -269.312847212591 -302.352546835953
22700 241.751801148827 147081.034197321 347.522523789607 4.44036885735885 -270.588000932738 -302.490835736418
22800 276.95552173321 153595.130525507 346.740214722951 4.45038713810308 -269.167873187968 -302.40866066601
22900 299.879119576545 147467.794577009 347.128518515321 4.44540886028646 -270.427345228025 -302.377805779804
23000 270.680001865931 146353.452434557 348.339008585131 4.42996091116506 -270.359322328571 -302.178923055497
23100 356.475013798604 160186.068809398 346.319121880479 4.45579840780112 -267.046157697826 -301.671243440599
23200 347.184369598778 146500.709920318 348.109022200777 4.43288766866864 -269.937642289467 -301.768229545042
23300 360.658652097398 139145.757399628 348.609565814949 4.42652280140027 -271.615496125646 -301.891525060084
23400 348.940175420761 161789.469470677 346.344449639011 4.45547256055207 -266.890255295078 -301.864482392536
23500 307.190212174195 155038.619999815 346.811368529771 4.44947407118707 -268.553270407008 -302.113340709564
23600 229.704138057944 132230.102268113 349.892599158221 4.4102910309581 -273.61650750436 -302.493684375664
23700 251.813627409436 171242.543416735 344.971119305358 4.47320980078969 -265.258971436285 -302.129897876142
23800 335.547340102153 157735.301930046 345.996517424185 4.45995295950992 -268.155977328823 -302.21955593121
23900 270.733684087708 112918.963705908 351.792242983516 4.38647588923223 -277.860918721351 -302.654701127644
24000 282.817336501485 173852.19024339 344.452441494961 4.47994557730169 -264.579619274568 -301.956157620114
24100 284.829698549981 167531.539386887 345.525038697123 4.46603869197097 -265.911234970762 -302.041050649398
24200 314.711953055585 109021.228772035 352.259728736095 4.38065457383633 -278.541979042129 -302.511740472105
24300 385.82210413581 163149.623179492 345.827563447666 4.46213186850168 -266.414992232844 -301.630610900057
24400 434.031006076379 171905.847263701 345.017970165979 4.4726023723453 -264.254184475105 -301.272956428498
24500 358.899254390014 114898.925107786 352.090320184205 4.38276232944658 -276.672492226364 -301.922394050552
24600 317.635571731214 153516.634213579 347.783106913613 4.43704182632833 -268.373013001461 -301.69673982539
24700 261.62898626289 182867.665738531 343.906084388482 4.48706278230012 -262.35257535466 -301.604994102157
24800 307.793633387878 122859.248582262 350.865900780235 4.39805688849957 -275.565137196095 -302.470488087834
24900 354.90089248569 144384.166575573 347.635405175491 4.43892701632945 -270.926345504061 -302.254384735959
25000 328.95167113133 165550.540454915 345.38213035128 4.46788659939251 -266.377999226074 -302.065826592861
25100 264.134494820116 140460.602777756 348.533139222165 4.42749345244466 -271.857595928887 -302.413015274489
25200 289.56067809152 143800.066931012 347.464042016996 4.44111621711532 -271.167777528341 -302.353700239206
25300 290.424670824125 153033.003761591 346.900003765412 4.44833720125771 -269.149870869817 -302.28426622584
25400 312.854031505598 151246.266548717 347.014468541591 4.44686989090534 -269.500794599459 -302.259134773156
25500 360.23396949702 137959.740426204 348.09365925664 4.43308331200717 -272.321778877045 -302.295324784786
25600 340.988014226813 145489.38551059 347.838898469114 4.43633014782888 -270.563097680273 -302.149422654426
25700 278.323358073982 164560.303652517 346.516767691361 4.45325691494551 -266.295082396949 -301.88598297
25800 363.801416957818 153901.958031131 346.701919304433 4.45087871149374 -268.539285189495 -301.842797152193
25900 372.072993877172 123692.918401858 350.481088144268 4.40288575921941 -275.136095849224 -302.194306125822
26000 275.102317230043 163392.818175076 345.994098172279 4.45998414428953 -266.674108747322 -301.959204223577
26100 288.387037824219 176875.301268768 344.325727683429 4.48159422256377 -263.98748854855 -301.999977696028
26200 296.267998952855 103772.793505787 352.45896729584 4.37817827052441 -280.10671516173 -302.935443227866
26300 251.720535485171 158019.16999525 345.939916506033 4.46068267418111 -268.34809290884 -302.467391546979
26400 269.865760565914 190726.553501676 342.534255182951 4.50503320037851 -261.229148840896 -302.005166930855
26500 287.586555571012 104444.869533915 352.891891543627 4.3728071651523 -279.828737828565 -302.833536345988
26600 269.621232911577 154804.863928603 346.867411289298 4.44875517746204 -268.708358501063 -302.223244286684
26700 312.586251782462 191078.000080978 342.615900258804 4.50395965482185 -260.794596312268 -301.655488365919
26800 377.867859618246 108531.814014903 352.292929432891 4.38024173335013 -278.38329332402 -302.247699459034
26900 387.975399339538 144035.362244013 348.671138638517 4.42574110920592 -270.360335706477 -301.70580467187
27000 318.01528717036 182595.30283357 344.482256489146 4.47955783729819 -262.064217448933 -301.323838311196
27100 379.570940082887 132149.961792087 349.658506797284 4.41324367023267 -273.096280760478 -301.936647794659
27200 339.816822218877 141782.336084569 348.42340603745 4.42888785634643 -271.165794063419 -301.999029012585
27300 268.513751667623 168455.658410959 345.469797163242 4.46675282336463 -265.604327829751 -301.927630625812
27400 281.129016808094 141664.784138387 348.523083664592 4.42762119409909 -271.586691236584 -302.403175821515
27500 332.205802377242 141117.174920512 347.774786374422 4.43714798290396 -271.828033857108 -302.459487608765
27600 288.586016722696 157137.953140541 346.31643067849 4.4558330335147 -268.423914375945 -302.3898694725
27700 249.871383305758 151142.993897978 347.054225747451 4.44636047448401 -269.754499933831 -302.494222882217
27800 283.383546327952 140772.149810564 348.034610112852 4.43383544919786 -271.948324997211 -302.527715141847
27900 296.836290232704 152577.670321426 346.718489898231 4.45066599222631 -269.222235187981 -302.240756834026
28000 320.024327377717 150135.884042583 347.437643132334 4.44145366044394 -269.493258075157 -302.050755767418
28100 336.425235473292 144971.080281043 347.97511341113 4.43459354532325 -270.437696838634 -301.923820934281
28200 319.554981896116 145805.984263445 348.476206928235 4.42821679410643 -270.185571674638 -301.898629720092
28300 364.729463726127 156288.010325683 346.831286313005 4.44921854735299 -267.937765293888 -301.770224861581
28400 357.859810124605 149538.825970646 347.673097204099 4.43844578218901 -269.532725264514 -301.982724860364
28500 267.423673380373 148659.868936484 347.886125388305 4.43572789844293 -269.92472033628 -302.203751894318
28600 289.668300070141 154870.080384311 346.76626613986 4.45005279505399 -268.66360116425 -302.182829234096
28700 274.036261658825 147947.022889657 347.777339057946 4.43711541426512 -270.119031730619 -302.233235092178
28800 288.515416718261 153411.972367563 346.908018326897 4.44823443202171 -268.96605010924 -302.183266390749
28900 302.449037922364 144333.674235768 347.7253213444 4.43777918128013 -270.964479241661 -302.289662986679
29000 279.337279222413 137606.550406562 349.123696641138 4.4200041610246 -272.418412318421 -302.403690195093
29100 297.936841579409 163411.837423888 345.765666726332 4.462930650334 -266.782513703605 -302.048417876988
29200 239.134102880062 150476.425478571 347.754721498806 4.43740399904655 -269.532514208058 -302.193639517558
29300 322.467659980214 141971.567693917 348.376144365796 4.42948869152714 -271.328188116388 -302.198387100566
29400 365.873709390495 154430.133155437 347.017844644651 4.44682662773811 -268.47160410757 -301.919861497306
29500 295.142887492239 147212.19097637 348.696515547753 4.42541901929271 -269.867984176846 -301.907137191268
29600 332.907983957433 154945.310435294 347.133572401557 4.44534413998155 -268.161331657417 -301.73236402387
29700 372.003725294402 144658.343426139 348.263253147314 4.43092453171734 -270.470823569219 -301.915040405809
29800 282.385676358303 140713.732422804 348.843384055022 4.42355584884111 -271.526488175516 -302.164220411249
29900 267.150185399851 166093.881665335 345.463051182088 4.46684004725229 -266.309657880025 -302.123002503906
30000 267.6537969358 149717.879137662 347.697447214418 4.43813494815365 -269.98470691309 -302.475836559869
30100 253.221045884301 144507.096745086 347.708153806909 4.43799828957436 -271.189084935496 -302.550358691059
30200 278.995621746064 149643.075074274 347.378832885669 4.44220558589418 -270.043221140974 -302.488358595383
30300 257.09001053663 157820.849191053 346.338380927016 4.45555063154061 -268.173753982539 -302.289481797393
30400 300.937953955639 140503.971550722 348.282491247966 4.43067978047586 -271.811565005791 -302.354437930165
30500 310.001923234307 151431.378444399 347.199694215506 4.44449755450621 -269.342893920353 -302.158834168214
30600 333.834015640597 154557.710797639 346.523558433947 4.45316964549256 -268.578711943969 -302.006919091561
30700 295.556793314024 135126.422194962 349.524820911052 4.41493164303436 -272.704666478731 -302.183340343967
30800 350.824084843437 156334.130892662 346.970511445832 4.44743325718338 -267.941063782382 -301.79709234869
30900 376.752909846552 160598.391022337 346.425915876942 4.45442480237037 -266.807977892327 -301.532894091183
31000 366.659204430178 137306.002538453 349.138047103569 4.41982248760291 -271.827976325832 -301.748992881669
31100 370.099066974267 146987.968747002 348.1734326393 4.4320676054131 -269.839061721908 -301.781426146378
31200 375.172977598129 161208.235711961 346.15886655925 4.4578612334981 -266.901453520804 -301.73136155782
31300 253.965694058979 144090.543549512 348.331979850113 4.43005030009053 -270.881538066416 -302.208513784935
31400 294.300273366812 149686.77479147 347.314999495534 4.44302202354483 -269.853868222048 -302.302516739354
31500 323.020017999849 156260.578967338 346.175193464758 4.45765098423558 -268.552790329475 -302.315322831315
31600 287.098994351646 137791.238577413 348.703251225982 4.42533353629696 -272.595628046394 -302.584991192339
31700 307.063010878652 155524.457645383 346.339905451086 4.45553101903257 -268.726531291419 -302.346002027778
31800 299.317888177727 156905.276329335 346.342906094531 4.45549241723154 -268.36532456155 -302.283578502653
31900 276.335422959749 136271.642575922 348.809978985093 4.42397948692881 -272.748699932942 -302.416410564805
32000 375.685476627271 152793.488986548 346.84632430445 4.44902564546601 -268.848903387593 -301.926320284318
32100 450.143337877007 154205.040390443 346.693975025093 4.45098070064364 -268.317419747234 -301.685752400889
32200 325.10739631987 136741.262453206 349.556031122076 4.41453745458968 -272.080225412118 -301.91385048012
32300 341.848386716397 159664.864610979 346.840496310898 4.44910040286329 -267.17679734983 -301.741179541857
32400 317.106056371577 159792.119886692 346.729408993286 4.45052583323268 -267.320472127206 -301.901323419244
32500 300.920463131687 132801.207265951 349.692545621224 4.41281408822935 -273.337289099819 -302.322605156072
32600 304.742685536856 158956.706617489 346.340149149597 4.45552788394622 -267.730606975323 -302.092045604731
32700 350.758876106284 153967.549128923 346.638125310132 4.45169783469578 -268.846087588968 -302.157662555051
32800 305.652427828191 132914.238194648 349.287737913818 4.41792832775271 -273.456957018981 -302.433361051587
32900 257.83900563531 167559.689542153 345.609602095532 4.46494594626331 -265.995361909871 -302.140092300009
33000 275.920990155404 157105.364907299 346.631287832251 4.45178564669241 -268.257759944095 -302.247545066503
33100 347.622999640286 122212.324600957 350.467945176402 4.40305087271081 -275.814165030154 -302.547488280201
33200 293.468070709136 167819.739507214 345.447687667397 4.46703870645639 -265.850903761953 -302.034770494309
33300 294.81501347893 161199.181517901 346.094173638153 4.45869450977665 -267.172245480425 -301.993688385488
33400 355.785488277422 118521.031869756 350.901516324078 4.39761049775844 -276.323189586699 -302.281134793979
33500 349.796164589983 163422.41256797 346.140365049236 4.45809951014127 -266.422630535263 -301.729036254922
33600 320.552728036063 173068.34520854 345.282591393745 4.46917461328481 -264.274434812294 -301.572127495861
33700 340.283126796339 119559.262836976 351.224240271979 4.39356973388613 -275.988797066907 -302.198213605843
33800 313.113836695022 159408.735380298 346.497594793727 4.45350332888965 -267.563011994579 -302.037830092575
33900 341.286515135627 178882.143338793 343.448087555233 4.49304639560107 -263.627954268942 -301.973748273216
34000 203.423133011294 112132.954934162 352.033764563223 4.38346643760356 -278.249505731368 -302.887606625415
34100 266.019725817061 157028.06246948 346.049036614096 4.45927608111498 -268.48811472771 -302.40410946296
34200 298.724862808126 183071.451817258 343.419005275779 4.49342688715474 -262.828120368882 -302.068625942066
34300 299.633075897481 113570.509431766 351.39999156855 4.39137230760318 -277.81217001074 -302.721208469835
34400 273.426747446946 150430.333399154 347.067089656883 4.44619567182728 -269.666278521644 -302.252836874584
34500 315.639221133849 183581.344456043 343.209366895791 4.49617155214374 -262.405552671258 -301.731330452069
34600 309.470483165971 114162.626355947 351.717978793688 4.38740208037899 -277.320436438264 -302.382000002386
34700 350.970427160607 146081.786664003 347.856312213295 4.43610806441229 -270.262529629534 -301.979054987676
34800 376.765734209952 190159.409983498 342.807701889047 4.50143967992169 -260.703967829974 -301.391189449452
34900 349.432368718459 118541.203867851 351.586146602486 4.38904719875334 -276.212134621103 -302.225151964397
35000 333.125212543289 141331.74041535 348.713922525448 4.42519811279835 -271.262320337317 -302.023191925176
35100 319.047924272057 194461.359508531 342.040379171071 4.51153806929423 -259.981484266149 -301.496034717002
35200 321.923291824215 120503.464514498 350.539017391956 4.40215814874801 -276.1790516645 -302.543915987025
35300 297.519504674238 133355.430617964 349.159722472919 4.41954811092452 -273.534239172688 -302.596171578278
35400 293.226098827152 190286.169831589 342.230175956995 4.50903602393038 -261.363104883016 -302.00885732268
35500 295.288454199527 123151.356623937 349.87270601731 4.41054179227623 -275.882754070837 -302.775732710656
35600 265.331558174235 136169.593659515 348.754831007034 4.4246790428976 -273.026144212978 -302.666950719015
35700 282.248303169349 195293.760187494 342.059128912413 4.51129077236599 -260.158560766864 -301.853101594147
35800 315.551354709211 127319.011757891 350.125971610801 4.4073514020304 -274.604152925443 -302.427362600693
35900 357.862825307368 133068.101358115 349.414714620984 4.41632286018628 -273.126378359069 -302.146871832293
36000 325.342079110915 191122.620170233 343.010195009544 4.49878229369591 -260.510723119023 -301.428192084101
36100 321.668100803243 133485.064747707 349.668815306191 4.41311356437337 -272.996050170887 -302.128648515328
36200 318.551045973133 131842.920237808 349.652443433371 4.41332020080728 -273.464868457196 -302.237727883446
36300 317.004627598852 180030.676087875 343.653384062488 4.49036227615185 -263.149483665242 -301.76454952887
36400 304.187636477314 132915.29489466 349.83488430119 4.41101862939879 -273.427342692919 -302.449367926301
36500 301.660872238435 147400.797851234 347.515457401678 4.44045914792931 -270.314207234733 -302.285750748599
36600 323.17470531189 164384.401514442 345.473805216072 4.46670100183425 -266.661483996441 -302.107332009666
36700 290.526210196642 136477.488769335 349.195671069992 4.41909313233388 -272.717779994306 -302.463159655507
36800 266.336903736669 152484.285526363 347.118303329567 4.44553968219019 -269.248945569534 -302.285309837973
36900 283.195716138902 163452.814191357 345.824046761117 4.4621772439441 -266.869977919355 -302.150681174051
37000 306.53058114677 138798.058523091 348.677320049372 4.42566264891453 -272.16129772331 -302.367542212533
37100 305.700619467962 149714.62603001 347.935752956017 4.43509521156105 -269.628426085857 -302.141118124643
37200 358.142231588088 164295.740252059 345.768367450184 4.4628957913232 -266.297224573318 -301.754160738575
37300 348.017661301829 131949.906600085 350.099427282365 4.40768556476827 -273.204166850005 -302.03718663943
37400 342.084158561125 151524.373689522 347.596922281232 4.43941845554551 -268.942224449436 -301.815884714126
37500 343.995705648917 160385.563760167 346.179096856907 4.45760072135139 -267.168686101251 -301.822876579879
37600 282.873997291484 135048.062732413 349.319954981726 4.41752087122205 -272.921240741568 -302.365551773503
37700 327.466392887499 153634.795054733 346.476749104813 4.45377127282878 -269.057933372414 -302.282040916089
37800 287.313966577442 153902.802017537 346.580370812331 4.4524396700519 -269.09819207785 -302.390210898682
37900 268.613212966015 137324.584346326 348.856121253614 4.42339433896384 -272.724534983945 -302.625436568648
38000 306.299419277162 158665.489429247 346.145310177945 4.45803582048486 -268.04939952653 -302.328591021988
38100 273.164389930044 154756.028001325 347.042250874042 4.44651389846533 -268.777162585967 -302.298363461093
38200 317.906258862015 138912.961045496 348.71277719835 4.4252126471075 -272.067034738087 -302.301359380235
38300 320.346935482645 155698.019826849 347.005221755117 4.44698838842002 -268.220328428077 -301.941972639466
38400 313.683786441779 152592.657772465 347.96841444641 4.43467891854815 -268.555108080563 -301.695916962261
38500 384.066628495583 144390.183375079 349.002513582001 4.42153890534531 -270.12835165316 -301.580901939891
38600 442.643056504115 159350.727892609 346.776332412013 4.44992361829553 -266.820224163124 -301.310220106632
38700 319.142309224731 145342.43779644 348.836827227122 4.42363899514948 -270.205966331456 -301.850916099703
38800 293.729053570685 148634.434210245 347.535698347095 4.44020052963005 -269.852731650764 -302.0937312483
38900 326.873163084319 155175.773209355 346.455938248794 4.45403880119954 -268.577256511197 -302.132590833433
39000 334.870084617933 138609.287219458 348.656518075234 4.42592669824443 -272.170172756359 -302.333535815814
39100 306.767108907744 146461.398410813 347.633536039325 4.438950883299 -270.531752140629 -302.3103319805
39200 320.093240222009 160073.580078023 346.147960622203 4.45800168544208 -267.607403499938 -302.191073459835
39300 302.481299140716 143974.324699673 348.070520777124 4.43337800748204 -271.134005502002 -302.412218718056
39400 275.976960819132 140294.667017443 348.584593675932 4.42683991163625 -271.969559646261 -302.493387387571
39500 324.001440390841 166195.873804508 345.036164378545 4.47236652611617 -266.418484469567 -302.209539221055
39600 276.021431912103 142405.992570727 348.242333041931 4.43119071247525 -271.450975199794 -302.403741697106
39700 296.35976217277 134867.940851565 349.304224847965 4.41771980438475 -273.016554758649 -302.420269977288
39800 386.472774021028 171534.685936175 344.70026676289 4.47672468129419 -264.900800631614 -301.805631030317
39900 308.362731583068 144424.276813673 348.647956765305 4.42603538016684 -270.595982995016 -302.023999208207
40000 338.293092113865 134215.170820783 349.626983187818 4.4136415839425 -272.727435020665 -302.015871888955
