# step temp[K] press[bars] vol[A^3] density[gcc] enthalpy[eV] etotal[eV]
0 252.296372645331 754556.192496977 296.191416473115 5.20990179337689 -150.311724676101 -289.805137208516
100 234.66691824179 754501.322104924 296.312698766099 5.20776935410461 -150.308649120748 -289.849032452734
200 333.263503657369 748209.527319393 296.557442289633 5.20347147571843 -151.369910908883 -289.860959628281
300 278.409892266137 748810.058742666 296.734022434803 5.20037499982049 -151.043538493758 -289.728271898818
400 300.926676266203 744684.162457787 297.18843560054 5.19242341562807 -151.551644717408 -289.683443091263
500 278.692300571381 754256.325820475 296.734255954545 5.20037090730268 -149.670736575987 -289.364265747927
600 326.463460348756 767447.947846102 295.654876610965 5.21935646573702 -147.287201747571 -288.906884925908
700 379.793868474276 761396.887512341 296.163455734962 5.21039365926049 -148.476978900362 -289.22173042524
800 282.917339900234 738682.285296203 297.336028031684 5.18984598698442 -152.739706615464 -289.826261490873
900 331.976120654079 722146.462328345 298.157843621112 5.17554116009462 -155.91836926577 -290.306579295336
1000 307.972784631687 738077.316293022 297.213263900076 5.19198965623865 -153.082082697569 -289.999811915329
1100 244.973135814094 771008.986687403 295.361006474057 5.22454947688452 -147.093291941576 -289.228687329372
1200 252.726961995193 779041.872149928 294.822875042361 5.23408569177138 -145.663015329308 -289.017611109252
1300 301.289102565153 753305.264832812 296.234851128362 5.20913790524082 -150.455870075926 -289.738447858062
1400 288.234115930834 718291.19632204 298.307510495089 5.17294448706657 -156.996172667029 -290.734033998391
1500 249.312447426266 721575.709114922 298.376563435338 5.17174731855419 -156.383603698153 -290.764104438319
1600 276.001556828254 751759.062970195 296.392839179211 5.20636124725364 -150.605349976149 -289.676172106195
1700 348.704167251416 786734.927041092 294.697657732807 5.2363096596622 -143.836120760619 -288.544859314455
1800 313.203298089007 778563.963961635 295.069446763276 5.22971188238314 -145.167506451665 -288.553979862043
1900 346.351341882945 735346.6456174 297.762149640669 5.18241889954222 -153.156843884138 -289.819938075129
2000 323.084793736496 705061.76526276 299.401118335967 5.15404952540802 -158.922920560662 -290.678866934611
2100 306.662071744885 726912.025941051 298.15763230681 5.17554482817401 -155.039910995678 -290.314875114756
2200 281.987309997237 783776.559948041 294.595571089693 5.23812420586696 -144.700800409536 -288.815449004499
2300 260.528963316579 812693.970726052 292.977051791895 5.26706164332018 -139.516638153516 -288.1274082855
2400 268.729361111853 766780.603281665 295.602935918995 5.22027356416037 -147.975003987161 -289.446681755371
2500 248.935331281677 697757.304115099 299.72314695154 5.14851191027837 -160.790827788808 -291.322023944663
2600 273.759061921058 687164.41638244 300.301304861236 5.1385996893326 -162.698588408987 -291.496115331805
2700 317.80122367251 756537.609155598 296.352371662595 5.20707218642749 -149.690176041458 -289.625891441859
2800 286.070410616848 821988.170546154 292.380262649683 5.27781245519651 -137.598714438491 -287.602860173506
2900 324.388191446399 800891.023679453 293.869573629869 5.25106486120846 -141.24700464498 -288.145616410082
3000 347.203906430426 717475.521659417 298.835963405874 5.16379680102382 -156.316617460741 -290.139257310485
3100 335.265063459676 682730.208661204 300.947890000744 5.12755943184153 -162.629447763636 -290.871383490665
3200 337.862181432866 735868.697090748 298.090545838812 5.17670960521017 -152.785739299827 -289.696686115909
3300 325.168291735297 810447.474304444 293.598437247274 5.25591418787584 -139.265988732022 -287.780282835564
3400 282.618915207626 804009.596585608 293.432704275918 5.25888276725659 -140.71646119223 -287.967847159946
3500 349.663372606554 741093.248052157 297.261594997272 5.19114550226471 -152.417409479457 -289.916967710209
3600 239.454853429483 702538.163291176 299.375390097159 5.15449246300879 -159.69021541627 -290.963290944114
3700 316.721250577682 721880.865853972 298.191490544839 5.17495716945713 -156.16681896728 -290.520762733647
3800 288.818319311136 768165.696148414 295.473142607729 5.22256668828539 -147.666257643499 -289.3312566523
3900 284.386689277278 784211.456568212 294.484070354055 5.24010752096314 -144.775259507513 -288.915297604744
4000 260.346606701068 761937.412075029 295.885764683766 5.21528365352544 -148.911702345857 -289.624310359387
4100 256.041371277018 732679.467617173 297.570349664477 5.18575924518711 -154.343227561578 -290.422920011707
4200 270.062637010799 725346.485593929 297.89743342353 5.18006541423338 -155.647563372452 -290.513388954845
4300 238.126151216498 755566.35906527 296.77199264278 5.1997096428286 -149.851957895998 -289.80591050587
4400 328.417794459804 777776.779192334 295.067156439945 5.22975247562056 -145.504824434222 -288.745211858018
4500 342.269618556359 770370.446869735 295.575149321893 5.22076431461291 -146.767344900234 -288.887991325079
4600 371.357200992202 730767.846932407 297.677506635887 5.18389249260154 -154.103207667809 -289.876732372805
4700 314.556839968561 713755.772965463 298.963569473201 5.16159274718737 -157.373204648849 -290.558889008754
4800 296.248774234062 742398.588466395 297.139077081596 5.19328594213264 -152.283121251598 -289.968096286237
4900 253.244931643994 788222.394635871 294.463590362399 5.24047197131224 -144.04246744245 -288.909650507815
5000 283.61993978837 778558.674723935 294.65657428877 5.23703974903957 -145.964826912937 -289.149695731672
5100 269.502249427828 735966.63302056 297.385464622662 5.18898324040188 -153.827055535744 -290.432341599792
5200 282.949937080194 708248.022816408 299.089624435142 5.15941733111089 -158.910136122087 -291.123806183463
5300 255.109888473765 732654.041130832 297.571612558007 5.18573723683173 -154.282778122513 -290.3583256458
5400 287.697692579707 774226.106341566 295.025048672896 5.23049889766153 -146.48726475641 -289.053389466919
5500 324.737038899094 784095.774564267 294.586345324596 5.23828825183935 -144.583489721413 -288.752317945611
5600 337.900900290676 745843.37726314 296.828028281604 5.19872803387063 -151.565652204342 -289.744697446804
5700 269.905064304355 719033.948637463 298.633390741402 5.16729957100602 -156.521243183895 -290.543647169838
5800 326.467437165344 731567.17231748 297.84998619165 5.18089059394216 -154.198382221557 -290.199173752968
5900 307.416195491466 770571.701854681 295.315630466 5.22535224238251 -146.995424932404 -289.028383194164
6000 301.076046086036 774022.025339054 295.129204427165 5.22865297204753 -146.341699270338 -288.920562802176
6100 330.602594101066 744605.321436282 297.048604300695 5.19486767325137 -151.819379037973 -289.871567100598
6200 331.041405616759 722317.842860681 298.081750911627 5.1768623444634 -156.061724474577 -290.447522365522
6300 298.495975636477 735010.696657386 297.311213854017 5.19027914172055 -153.81966029001 -290.213448626622
6400 292.293556615629 759027.89506345 295.995820176087 5.2133445362442 -149.439623728765 -289.667048320147
6500 323.464257695689 769163.296813304 295.332965471376 5.22504553260135 -147.587984879122 -289.369665848486
6600 273.053263659965 749573.895612455 296.549474396221 5.20361128613682 -151.192846488854 -289.932707399934
6700 226.87447629436 732766.947522559 297.654481028672 5.18429350209405 -154.254952517092 -290.389370591375
6800 330.466239804857 740266.664179327 296.962179834072 5.19637952795317 -152.736811929131 -289.944667775968
6900 296.300443850173 770015.05638206 295.693966378804 5.21866648401364 -147.015011378988 -289.127198265395
7000 389.354163452133 773428.779783762 295.219235224659 5.22705842893949 -146.213969769391 -288.727015534638
7100 363.523237989234 744523.672719691 297.090774356048 5.1941302964082 -151.494530379713 -289.55117673216
7200 291.293110804112 719825.988223933 298.874362033817 5.1631333693705 -156.133660444057 -290.41195812586
7300 375.81345576298 727455.85975379 297.920598953916 5.17966262582877 -154.9298431723 -290.198389084929
7400 284.544536591566 774828.563930004 295.104257438128 5.22909498243906 -146.502250545487 -289.217618047392
7500 232.085522746518 798718.743466265 293.801883463285 5.25227467460725 -142.257529377118 -288.723958754791
7600 274.828441080303 761935.119005931 295.752681493065 5.21763043390126 -149.050326144442 -289.699221300339
7700 256.377606475314 711541.894622347 298.928633775893 5.16219598094107 -158.361597366908 -291.118660295848
7800 273.018860102945 704339.372409472 299.24951520476 5.15666062419599 -159.617096198938 -291.171401066822
7900 310.831721254557 765531.558226533 295.611348298026 5.22012500788836 -148.055841541495 -289.301088923437
8000 297.873107928135 813932.948105697 293.138535984194 5.26416012376252 -138.96334842704 -287.882717046542
8100 310.013592961945 786644.95866008 294.562444391434 5.23871328897418 -143.86144545911 -288.487247854234
8200 356.678676014288 704372.903950269 299.596541651626 5.15068759925969 -159.104910547256 -290.818043311726
8300 290.577548327344 683077.693594878 301.088586368348 5.12516336297875 -163.140365940529 -291.507557160868
8400 303.669976722725 749261.349929546 296.590801768513 5.20288620774733 -150.897134964702 -289.598473119245
8500 321.569030483744 821132.734728046 292.414495584233 5.27719458224193 -137.902608598003 -287.768191093567
8600 281.702400077606 805853.111226165 293.188465511353 5.26326364570562 -141.049876379313 -288.516049493167
8700 225.464825162918 720084.297682503 298.018323702074 5.17796413555018 -157.024070924423 -290.965815369885
8800 281.04888127048 662946.852014676 301.76671097631 5.11364619004402 -167.738534216098 -292.603236129131
8900 235.090481171594 711516.809512284 298.656973529623 5.16689154660929 -158.541176300814 -291.172916277272
9000 232.548417228851 807482.952972995 293.140195211516 5.26413032764979 -140.640249020266 -288.38034536076
9100 336.304895132221 827375.275010612 292.073058802093 5.28336368371358 -136.799546817412 -287.628139890381
9200 296.265439594876 752881.49779696 296.363625384219 5.2068744599326 -150.340194336429 -289.604932130179
9300 256.788602979327 694751.766608228 300.082777117982 5.14234174545585 -161.058726576364 -291.183615770171
9400 358.388511318922 706032.29394911 299.286084549443 5.15603053910511 -158.89941676314 -290.786035260847
9500 311.286478998656 765469.508411574 295.64877205673 5.2194642349809 -147.875002815103 -289.126681521382
9600 352.151683192389 790140.225557927 294.181517248955 5.24549674737121 -143.419128242709 -288.499679851138
9700 233.403171191593 768596.769180155 295.56735674952 5.22090195898681 -147.604408556806 -289.394102434353
9800 242.58927542534 728117.04590562 297.772895671452 5.18223187636504 -155.346527568074 -290.67089485661
9900 269.276142649798 720282.231541586 298.0979262116 5.17658143911661 -156.931242169463 -290.945590469797
10000 244.452616328374 746626.899777827 296.516729907071 5.20418592350503 -152.053227693341 -290.232365124688
10100 234.36001772586 769808.026807964 295.302336942161 5.22558747026903 -147.685983024787 -289.571792305616
10200 314.785408327293 764871.322383057 295.515160811159 5.22182411092003 -148.472262375615 -289.549772770926
10300 292.178655851605 743644.372378386 296.900009653979 5.19746763789113 -152.271444885731 -290.07650028273
10400 241.949911233278 730934.799347833 297.917512107738 5.17971629444888 -154.555751261035 -290.469788781043
10500 286.074403697163 741284.664164084 297.080732442522 5.19430586823627 -152.573383200336 -290.024775714379
10600 278.596636433902 768833.525942269 295.543282728425 5.22132723714822 -147.429743638788 -289.251561727274
10700 321.802431755135 773491.837980122 295.208677479793 5.22724536771703 -146.515329278865 -289.034897211316
10800 309.038865854214 752846.269793126 296.547011661715 5.20365450057693 -150.286240453658 -289.630633251718
10900 346.134364759189 726827.399004156 298.056558277334 5.17729990839618 -155.054692417596 -290.268055619993
11000 311.403448289681 723266.28998566 298.387469285162 5.17155829486724 -155.702283547855 -290.402547774729
11100 318.065241446789 756058.361708395 296.357473386799 5.20698254790445 -149.626757685972 -289.476234824641
11200 289.555781380561 787250.654815154 294.59176354142 5.23819190772846 -143.957019875754 -288.708586729427
11300 302.970021321397 778043.601393417 294.987665131285 5.23116175443928 -145.772260681674 -289.023185498872
11400 295.927437534045 730297.647682385 297.888678102628 5.18021766283607 -154.722325811237 -290.504744845322
11500 261.82382627521 705013.300201221 299.313893058663 5.15555150513405 -159.517982370641 -291.226489854906
11600 265.17211487105 734436.997284825 297.530630419465 5.18645152497605 -154.080457247102 -290.468366322995
11700 317.231117237457 786030.635412465 294.274535906842 5.24383867299556 -144.525374139534 -288.896983911968
11800 246.952529055228 796938.476385143 293.927954180885 5.25002188433043 -142.439571330321 -288.642249981466
11900 298.019706313565 748130.528458044 296.810175997015 5.19904072251769 -151.224410431234 -289.818849820635
12000 367.604588573699 704998.157533905 299.293180649169 5.15590829206019 -158.981881903578 -290.678446495636
12100 374.920364924239 714048.446490045 298.860096422941 5.16337982332146 -157.14544404901 -290.339625569377
12200 262.054131631965 769612.450584989 295.81729981662 5.2164906948401 -146.849326806664 -288.946453457382
12300 331.990855015189 801044.59451024 293.693713378975 5.25420913547069 -141.180979128517 -288.019833364532
12400 329.785411584915 774108.223446789 295.24726079987 5.22656226406826 -146.317957078543 -288.969738911143
12500 275.709923011462 714927.308415915 298.599855021732 5.16787990990086 -157.466428921292 -290.708422324684
12600 307.872101260941 691144.611909031 300.004556694927 5.14368251224704 -162.010950136388 -291.426487630451
12700 298.653005042078 737334.993470811 297.240523045862 5.19151351253687 -153.407044639462 -290.199613447756
12800 265.983181069525 797136.907510181 293.807046274678 5.25218238102929 -142.361365427428 -288.540291577011
12900 295.884817089413 796057.329982452 293.838646079918 5.25161755423561 -142.533366282565 -288.530020236757
13000 293.156132066793 740171.06241279 297.065473916031 5.19457266953312 -152.794880364848 -290.032736140781
13100 306.469916975963 699159.450480415 299.590728765706 5.1507875367963 -160.360376048577 -291.096090430144
13200 341.831872435097 711356.316965319 298.798305985034 5.16444759209382 -157.988426756209 -290.653000516335
13300 354.326891798285 764651.534886261 295.706296314793 5.21844888356178 -147.95337222716 -289.081564628333
13400 288.924057629572 795373.188240414 294.270067456575 5.24391829996042 -142.125115537326 -288.210469901628
13500 343.076951356765 771808.78590947 295.514401547723 5.22183752732239 -146.30297504244 -288.659707573039
13600 341.058887441659 734832.500876792 297.738656445493 5.18282782050715 -153.133355614136 -289.690121690494
13700 406.905413355643 714087.793465927 298.739792726573 5.16545913680303 -157.173604073476 -290.321505948573
13800 296.130579242021 738457.124683846 297.428379965256 5.18823453244906 -153.007299389586 -290.094634192285
13900 303.655147961332 768741.217910327 295.322927739597 5.22522312668789 -147.612710661005 -289.311772622893
14000 250.6394120474 773602.444240854 295.143375201149 5.22840192775608 -146.790863386226 -289.299280191181
14100 303.360889013099 748024.586431721 296.459488925413 5.2051907579668 -151.523932168648 -289.935016463787
14200 266.568984368151 730628.164428342 297.572668081756 5.18571884243804 -154.709406937221 -290.409170517961
14300 263.801600206498 732707.352721035 297.538290992747 5.18631799193785 -154.236824439864 -290.30703488574
14400 296.331136213628 757564.741694587 296.218792412021 5.20942030483917 -149.474991523422 -289.537533296251
14500 352.835829047514 773756.026485011 295.247130112903 5.22656457753214 -146.282797390167 -288.869613653708
14600 368.046723499055 769639.782165817 295.628432390826 5.2198233417078 -146.850380006008 -288.861826502257
14700 339.66131069038 742755.570742066 297.153775854219 5.19302905517569 -151.769886701926 -289.527881768487
14800 330.830860316846 727976.719367871 298.172694691308 5.17528338221476 -154.565673389302 -290.045615884062
14900 340.541970906104 735832.152760009 297.436284315928 5.18809665544052 -153.398206888058 -290.001871588624
15000 275.73489263404 769046.952763513 295.327047215572 5.22515024077603 -147.640397837389 -289.39779206317
15100 267.99905200972 777716.83019088 294.717807269925 5.23595165884499 -146.135806952114 -289.195575255277
15200 238.405251115162 751291.70397479 296.320747015447 5.20762790796312 -151.010215285453 -289.960773447002
15300 342.900266316396 715919.743339129 298.344914102855 5.17229595318031 -157.51742491176 -290.830461478611
15400 266.577713570808 719458.179846525 298.294375999415 5.1731722621185 -156.718055663209 -290.667298343397
15500 335.897651309008 753833.968277399 296.246970078936 5.2089248084291 -150.141747675767 -289.527782263566
15600 372.494445467313 787043.289516235 294.370111075627 5.24213611982391 -143.863289342394 -288.467844805679
15700 289.858219661859 770136.607473922 295.541632877457 5.22135638502735 -146.892695195392 -288.954091372123
15800 330.260966510272 721835.375512335 298.478790506613 5.16997602826969 -155.838672688002 -290.313588421574
15900 303.98253292216 706051.556498215 299.408829983069 5.15391677644704 -158.840056784667 -290.784365316752
16000 299.828438740184 746976.725505451 296.725182200318 5.2005299328601 -151.444693514649 -289.785759542644
16100 253.273041814915 802622.831697203 293.596033604202 5.25595721755021 -141.498793813658 -288.578020020304
16200 229.962834682305 793487.126979905 293.972715111101 5.24922250448627 -143.310594154903 -288.902272177886
16300 265.275354604317 725131.372793336 297.648295644397 5.18440123611429 -155.935447484777 -290.648518878733
16400 267.837653462613 684892.523441459 300.504932997842 5.13511767168629 -163.398392742335 -291.857137373465
16500 268.206810440718 712929.678003737 298.629083198185 5.16737410616508 -157.997933497302 -290.880631581461
16600 289.552806788764 784160.9336509 294.537379689942 5.23915909583552 -144.64025849622 -288.797101798287
16700 307.93383577526 812330.50483279 293.189287532832 5.26324888897354 -139.342045367776 -287.993958532843
16800 301.904433643003 768839.476534037 295.657947635541 5.21930225183171 -147.285017585496 -289.16295780821
16900 317.440854024707 713668.786958852 299.048532652556 5.16012627842911 -157.499675363917 -290.706974022944
17000 296.255805735036 710194.760955899 299.015182017364 5.16070181271435 -158.206419771177 -290.75050321954
17100 325.02100392435 749098.51279736 296.627387356476 5.20224449137478 -151.041079509971 -289.729379284498
17200 293.968518484543 791832.680075082 294.127341274352 5.24646292718073 -143.231697472311 -288.596231857024
17300 283.510212388341 784454.407894253 294.73226286118 5.23569485364736 -144.629284141208 -288.935496815092
17400 296.338976007871 742847.826366183 297.1092125501 5.19380795573921 -152.306405385814 -290.060849254021
17500 265.045024712943 717541.996685 298.306401780944 5.17296371332751 -156.992054198799 -290.589926317018
17600 325.88608613449 725505.116458148 298.010504076401 5.17810000237612 -155.503398252102 -290.44991972817
17700 320.931569425652 756413.538810794 296.159321978122 5.21046638531984 -149.704637899163 -289.526262289034
17800 299.485865416714 774857.878108864 295.104377351818 5.2290928576313 -146.292691205698 -289.013516068294
17900 282.421717938679 757831.448103867 296.079027740051 5.21187942166894 -149.406548173647 -289.452291164777
18000 297.166424980883 732645.997844851 297.550208860659 5.18611026278513 -154.113013168176 -290.177279295947
18100 326.932125295077 721650.895627898 298.270227655065 5.17359108885207 -156.25802974079 -290.604636950679
18200 229.602521154748 748723.813923116 296.826977428035 5.19874643887532 -151.424505994261 -290.136705689606
18300 256.956133724334 776977.898477319 294.709406732159 5.23610090691325 -146.37878783262 -289.298556974315
18400 263.211012607521 771701.869605472 295.030902539142 5.23039511652984 -147.38481879656 -289.488949696523
18500 255.714610188146 738035.13223375 297.127376960249 5.19349044054115 -153.552873920618 -290.423214326388
18600 322.224869601213 714150.01794638 298.317570619765 5.1727700405317 -157.842143610392 -290.813447590838
18700 272.695313549156 736368.248666265 297.419912875895 5.18838223353938 -153.435905572029 -290.131569478531
18800 355.717427001849 763697.12458744 295.771171613628 5.21730425398572 -148.218444348859 -289.201409270131
18900 318.786946697763 770590.464899509 295.339030006862 5.22493824074071 -146.908677605597 -288.956348655545
19000 291.780006712706 752746.89663275 296.799884494853 5.19922099866209 -150.194753400157 -289.639559870891
19100 326.597628963493 731124.584581609 297.693493092682 5.18361411206825 -154.251888802304 -290.098988962639
19200 330.087637771474 737554.470620579 297.263043189827 5.19112021227848 -153.170195832401 -290.013849733788
19300 311.70040377174 753725.393095216 296.154363852894 5.21055361734471 -150.312217976266 -289.634611178193
19400 291.097245274594 760291.261575764 295.948391478229 5.21418002699176 -149.270897112145 -289.70921705898
19500 264.792173484581 750671.287437106 296.612062603688 5.20251327043276 -151.21299516337 -290.185298716747
19600 217.870925332364 743132.967363526 296.689420060532 5.20115679066441 -152.766087530301 -290.378697074222
19700 236.660026570143 746544.702877245 296.441985385938 5.20549810060515 -152.237397580691 -290.366495030495
19800 217.838697687182 754336.869415187 296.139958710639 5.21080707441418 -150.859832319121 -290.28847164976
19900 224.338513277478 756709.802323566 295.796602221802 5.21685570515448 -150.404100363978 -290.109175550915
20000 241.174031255232 751712.191769828 296.266697683711 5.20857796009707 -151.142804538489 -290.145772478807
20100 301.034171486957 741350.566450374 296.934066881522 5.19687150778101 -152.797191090884 -290.192939113046
20200 277.102036985767 745183.195230832 296.876826676568 5.1978735057933 -151.901563317469 -289.980996072121
20300 328.327833640266 754141.69138364 296.327815871135 5.20750368077895 -150.089922150102 -289.570909585056
20400 316.611654003083 759998.439257542 296.06732901498 5.21208536247524 -148.873062781454 -289.313712089775
20500 373.131410632379 753324.536980915 296.308176520058 5.20784883491617 -150.057527184742 -289.378145032172
20600 304.842396508804 735695.861782614 297.406815540655 5.18861072185206 -153.356738463536 -289.921569778441
20700 308.63045041717 733785.598209984 297.779118636164 5.18212357848894 -153.827695447236 -290.208442950947
20800 265.694496084642 755720.828673459 296.170973730602 5.21026139877487 -149.954186236278 -289.653260399902
20900 293.177395558251 775527.53475789 294.838285532179 5.23381211866973 -146.48588986535 -289.201257823258
21000 271.734063677835 758239.310419427 295.969319350515 5.21381133440593 -149.773027802453 -289.84222280665
21100 254.08909136112 723025.335231355 298.081332401899 5.17686961283956 -156.312818477165 -290.830055052593
21200 222.509018464885 716517.363765993 298.700465894366 5.16613921992288 -157.458651086634 -291.041980000961
21300 298.750479759222 760326.938915108 296.040170956152 5.21256350745279 -149.074284679786 -289.562749576753
21400 339.534684608667 797104.759279522 293.913397827976 5.250281896878 -141.93159070831 -288.157532871795
21500 338.181056642687 768112.329703226 295.740498908577 5.21784536632959 -147.186728954923 -288.970061567942
21600 331.638154841696 707919.582395738 299.35183511435 5.15489805257636 -158.393178286645 -290.661393494862
21700 349.193976396907 697319.375266049 299.843967578038 5.14643734316417 -160.482973016589 -290.984829802537
21800 340.393199178599 756334.054801751 296.320139183588 5.20763859020078 -149.713328445776 -289.596176801212
21900 289.419142980842 813244.885147664 292.803159005356 5.27018969709236 -139.440611296113 -288.06385687248
22000 264.58156709521 784772.918702096 294.588206975656 5.23825514846098 -144.711621770217 -289.005865883462
22100 285.250878729581 713582.513266971 298.7099736723 5.16597478448782 -157.931156136656 -290.971563202289
22200 281.416461039246 690627.700946487 300.207139797592 5.14021149832259 -162.203079811875 -291.609151344026
22300 286.782791559765 735948.800224749 297.326344932445 5.19001500595829 -153.62365956214 -290.198479395188
22400 306.346283603771 794140.89660587 294.219281363061 5.24482346879888 -142.567770264816 -288.401618096435
22500 365.827849081771 793512.042734878 294.285227027943 5.24364816899083 -142.406950826925 -288.157978660401
22600 308.754964155518 743606.902118057 297.381356251433 5.18905492703927 -151.544055404709 -289.565571180152
22700 306.667319703736 715672.470511559 299.088743364209 5.15943252998663 -156.806150741749 -290.405401427089
22800 361.325761727821 726379.387475204 298.103560109026 5.17648360623989 -154.962222222213 -290.113550054179
22900 364.258634282166 760820.824190312 295.964503858306 5.21389616575405 -148.699541014728 -289.243331138072
23000 314.008240542277 775277.28179774 295.184372276616 5.22767577417703 -146.159143436115 -288.995926879005
23100 275.251597577281 758191.507178365 295.997447495446 5.21331587458998 -149.391464029132 -289.465139331148
23200 349.313940991737 727158.606598008 297.965322860853 5.17888517042887 -155.215185677714 -290.448756377337
23300 284.797993060125 722302.043948406 298.21909420295 5.17447816676675 -156.137110530006 -290.581886924637
23400 329.863354936628 749067.454300303 296.53788680813 5.20381462374344 -151.178954126311 -289.819659426231
23500 321.321877307037 776531.740930534 295.053889159247 5.22998763467666 -146.099748337557 -289.104411192839
23600 310.735071614879 767612.132281005 295.513940333378 5.22184567714563 -147.708742870791 -289.29120014567
23700 300.264046721696 731874.934413806 297.692329365292 5.18363437565293 -154.195684853117 -290.181672682621
23800 311.289402255161 723083.281436656 298.531614306029 5.1690612247326 -155.566113582702 -290.297349052068
23900 328.920248560147 744257.713072616 297.156850215118 5.19297532851428 -151.478015490577 -289.516039244493
24000 314.207860518696 782805.092424313 295.237820092086 5.22672939186724 -144.304759428823 -288.554577750548
24100 345.685843070879 786961.974973986 294.567648220699 5.23862074191515 -143.676385523223 -288.363027854578
24200 319.585975669009 751087.706926842 296.586795370257 5.20295649015558 -150.55677810148 -289.594328608198
24300 318.600152586619 710832.427121765 298.974065698704 5.16141153668236 -158.226174678491 -290.871024211031
24400 314.398863074676 713138.863052642 298.535897955051 5.16898705461031 -157.915419609319 -290.795630277784
24500 298.422675435251 758081.614082923 295.926726542511 5.2145617595795 -149.647000764761 -289.666911497207
24600 267.741798609836 789761.46893731 294.230494756267 5.2446235837805 -143.792944639537 -288.828093853659
24700 270.324952383783 764053.192531169 295.574219071239 5.22078074574629 -148.47950339739 -289.434276926578
24800 281.288950595641 713255.927205904 298.699528590249 5.16615543100826 -157.76508554919 -290.739953936414
24900 285.907026420556 701269.071897776 299.658537812612 5.14962197683517 -159.84266334629 -291.002535369189
25000 343.792826573176 748766.532731566 296.822028123586 5.19883312441899 -150.712216020308 -289.430016984464
25100 352.543656821218 805197.350244142 293.844306974319 5.25151638211247 -139.996999173503 -287.672774819974
25200 380.0887839216 803023.370065427 294.007317047969 5.24860471963815 -140.27143440446 -287.630197037512
25300 337.787904934406 742818.103765681 297.546884058068 5.18616821262014 -151.520259324198 -289.472109321624
25400 340.967621589938 696411.293896476 300.195953464507 5.1404030402714 -160.429598876655 -290.914506360134
25500 325.433584663381 714180.545852927 298.882283494965 5.16299652766845 -157.288715739485 -290.517428289072
25600 369.946247572331 775178.140318041 295.167599888073 5.22797282781468 -146.086838703046 -288.897241404232
25700 327.513348782515 808789.412285303 293.090057445878 5.26503084176125 -140.039328363267 -287.993149498652
25800 289.345300397293 767285.990603436 295.572003323791 5.22081988318652 -147.792527451556 -289.342635922712
25900 275.580318398333 705630.033938558 299.375584629611 5.15448911365063 -159.310581270731 -291.161475315531
26000 311.539728534501 701789.855633394 299.426930335618 5.15360522227069 -160.06327318716 -291.219099160755
26100 281.715701449508 758051.062608026 296.093842990148 5.2116186418556 -149.584776259075 -289.678113235605
26200 318.747452349498 796338.044095961 293.860417072026 5.25122848201736 -142.426664270466 -288.485622049687
26300 315.801353053702 779500.914978334 295.037538480995 5.23027747523566 -145.309055376418 -288.852560850934
26400 285.532970609402 740107.827230978 297.369009013812 5.18927038491239 -152.370215278121 -289.736561087738
26500 347.879270751734 723224.327527191 298.473803856389 5.17006240389726 -155.446123755776 -290.177544469112
26600 379.145982876631 734038.473071109 297.449488417334 5.18786635027271 -153.486052812293 -289.762779061644
26700 374.561436048102 749158.672898487 296.668437593777 5.20152465284864 -150.894737258816 -289.613369693271
26800 323.808059457958 763364.258314897 295.787838405932 5.21701027392603 -148.525931592205 -289.455388417537
26900 281.599863331805 754465.067592278 296.224437701674 5.20932102644481 -150.327392598181 -289.81950873712
27000 267.542609836664 743036.878381636 296.916610020846 5.19717705169064 -152.503780097312 -290.203959228355
27100 232.634619029344 747326.390293289 296.850828437061 5.19832873632455 -151.699182690796 -290.16361408861
27200 257.822065655891 756280.619520908 296.321052236462 5.20762254392482 -149.990997334908 -289.864393906683
27300 280.609956007006 764166.69556113 295.70439345923 5.21848246424137 -148.428152408959 -289.465952684177
27400 313.643081677156 755953.364490978 296.357374152237 5.20698429145018 -149.788196984918 -289.618205777391
27500 321.564851754645 740804.889430496 297.314880563717 5.19021513131233 -152.441411108238 -289.912106267008
27600 338.994654317837 740697.45993362 297.243599431648 5.19145978186477 -152.366372447321 -289.784178213756
27700 364.388029721995 755518.367571966 296.320561338243 5.20763117111092 -149.602868051879 -289.335055348521
27800 302.436663238292 762194.104222683 295.957632732143 5.2140172146286 -148.506672746228 -289.30087536257
27900 334.559305342361 745606.532790131 296.791350236481 5.1993705026665 -151.731404151965 -289.849501385275
28000 254.81136887453 730160.926502096 297.704938226113 5.18341483033809 -154.851535845851 -290.524798760036
28100 265.964851402619 737115.628143421 297.164259868153 5.19284584408226 -153.745975586331 -290.462760581298
28200 295.025779198133 756935.490267644 295.803944804607 5.21672620994095 -150.084650895623 -289.834861926542
28300 301.70383209298 766869.737672336 295.395851882689 5.22393317993831 -148.186143744244 -289.575147666579
28400 262.107429438839 755885.478280217 296.110841370129 5.21131946647391 -150.127541384163 -289.828682271586
28500 293.694630215124 733521.679512268 297.42459800039 5.18830050453357 -154.149183023563 -290.318569263785
28600 331.66799164572 734225.232237513 297.446262428321 5.18792261589768 -153.887762566409 -290.197682921385
28700 315.315218702795 751281.060413735 296.423594950098 5.20582105525676 -150.634328500858 -289.631144860205
28800 301.687961580967 766402.597956788 295.728150510784 5.2180632422068 -147.767998025638 -289.22983000259
28900 329.329258523232 755096.201000482 296.415233547865 5.20596790318786 -149.833172914927 -289.531899472621
29000 283.836871586801 743067.005396678 297.037313495879 5.19506513745631 -152.06930730463 -289.831050177813
29100 354.988052422312 732542.562503792 297.693908562201 5.18360687767884 -154.081609035951 -290.19236750727
29200 224.825323706455 744160.064815143 296.806240939897 5.19910965139915 -152.180157450483 -290.037223445005
29300 283.251103691255 761596.595449659 295.719620845692 5.21821375075863 -149.27361172598 -289.844301936293
29400 256.391042406257 772810.173004108 294.977526146426 5.23134156023845 -147.304340956629 -289.58681296489
29500 217.848890817465 761256.608122221 295.811499567151 5.21659297939437 -149.387006975417 -289.938599639545
29600 273.513491439501 731556.915216711 297.611842141472 5.18503625649608 -154.718446935172 -290.608594599289
29700 261.144265757528 723362.245205891 298.001333214544 5.17825935615917 -156.053866926047 -290.597666231817
29800 274.212559442066 742572.760815599 297.158707728858 5.19294286766837 -152.290459784528 -290.016835123708
29900 302.45446324601 771943.421012006 295.538976956822 5.2214033077998 -146.75415273612 -289.147558777488
30000 323.728377794736 777515.494990308 295.050941441104 5.23003988507574 -145.676018696363 -288.860417407701
30100 380.381451980251 743774.949695771 296.923495735134 5.19705652813223 -151.878955895602 -289.719111523831
30200 269.689288271716 720482.959572662 298.535023865668 5.16900218903791 -156.239003110609 -290.487256989524
30300 292.176073279634 728781.445981586 297.876673710898 5.18042642494321 -154.794768798019 -290.289823800519
30400 255.793266532962 766659.277526392 295.640927770039 5.21960272383675 -147.956779977587 -289.424252563417
30500 224.896454846839 793880.594456587 294.089548843913 5.24713713197992 -143.20534698306 -288.927111008232
30600 244.58378579674 773096.565380367 294.891429347327 5.23286890799598 -147.188841099762 -289.482496754133
30700 236.350010106389 723712.17104316 298.009361532813 5.17811985478924 -156.372059358235 -290.984570542925
30800 258.48288159093 699935.199707625 299.268387580795 5.15633543636317 -160.732475198616 -291.472427149941
30900 233.132572552569 728704.833757057 297.826928513061 5.18129169706173 -155.280277677581 -290.738463732916
31000 281.09014491361 785636.051373177 294.425697603665 5.24114642310662 -144.656455877557 -289.029714684022
31100 284.529634376827 801998.043784301 293.465410942001 5.25829666573925 -141.551480464661 -288.450829877064
31200 313.113467855206 760336.35940996 295.88321243945 5.21532863978185 -149.112715861822 -289.528434452586
31300 320.22466283647 703101.060259596 299.458500701428 5.15306190424255 -159.732311113194 -291.147039357506
31400 238.745251730535 701513.088286 299.604587877275 5.15054927162271 -159.879287287761 -291.06117624097
31500 259.237539138188 753750.015666081 296.698200275478 5.20100287239141 -150.025025843773 -289.607820314756
31600 335.413178595991 802073.861838225 293.733458138695 5.25349819405827 -141.02373130873 -288.07115655832
31700 363.067846187702 787785.893556435 294.409988548336 5.24142607890076 -143.556279377599 -288.316882157936
31800 387.49171865715 730007.830201202 297.878778369449 5.18038982270913 -154.289635556527 -290.013658883836
31900 289.433631289128 703347.867376639 299.472832158399 5.1528153012889 -159.554978027352 -291.022127767628
32000 285.608955451754 732026.264947044 297.635411068168 5.1846256677862 -154.481732091542 -290.469832204238
32100 272.382396546964 779863.595821242 294.794812057007 5.23458395043842 -145.743083955811 -289.235228647875
32200 273.530774121198 784689.49338316 294.355629638734 5.24239401760388 -144.872305763901 -289.037302501588
32300 276.426103523283 746225.931142765 296.645449110902 5.20192774401611 -151.927532360404 -290.092413996133
32400 254.523944537506 718126.706757168 298.418706351338 5.17101696047616 -157.025371369456 -290.782446714663
32500 262.379249854155 733083.807516333 297.745494900301 5.1827087841676 -154.085703639363 -290.320632233277
32600 280.061351838281 770627.528835799 295.579906395396 5.22068029144676 -146.94924241551 -289.119604319458
32700 322.77509915283 781297.507267491 294.744747956989 5.23547307479522 -144.90582279208 -288.637388483488
32800 339.819712457375 750828.601285508 296.61246342651 5.20250624009417 -150.518578257997 -289.520193272557
32900 297.993428945081 717862.050028387 298.750629992909 5.16527175826457 -156.678066349563 -290.534566987278
33000 345.082807559517 727527.581051769 298.001093606006 5.1782635197518 -154.942023503894 -290.260457385529
33100 288.58472263471 763342.123071936 295.842066494091 5.21605399175692 -148.354156177512 -289.305362946297
33200 302.213074432706 780181.55518026 294.911532437697 5.23251220157733 -145.348594626962 -288.956079830893
33300 285.173994728932 756478.253549921 296.110973867463 5.21131713462539 -149.786125049182 -289.596883956346
33400 270.99633898052 725395.689061178 298.153326432406 5.17561957242144 -155.616747167294 -290.607578497873
33500 278.134053112791 731190.071479885 297.667957059852 5.18405879862926 -154.557343078503 -290.404957120941
33600 297.004026962896 764194.811621029 295.681788519927 5.21888141840067 -148.453180236551 -289.485387785316
33700 291.587843029879 782551.631058162 294.495406375474 5.23990581333101 -145.063125922239 -288.903620773001
33800 263.335531308374 759995.173372332 296.185609747339 5.21000393362285 -149.111237529304 -289.607390000845
33900 267.192245880105 725593.530974767 298.149395588225 5.17568780852851 -155.350885152175 -290.376753215309
34000 279.592684327459 723947.176868386 298.445162861971 5.17055856113777 -155.52479926549 -290.377940042396
34100 305.311656534254 762268.898638108 296.03076544042 5.2127291214828 -148.317087739562 -289.159900959744
34200 289.759799627561 797652.789039662 294.098899151775 5.24697030936442 -141.806717819585 -288.2255469323
34300 345.919898515971 772984.927082135 295.357288177721 5.22461524950621 -146.442134798644 -288.94000058636
34400 323.087305533531 719570.656521177 298.548948780064 5.16876109653603 -156.555176220573 -290.639693798616
34500 284.902560242885 702394.631799954 299.394052291642 5.15417116691064 -159.989180872016 -291.243618271693
34600 232.122705422736 745469.724248545 296.78839168313 5.19942233291139 -152.085146807206 -290.17652469734
34700 259.295789261817 798952.950000968 293.529744833281 5.25714418735514 -142.265426531568 -288.639097314769
34800 240.428009591069 798489.180066824 293.678457953749 5.25448207069089 -142.314283412302 -288.677103672603
34900 266.699769672371 733854.701273453 297.557025995657 5.18599144719454 -154.135188243008 -290.42705273101
35000 321.069653934355 686793.759762066 300.275051092375 5.13904896944436 -162.794812529738 -291.511612022477
35100 352.451043558501 711220.66505555 298.740420158189 5.16544828801206 -158.142130832249 -290.75571011261
35200 317.202467820125 777151.411124813 295.000285917914 5.23093795338051 -145.883595102465 -288.976374508062
35300 298.042477588517 806308.117399496 293.431468072431 5.25890492251231 -140.515679385968 -288.187408816061
35400 323.850188320976 765495.951536917 295.630932347376 5.21977920109149 -148.013089870657 -289.261124566585
35500 275.687926821579 709653.775176101 299.166277741745 5.15809536928565 -158.391628034641 -290.90167196851
35600 297.047508055294 705139.575760506 299.348190664742 5.15496081148646 -159.266569181287 -291.013761934402
35700 281.145410100255 763246.690385516 295.973698060705 5.21373419995455 -148.508507381672 -289.50479929208
35800 304.339157787708 808677.860791981 293.070567955996 5.26538097164987 -140.26311120506 -288.186688885638
35900 285.371543565738 777001.592980603 294.773294478587 5.23496605958046 -146.26892942945 -289.224040416288
36000 299.533645610883 703198.350763128 299.058355792234 5.15995678428121 -160.140952663579 -291.398240843148
36100 242.916816441029 677569.121443119 300.757687584388 5.13080215591544 -165.0156719652 -292.207727362229
36200 229.249924754402 735305.030106446 297.388906598257 5.18892318317284 -154.202037597612 -290.686100944912
36300 245.528753074647 820051.046597011 292.562531181329 5.27452434060907 -138.424371311541 -288.168303949624
36400 269.394285185837 832481.500646394 291.923971778816 5.28606192380567 -135.917679624321 -287.599661042152
36500 258.960253755408 753817.271285415 296.490666661235 5.20464340157214 -150.221458655376 -289.719064134027
36600 304.555548566709 680668.343235816 300.912866158275 5.12815623860518 -163.791585405453 -291.63134717096
36700 336.120576182917 689720.47088725 300.076123499966 5.1424557671157 -162.058740858541 -291.238419378615
36800 386.932668423009 759273.02945794 296.062679685523 5.21216721237957 -149.09331440622 -289.397711402596
36900 302.191282596196 800129.627157351 293.743106357118 5.25332563886645 -141.571237646344 -288.267036872935
37000 313.252409118817 767369.53142682 295.450997170131 5.22295814414711 -147.670474571357 -289.178038349774
37100 242.659510935052 725574.019549248 298.170376880877 5.17532361198518 -155.513305606251 -290.545044533874
37200 228.663243081035 719888.946693392 298.430764980474 5.17080801628172 -156.750932445182 -290.841657819506
37300 253.79216985531 750331.377544528 296.402384484017 5.2061935822562 -151.260656727004 -290.071836055483
37400 215.695422904623 783430.825755462 294.523488877349 5.23940619387658 -145.249078215624 -289.264909240209
37500 264.499547366444 776470.778970342 294.778434791202 5.23487477284135 -146.526331280348 -289.386272670065
37600 242.51790716041 741239.846902712 297.036265144785 5.19508347276704 -152.913976067643 -290.336485822638
37700 262.250076356109 715327.344670816 298.655966608347 5.16690896683058 -157.437133285813 -290.778734266756
37800 308.801868960442 730068.335676166 297.863717496612 5.18065175858041 -154.487742358043 -290.216152112566
37900 323.727483642582 769180.321714182 295.528045776847 5.22159644039787 -147.183915309177 -289.062389576025
38000 324.613067526068 778562.410777182 295.190663450661 5.2275643607002 -145.457639627262 -288.902731085702
38100 326.940401684454 750923.229458183 296.468519423473 5.2050322066807 -150.62634239546 -289.578010977642
38200 310.432672904037 729619.459424682 297.751977448521 5.18259594810891 -154.717611906095 -290.311684611955
38300 290.14811423201 731169.241657454 297.626466984659 5.18478147289791 -154.533131788666 -290.357941453744
38400 295.974250370511 748235.495459792 296.633754445634 5.20213282790425 -151.493923289948 -290.025417309319
38500 225.057210968835 770131.276497741 295.261535739922 5.22630957669125 -147.567770249522 -289.493546479588
38600 262.597953657342 765997.937071554 295.675808958326 5.21898696177615 -148.389477597564 -289.751593259628
38700 228.428274704353 752785.280925736 296.472385914696 5.20496432443501 -150.828200358814 -290.126241690414
38800 273.493446871078 733472.63860755 297.279497424214 5.1908328870191 -154.271680768646 -290.365536457869
38900 338.348430879572 726486.365045324 297.973567903651 5.17874186869182 -155.333273562942 -290.445562518566
39000 330.411807487697 749517.738322858 296.565591307757 5.20332849492563 -150.85545995679 -289.59246631119
39100 309.688939759222 777822.390065283 295.180075721602 5.22775186669956 -145.514832276341 -288.818439586414
39200 338.49949582661 771826.226515052 295.741099159006 5.21783477593844 -146.528827598465 -288.997985390575
39300 279.34507812534 734593.206176196 297.691046359153 5.18365671638104 -153.500746186009 -289.991214118173
39400 371.601376419987 709250.255574858 299.086641628101 5.15946878625533 -158.270000962229 -290.66944447782
39500 295.453291886617 736666.57728694 297.39942980494 5.18873957787422 -153.408055961407 -290.149682143973
39600 263.343729059636 782345.181519576 294.685586296085 5.23652415872036 -145.14509527681 -289.040507862135
39700 238.474935482835 798705.934163167 293.829841658713 5.25177491555975 -142.16828170976 -288.646299685332
39800 304.465562567924 754992.740935759 295.972817080256 5.21374971894019 -150.190351720098 -289.66145768745
39900 266.422114765417 702694.754124306 299.408763571421 5.15391791963371 -159.942699953926 -291.259672522481
40000 292.859856566697 698839.538584551 299.812571044998 5.14697628083954 -160.55492065446 -291.327578230535
